 0.00000000000000E+00
 0.00000000000000E+00
 0.64243100920189E-27
 0.48182325690142E-27
-0.22334984618981E-26
-0.13160829646454E-25
-0.12384079950949E-24
-0.35228755094507E-23
-0.78695997418794E-22
-0.22097836075197E-21
 0.67306540337820E-21
-0.18887039380511E-20
 0.13631205971845E-06
-0.60331161000421E-06
-0.61479125783214E-06
 0.25676697023289E-06
-0.52241130193820E-05
-0.47289449545041E-05
-0.18093155580644E-05
-0.14677349521803E-05
 0.73320124475909E-06
-0.30487857294835E-06
-0.14151375969994E-05
-0.25612428738043E-05
 0.47197949549482E-05
-0.12301217565088E-05
 0.41130512101898E-08
-0.22948742358911E-05
 0.10239285943052E-05
 0.22371771034534E-05
-0.18414742327816E-05
 0.12183853906112E-06
 0.24561370023402E-05
 0.20753744621559E-06
-0.17584570121266E-05
-0.72263420944185E-06
-0.47386573177741E-06
 0.21185603174128E-05
 0.31814761384870E-06
-0.28424235650497E-06
 0.37052539981255E-06
 0.55679526760630E-06
 0.80652827658796E-06
-0.38734216295542E-06
 0.12982166787914E-05
 0.86001098927039E-06
 0.23141829935109E-05
-0.13605534403358E-05
 0.64099242283974E-06
-0.96394680114861E-06
 0.46654257890029E-06
 0.49535130732871E-06
 0.22742825888010E-06
 0.67182866862000E-08
 0.81863137879544E-06
-0.28025926776061E-06
 0.42174613346079E-06
 0.26790034709761E-05
 0.23083664195352E-05
 0.18948469239570E-05
 0.19492254961473E-05
 0.28435983280400E-05
 0.21801606354539E-05
 0.25682902613370E-05
 0.33959344708764E-05
 0.40136399938015E-05
 0.57168228678931E-05
 0.74311289350150E-05
 0.91865578292649E-05
 0.10565320574435E-04
 0.11377436879835E-04
 0.12701411915149E-04
 0.13567669675408E-04
 0.17626069777118E-04
 0.17964872711598E-04
 0.21757485928370E-04
 0.24793670093898E-04
 0.27972236743292E-04
 0.34186023594256E-04
 0.35295424004330E-04
 0.39958541404110E-04
 0.48955363150696E-04
 0.52518161315644E-04
 0.55997452494065E-04
 0.64129738573999E-04
 0.72729785544361E-04
 0.78939138834963E-04
 0.89016196949148E-04
 0.99072372396277E-04
 0.10902890069122E-03
 0.11827456288141E-03
 0.12860548978091E-03
 0.14458339227889E-03
 0.16270321653485E-03
 0.17437614294157E-03
 0.19215836080392E-03
 0.20966109428734E-03
 0.22808512912098E-03
 0.24460610749469E-03
 0.26991473190632E-03
 0.28972545632444E-03
 0.31908388084335E-03
 0.33745972916559E-03
 0.36847193874752E-03
 0.40503442211229E-03
 0.42951225551899E-03
 0.45887050330357E-03
 0.50361579117508E-03
 0.54111099400418E-03
 0.58349887598215E-03
 0.62258149365824E-03
 0.67529302591245E-03
 0.71698674347834E-03
 0.76861168303749E-03
 0.82776775029309E-03
 0.88609813941515E-03
 0.95275144585205E-03
 0.10090382010583E-02
 0.10814141136701E-02
 0.11491408085516E-02
 0.12284156333898E-02
 0.13075097173887E-02
 0.14018441341343E-02
 0.14972310159808E-02
 0.15809392178214E-02
 0.16806450718890E-02
 0.18080703195761E-02
 0.19037747634261E-02
 0.20345303814322E-02
 0.21759285575316E-02
 0.22841546606166E-02
 0.24402894381617E-02
 0.25699861115385E-02
 0.27377865188559E-02
 0.29016235473483E-02
 0.30572754233177E-02
 0.32520842702198E-02
 0.34407217911208E-02
 0.36330021946401E-02
 0.38703721275459E-02
 0.41038264053795E-02
 0.43232117672080E-02
 0.45682783383624E-02
 0.48364113581729E-02
 0.51164192146448E-02
 0.54050432145034E-02
 0.56985128914132E-02
 0.60266877826243E-02
 0.63714832056548E-02
 0.67125563931008E-02
 0.71041277312789E-02
 0.74754610513817E-02
 0.79092069890090E-02
 0.83353681777895E-02
 0.87725202089976E-02
 0.92153340085470E-02
 0.97255146809186E-02
 0.10208432880310E-01
 0.10793505884717E-01
 0.11322658806476E-01
 0.11885383166660E-01
 0.12476843829199E-01
 0.13067097076124E-01
 0.13706587272857E-01
 0.14321656724097E-01
 0.14894245311037E-01
 0.15620580730019E-01
 0.16186439682041E-01
 0.16800494130275E-01
 0.17345326571195E-01
 0.17884582772358E-01
 0.18519129383198E-01
 0.19015126225316E-01
 0.19507557971821E-01
 0.19842689770947E-01
 0.20250453724877E-01
 0.20561397654308E-01
 0.20846033410433E-01
 0.20996673469145E-01
 0.21139727683836E-01
 0.21196080355052E-01
 0.21220972252401E-01
 0.21235835772347E-01
 0.21167495358622E-01
 0.21117078541563E-01
 0.20994472578676E-01
 0.20778681158530E-01
 0.20602767730957E-01
 0.20351782059690E-01
 0.20090955654953E-01
 0.19788149280131E-01
 0.19460483683592E-01
 0.19123683481015E-01
 0.18760496361620E-01
 0.18368706867200E-01
 0.17955165991549E-01
 0.17576019148484E-01
 0.17158135066691E-01
 0.16781600304041E-01
 0.16329173027103E-01
 0.15932503657425E-01
 0.15548457650321E-01
 0.15177785632979E-01
 0.14789604906899E-01
 0.14425667975789E-01
 0.14081705959885E-01
 0.13710390459230E-01
 0.13356071795306E-01
 0.13015771618501E-01
 0.12722032019120E-01
 0.12502855282445E-01
 0.12284751438955E-01
 0.11979268373923E-01
 0.11816449836048E-01
 0.11379170582600E-01
 0.11304002821550E-01
 0.11066542299581E-01
 0.10958370249349E-01
 0.10611044484260E-01
 0.10426880230193E-01
 0.10288883141755E-01
 0.10088108779572E-01
 0.98773652721795E-02
 0.97452364613074E-02
 0.95977452928613E-02
 0.95781960321366E-02
 0.93316275901961E-02
 0.93233509525880E-02
 0.90475161112835E-02
 0.89694544939618E-02
 0.88717394330798E-02
 0.87553351047272E-02
 0.86987717113294E-02
 0.85885881243412E-02
 0.84496481286715E-02
 0.83077677161420E-02
 0.82861069822036E-02
 0.81889792462140E-02
 0.78959233282980E-02
 0.80121268282548E-02
 0.78934603086815E-02
 0.78169052538027E-02
 0.76639709231925E-02
 0.76670265605454E-02
 0.75304325992526E-02
 0.75976718576621E-02
 0.74264861836816E-02
 0.73195159596932E-02
 0.73714359665197E-02
 0.73129179126363E-02
 0.72203612660446E-02
 0.70822270666749E-02
 0.69867698737535E-02
 0.70034165624383E-02
 0.69282835954587E-02
 0.70056659903678E-02
 0.67354286691268E-02
 0.68545197527793E-02
 0.66310378300813E-02
 0.67043545721430E-02
 0.66350176553471E-02
 0.66142395957150E-02
 0.65174688903436E-02
 0.65008687901103E-02
 0.65564591416536E-02
 0.64294287672033E-02
 0.64186614461728E-02
 0.62205819713903E-02
 0.63749179329040E-02
 0.61450518766173E-02
 0.62563617661310E-02
 0.61622944798285E-02
 0.60422443746374E-02
 0.61275971521145E-02
 0.61085949007555E-02
 0.59541098990043E-02
 0.59919095152876E-02
 0.60118612545702E-02
 0.58310640483366E-02
 0.58338136767537E-02
 0.58720611328271E-02
 0.58210460347521E-02
 0.57339696459497E-02
 0.57948256089331E-02
 0.55408952429802E-02
 0.55865039976132E-02
 0.56394774009350E-02
 0.55246171824738E-02
 0.56299385202286E-02
 0.55450547864858E-02
 0.55180222393181E-02
 0.53492495412409E-02
 0.54206419662747E-02
 0.54106277942974E-02
 0.54545715338651E-02
 0.53283672870304E-02
 0.53753303849561E-02
 0.53444180428035E-02
 0.52536496257957E-02
 0.52170092980728E-02
