 0.00000000000000E+00
 0.00000000000000E+00
 0.00000000000000E+00
-0.13151423261437E-08
 0.00000000000000E+00
 0.28575932024851E-08
 0.68709476631182E-07
 0.64705002446271E-06
 0.36417616920881E-05
 0.14331891029669E-04
 0.43546485194795E-04
 0.10908806733953E-03
 0.23574424314234E-03
 0.45387432927219E-03
 0.79704532545243E-03
 0.12993413828415E-02
 0.19928717596740E-02
 0.29057988855130E-02
 0.40610176582364E-02
 0.54770140746139E-02
 0.71610150961304E-02
 0.91201118881251E-02
 0.11353484324066E-01
 0.13856485034126E-01
 0.16620680889918E-01
 0.19633716500366E-01
 0.22881349391199E-01
 0.26347474046482E-01
 0.30014590543857E-01
 0.33864578366785E-01
 0.37879823347386E-01
 0.42042424258643E-01
 0.46334549747577E-01
 0.50739278929440E-01
 0.55239961074763E-01
 0.59821366399946E-01
 0.64468883522438E-01
 0.69168744605125E-01
 0.73908229231975E-01
 0.78675445498486E-01
 0.83459487785239E-01
 0.88250197410791E-01
 0.93038401357811E-01
 0.97815642391201E-01
 0.10257408795395E+00
 0.10730678322914E+00
 0.11200720941999E+00
 0.11666952945711E+00
 0.12128845849781E+00
 0.12585918187634E+00
 0.13037734150277E+00
 0.13483902497577E+00
 0.13924063751861E+00
 0.14357895677537E+00
 0.14785108724794E+00
 0.15205439280095E+00
 0.15618652989248E+00
 0.16024540404891E+00
 0.16422913787209E+00
 0.16813606041852E+00
 0.17196470729431E+00
 0.17571378900730E+00
 0.17938219667858E+00
 0.18296897172404E+00
 0.18647331415881E+00
 0.18989457083980E+00
 0.19323222717387E+00
 0.19648589364902E+00
 0.19965531254522E+00
 0.20274034445082E+00
 0.20574096550858E+00
 0.20865726621898E+00
 0.21148944236025E+00
 0.21423779492624E+00
 0.21690272363187E+00
 0.21948472528968E+00
 0.22198438396926E+00
 0.22440240998228E+00
 0.22673936290214E+00
 0.22899639623210E+00
 0.23117430201512E+00
 0.23327407985602E+00
 0.23529680368883E+00
 0.23724361338835E+00
 0.23911571490558E+00
 0.24091437728276E+00
 0.24264092474153E+00
 0.24429674190189E+00
 0.24588326016810E+00
 0.24740196111655E+00
 0.24885436914697E+00
 0.25024205464726E+00
 0.25156662227886E+00
 0.25282971298100E+00
 0.25403299943375E+00
 0.25517817812539E+00
 0.25626698139619E+00
 0.25730115381107E+00
 0.25828246056908E+00
 0.25921267786376E+00
 0.26009360500000E+00
 0.26092703745545E+00
 0.26171478443507E+00
 0.26245862232520E+00
 0.26316040128003E+00
 0.26382165600341E+00
 0.26444455407684E+00
 0.26503068744220E+00
 0.26558178248078E+00
 0.26609953142618E+00
 0.26658560753174E+00
 0.26704161751183E+00
 0.26746910265123E+00
 0.26786955673724E+00
 0.26824436064802E+00
 0.26859481334493E+00
 0.26892207957725E+00
 0.26922711126105E+00
 0.26951087837858E+00
 0.26977349161781E+00
 0.27001587471441E+00
 0.27023776382634E+00
 0.27043867686016E+00
 0.27061766120133E+00
 0.27077306538070E+00
 0.27090233771241E+00
 0.27100196638227E+00
 0.27106671227404E+00
 0.27109033922426E+00
 0.27106343438619E+00
 0.27097400979090E+00
 0.27080504831168E+00
 0.27053532311963E+00
 0.27013559990743E+00
 0.26956592720034E+00
 0.26877641847471E+00
 0.26770173564375E+00
 0.26626855576732E+00
 0.26441234877197E+00
 0.26212874316966E+00
 0.25955891163048E+00
 0.25701765378369E+00
 0.25488834054990E+00
 0.25344202297731E+00
 0.25277149744365E+00
 0.25284898548357E+00
 0.25359598922165E+00
 0.25492537638950E+00
 0.25676206731184E+00
 0.25904167687503E+00
 0.26171528805806E+00
 0.26474433821200E+00
 0.26810004090018E+00
 0.27175966826489E+00
 0.27570769909821E+00
 0.27993254569211E+00
 0.28442639306988E+00
 0.28918369443076E+00
 0.29420192838675E+00
 0.29947833172014E+00
 0.30501281266145E+00
 0.31080542595480E+00
 0.31685649154410E+00
 0.32316640901685E+00
 0.32973551998477E+00
 0.33656379473785E+00
 0.34365083221980E+00
 0.35099575374400E+00
 0.35859701885699E+00
 0.36645258097862E+00
 0.37455969057788E+00
 0.38291506072068E+00
 0.39151484192939E+00
 0.40035448125698E+00
 0.40942936966819E+00
 0.41873346331399E+00
 0.42826123475441E+00
 0.43800650558126E+00
 0.44796277360932E+00
 0.45812324070307E+00
 0.46848094428137E+00
 0.47902874176279E+00
 0.48975939389187E+00
 0.50066552893815E+00
 0.51173978043311E+00
 0.52297475541962E+00
 0.53436310321715E+00
 0.54589746592549E+00
 0.55757060203980E+00
 0.56937534467065E+00
 0.58130464207610E+00
 0.59335153019318E+00
 0.60550921309389E+00
 0.61777102393896E+00
 0.63013044731356E+00
 0.64258114192026E+00
 0.65511689172297E+00
 0.66773168292554E+00
 0.68041965922123E+00
 0.69317509085513E+00
 0.70599256238094E+00
 0.71886668206537E+00
 0.73179228275371E+00
 0.74476436670556E+00
 0.75777810358333E+00
 0.77082882971540E+00
 0.78391204372537E+00
 0.79702340632617E+00
 0.81015873489725E+00
 0.82331400189257E+00
 0.83648532973995E+00
 0.84966898732217E+00
 0.86286138972179E+00
 0.87605908804540E+00
 0.88925877143410E+00
 0.90245726216521E+00
 0.91565150900671E+00
 0.92883858698246E+00
 0.94201569163915E+00
 0.95518013442026E+00
 0.96832934204505E+00
 0.98146085085853E+00
 0.99457230353079E+00
 0.10076614459153E+01
 0.10207261232488E+01
 0.10337642771987E+01
 0.10467739431462E+01
 0.10597532447978E+01
 0.10727003941796E+01
 0.10856136868553E+01
 0.10984914990166E+01
 0.11113322851917E+01
 0.11241345750726E+01
 0.11368969713975E+01
 0.11496181463875E+01
 0.11622968400783E+01
 0.11749318575943E+01
 0.11875220669585E+01
 0.12000663964981E+01
 0.12125638329288E+01
 0.12250134188830E+01
 0.12374142511032E+01
 0.12497654782989E+01
 0.12620662989786E+01
 0.12743159603700E+01
 0.12865137555945E+01
 0.12986590224657E+01
 0.13107511422085E+01
 0.13227895366211E+01
 0.13347736674960E+01
 0.13467030349440E+01
 0.13585771755471E+01
 0.13703956614352E+01
 0.13821580978944E+01
 0.13938641235834E+01
 0.14055134081665E+01
 0.14171056512160E+01
 0.14286405812888E+01
 0.14401179546666E+01
 0.14515375540730E+01
 0.14628991878455E+01
 0.14742026887896E+01
 0.14854479132738E+01
 0.14966347398289E+01
 0.15077630689564E+01
 0.15188328217135E+01
 0.15298439390185E+01
 0.15407963807735E+01
 0.15516901250557E+01
 0.15625251673362E+01
 0.15733015198627E+01
 0.15840192107373E+01
 0.15946782833634E+01
 0.16052787958701E+01
 0.16158208199480E+01
 0.16263044410148E+01
 0.16367297570178E+01
 0.16470968781624E+01
 0.16574059261717E+01
 0.16676570338799E+01
 0.16778503446270E+01
 0.16879860118280E+01
 0.16980641984644E+01
 0.17080850766294E+01
 0.17180488270540E+01
 0.17279556388263E+01
 0.17378057085451E+01
 0.17475992405380E+01
 0.17573364460843E+01
 0.17670175431199E+01
 0.17766428190833E+01
 0.17862123765888E+01
 0.17957265160978E+01
 0.18051854788262E+01
 0.18145895110198E+01
 0.18239388636862E+01
 0.18332337922833E+01
 0.18424745564624E+01
 0.18516614197681E+01
 0.18607946495655E+01
