 0.00000000000000E+00
 0.00000000000000E+00
 0.00000000000000E+00
-0.16307327361481E-25
 0.00000000000000E+00
-0.43431916401780E-26
 0.15578965101487E-23
 0.43904455652232E-22
 0.12650462548031E-22
 0.64555310382605E-21
 0.34736212234066E-20
 0.11385416293228E-20
-0.53729629553114E-21
 0.41871777052274E-19
 0.48966398393916E-19
 0.19212889994823E-19
 0.11661039308138E-18
 0.10579160146834E-18
 0.77101195896530E-19
 0.52883710265430E-18
 0.43507559311546E-19
 0.35002276838412E-18
-0.38083507257488E-18
 0.80153330704327E-18
-0.69625181972314E-18
 0.93991031964914E-18
 0.15967095223883E-17
 0.80760906972057E-18
 0.13264838571250E-13
 0.11311614837089E-12
 0.21725760997878E-13
 0.29485732698377E-12
-0.12246910274260E-12
-0.12504193446322E-12
 0.32225061804108E-12
-0.32967530185835E-12
-0.11595873319444E-14
-0.30472801112809E-12
 0.13970384121145E-12
 0.14310432728702E-13
-0.87267054512002E-13
 0.19072687223782E-12
 0.77984852214551E-13
 0.16577683755460E-13
-0.28798359065567E-13
 0.15572379233680E-12
 0.13291872236562E-12
-0.22496329288794E-13
 0.95060425882844E-13
-0.20146536358673E-13
 0.87250539841924E-13
-0.54336903318175E-14
 0.49532053523505E-13
 0.15720268496484E-12
 0.88450039448539E-13
-0.70335408072028E-13
 0.48117882191533E-13
-0.63625601559385E-13
-0.92548758782661E-13
 0.45070128083313E-14
-0.67656938603085E-13
-0.19697604931168E-13
-0.38603670830779E-13
-0.50075443597540E-13
-0.12838668056725E-13
 0.18253397963017E-13
-0.71934294854920E-13
-0.24804276161180E-13
-0.29209198860244E-13
-0.18988932039563E-13
-0.73639769943079E-14
 0.54005014880503E-13
 0.21899387732964E-13
 0.46748004101909E-13
-0.28605516519183E-13
 0.26409318428047E-13
 0.47582664945058E-13
 0.49612756126307E-13
 0.18460641817568E-13
-0.19356445265914E-13
-0.37415492564464E-13
 0.14928765788718E-14
 0.40146175895587E-13
-0.20095619555291E-13
 0.17264941430486E-13
 0.33280923191683E-13
 0.81741420026563E-14
 0.33941234846467E-14
 0.24171443865068E-14
-0.12080108796562E-13
-0.17332229142974E-13
-0.30482701530759E-13
-0.32336269860897E-14
 0.29094722878563E-13
-0.20834326158310E-13
-0.44815913196718E-14
-0.10568533132239E-13
-0.37103936613314E-14
 0.60245626657121E-14
-0.17881809698845E-13
 0.71281764677094E-14
 0.72984828525774E-14
 0.37682649335575E-14
-0.79609028595766E-14
 0.12021128892087E-13
-0.23326645004677E-13
 0.63318275471183E-14
-0.12539164585665E-13
-0.58277949211665E-14
 0.93851885661854E-14
-0.11097178692291E-13
-0.56879172590356E-14
 0.75181477240162E-14
-0.17990387827280E-14
-0.51555388330255E-14
-0.23895549641753E-14
-0.19869047424568E-13
 0.10952729801992E-13
 0.20037673614363E-14
-0.40629015652980E-14
-0.35344656776100E-14
-0.11140961618966E-13
-0.83863828043063E-14
 0.22522924956451E-14
-0.39309020308391E-14
 0.60309856439448E-14
-0.96683560669343E-17
-0.14070844338480E-14
-0.60904342664308E-14
 0.73647125170047E-14
-0.76921378790861E-14
 0.39035492145142E-15
-0.34106926451374E-14
 0.49399354610784E-14
 0.66072003801509E-14
 0.19550278290505E-13
 0.89856373563002E-15
 0.18198838668112E-14
 0.19173118053675E-13
 0.90517999238383E-14
 0.94740405453297E-14
 0.68867248847833E-14
-0.24923182947064E-14
 0.14556095301330E-13
 0.45603366554534E-14
 0.34448475085562E-14
-0.15827687810516E-13
 0.95363362537511E-14
 0.50056815499222E-13
 0.48528350701967E-14
 0.16278687748227E-14
 0.10829531174032E-13
 0.41032920649750E-13
-0.29281639966189E-14
 0.14140161662535E-12
 0.51858515183389E-13
-0.65226999076211E-13
 0.85834452911511E-13
 0.29068621552170E-13
 0.85350480595089E-12
-0.12269134163166E-12
-0.93223137907383E-13
 0.98929184251912E-13
-0.91557110364971E-13
-0.21732022883477E-13
 0.35666279453892E-12
 0.76423496826913E-13
 0.21568889931723E-12
 0.57179419947945E-12
 0.18894824997704E-12
 0.81583159758664E-13
 0.51377660321874E-13
-0.39977587311205E-12
 0.12982637739678E-12
-0.10903597304457E-13
-0.51797496906401E-12
-0.64146966709241E-12
 0.29038507477221E-12
-0.51017878792676E-13
-0.64148184931429E-12
-0.14917589562774E-12
-0.31637778898079E-12
-0.39615754962434E-12
-0.53502042368286E-12
 0.36203211794832E-12
-0.30610711297889E-12
 0.11943061956694E-11
 0.94654964231936E-12
 0.29311011912714E-12
-0.57743624160114E-13
 0.53805863536623E-12
 0.21137814858686E-12
-0.30563346945410E-11
 0.14605895425737E-11
-0.76167355456402E-13
 0.44645364334795E-12
 0.68142448587046E-12
 0.43582319055921E-12
 0.12377036835858E-12
 0.59604932079694E-13
 0.12593296629892E-12
 0.11411233403984E-11
 0.16499984609699E-12
 0.28918974715587E-12
-0.11663709685838E-11
-0.59430144498414E-12
-0.31175457712708E-12
 0.17009101312809E-11
 0.15608738725213E-12
 0.32193586834624E-12
-0.10410683542603E-12
-0.61527802195299E-12
-0.23923779820706E-12
-0.35476556147829E-12
-0.12020146262475E-12
-0.27017831757539E-11
-0.83576005993600E-11
-0.37458970652701E-12
-0.22511616515684E-12
-0.13542248043923E-12
-0.40605085407758E-11
 0.60501103840439E-13
-0.26041280337501E-12
 0.11283737716521E-12
-0.17006474963781E-12
 0.20920329785414E-11
 0.13915808666864E-10
 0.77089313120050E-12
-0.15447378264463E-12
-0.20531871006506E-12
-0.85860677080557E-13
-0.34062788816757E-12
 0.42216568694736E-11
 0.54913669749617E-12
-0.36473097707245E-12
 0.14580068197164E-12
 0.16032374082945E-12
-0.88643690820295E-13
 0.42202183075611E-11
 0.82676131034252E-12
 0.24463827729913E-12
 0.27749561421219E-12
 0.35424638281424E-12
-0.28713106499132E-12
-0.45874863945375E-12
 0.39735277713399E-12
 0.46071812659388E-12
 0.44354754475345E-12
-0.48385921853959E-12
 0.53141198701346E-12
-0.43296260637371E-12
-0.28366588345331E-12
-0.22577603701955E-12
 0.27714664944407E-12
-0.25457217674809E-12
-0.20125273682297E-11
 0.86187749458783E-11
-0.21235611411655E-11
 0.36357454361567E-12
 0.23136795749056E-12
-0.50567632372097E-13
-0.28702436528093E-12
 0.21062730688012E-12
 0.30038959308397E-12
 0.77344873796155E-12
-0.64064565014458E-11
-0.23690710848345E-10
-0.25275788190211E-11
 0.30871440055357E-12
-0.49693659614497E-12
-0.72063615309560E-12
-0.63543456365171E-12
-0.22685900498446E-12
-0.12158851005554E-13
-0.27283523091034E-13
 0.46359940159927E-12
-0.70807151958901E-12
-0.77817295140514E-12
 0.29981017308833E-11
-0.57263671098251E-11
-0.15682475707080E-10
 0.11240173144727E-11
-0.35320479262559E-12
 0.17324943245469E-12
 0.65409950669086E-12
 0.36998284482142E-12
-0.46599846849219E-12
-0.19738277468146E-13
-0.22290917238181E-12
-0.19156012435329E-12
 0.30093324046658E-12
-0.25698901807673E-12
 0.37620875461574E-12
-0.20200252825396E-12
 0.52419536616980E-12
 0.53438345732231E-11
-0.19377313802835E-10
 0.62914609930361E-11
-0.13853227425263E-11
-0.47757686849627E-13
