 0.00000000000000E+00
 0.00000000000000E+00
 0.00000000000000E+00
-0.34851506997445E-25
 0.00000000000000E+00
 0.17761916531672E-24
 0.54266611740479E-23
 0.78196462278929E-22
 0.20074526106557E-11
-0.13950111138971E-11
 0.58436779623830E-13
-0.95674797031303E-11
-0.20668756482969E-11
 0.32721610013175E-11
 0.65992422112992E-12
-0.10733519038704E-11
-0.14316874987606E-11
-0.24378592046896E-12
 0.12890028009253E-11
-0.19374528996699E-11
-0.38712446859142E-12
-0.74616880753807E-12
 0.86928073126487E-13
 0.14469406086380E-11
-0.77066966914749E-12
-0.51982369903921E-12
 0.98777683938778E-12
 0.80376601177190E-09
-0.23753009575575E-08
 0.21351683595616E-07
-0.44181015841965E-08
 0.26912481523786E-08
-0.13118242328764E-09
 0.62029190299728E-08
 0.69450248198866E-08
 0.29156989091631E-07
 0.57700144935340E-09
-0.26028942165626E-08
 0.22467635385505E-07
-0.11155609194372E-07
 0.67759274856671E-08
-0.36730643296092E-07
 0.21163743045799E-07
-0.50176820030362E-08
 0.58969507644139E-07
-0.42556485035078E-07
 0.11206621775526E-07
 0.46219804515557E-07
 0.36579720147068E-07
 0.17376915629176E-06
 0.24710430561124E-06
 0.22311182298978E-06
 0.26775124276790E-06
 0.33469554004639E-06
 0.36616090047082E-06
 0.46033614590066E-06
 0.60160235799252E-06
 0.74787320102936E-06
 0.89464504414503E-06
 0.10900113436568E-05
 0.13460133303808E-05
 0.16713365439910E-05
 0.20345631763465E-05
 0.24756417538005E-05
 0.30209238315352E-05
 0.36656633983584E-05
 0.43996960143157E-05
 0.52685294150976E-05
 0.62627424179812E-05
 0.73955692754096E-05
 0.87106475114300E-05
 0.10210692005948E-04
 0.11920023574418E-04
 0.13860274247910E-04
 0.16054716786311E-04
 0.18526428284193E-04
 0.21377633298534E-04
 0.23392750874195E-04
 0.27846630553819E-04
 0.31707617795483E-04
 0.35993900129364E-04
 0.40731064157720E-04
 0.45970221678160E-04
 0.51742025439696E-04
 0.58089951634293E-04
 0.65053929729940E-04
 0.72670662536510E-04
 0.80990841877643E-04
 0.90059201561407E-04
 0.99916682371261E-04
 0.11062624921708E-03
 0.12223426641152E-03
 0.13479083543404E-03
 0.14834635835367E-03
 0.16293457597957E-03
 0.17868439340889E-03
 0.19557127391531E-03
 0.21366412677414E-03
 0.23300811269173E-03
 0.25374734120580E-03
 0.27581255883185E-03
 0.29931262962352E-03
 0.32368481940861E-03
 0.35146940227878E-03
 0.37568793861679E-03
 0.40785403756017E-03
 0.43884006502512E-03
 0.47122961898948E-03
 0.50505996546747E-03
 0.54031261856025E-03
 0.57677422000033E-03
 0.61417936799005E-03
 0.65263685164213E-03
 0.69167243109385E-03
 0.73073274627699E-03
 0.76958483792740E-03
 0.80625209250505E-03
 0.84490991249162E-03
 0.87261498121853E-03
 0.90489182027313E-03
 0.92740832591418E-03
 0.94167523596583E-03
 0.94497220782850E-03
 0.93268353760934E-03
 0.89935140677857E-03
 0.84478630840251E-03
 0.74387595342684E-03
 0.61016439937217E-03
 0.40788816083208E-03
 0.13058970809893E-03
-0.26654293773471E-03
-0.80459003178238E-03
-0.15347323810424E-02
-0.25652974000307E-02
-0.39437657765640E-02
-0.58650040664154E-02
-0.84737947222643E-02
-0.11907635449067E-01
-0.15928577700687E-01
-0.19818375612309E-01
-0.22498352578483E-01
-0.22425042067087E-01
-0.19105084199767E-01
-0.13643142625504E-01
-0.73930232211205E-02
-0.12545902565917E-02
 0.44395207806638E-02
 0.96295832807276E-02
 0.14314601631512E-01
 0.18581628442429E-01
 0.22475330132548E-01
 0.26102393627279E-01
 0.29445144100422E-01
 0.32608318801840E-01
 0.35608593052589E-01
 0.38481788429176E-01
 0.41228606683964E-01
 0.43915110223940E-01
 0.46495781457060E-01
 0.49023228716331E-01
 0.51498939127460E-01
 0.53923012263815E-01
 0.56305515328565E-01
 0.58646982751908E-01
 0.60952205608037E-01
 0.63220218568251E-01
 0.65454824783032E-01
 0.67653491919817E-01
 0.69817447946964E-01
 0.71947207213473E-01
 0.74042032373266E-01
 0.76101646580610E-01
 0.78121591407816E-01
 0.80111445592548E-01
 0.82063818238799E-01
 0.83978764573184E-01
 0.85857657695743E-01
 0.87699561912796E-01
 0.89505829420594E-01
 0.91275853122821E-01
 0.93010401385100E-01
 0.94709985541400E-01
 0.96374116556548E-01
 0.98004256239301E-01
 0.99600968646056E-01
 0.10116517134149E+00
 0.10269601814692E+00
 0.10419573800285E+00
 0.10566465426853E+00
 0.10710305991292E+00
 0.10851225484699E+00
 0.10989267172658E+00
 0.11124496781819E+00
 0.11257020921612E+00
 0.11386924701357E+00
 0.11514163189815E+00
 0.11638925871384E+00
 0.11761245423825E+00
 0.11881187689933E+00
 0.11998816204115E+00
 0.12114189596784E+00
 0.12227380238346E+00
 0.12338443043301E+00
 0.12447436786486E+00
 0.12554415707424E+00
 0.12659442221156E+00
 0.12762562755519E+00
 0.12863832562555E+00
 0.12963297970421E+00
 0.13061008118880E+00
 0.13157012362138E+00
 0.13251358411982E+00
 0.13344077059531E+00
 0.13435221869677E+00
 0.13524830708671E+00
 0.13612942546983E+00
 0.13699596309152E+00
 0.13784824822830E+00
 0.13868670508263E+00
 0.13951161456302E+00
 0.14032332644299E+00
 0.14112217712538E+00
 0.14190844953680E+00
 0.14268245560536E+00
 0.14344449165008E+00
 0.14419487653151E+00
 0.14493376159453E+00
 0.14566151731132E+00
 0.14637836722083E+00
 0.14708455657788E+00
 0.14778032424305E+00
 0.14846589755351E+00
 0.14914150056241E+00
 0.14980738425519E+00
 0.15046369023876E+00
 0.15111067411633E+00
 0.15174852020750E+00
 0.15237742587737E+00
 0.15299757051205E+00
 0.15360914317650E+00
 0.15421231099747E+00
 0.15480723570951E+00
 0.15539411959513E+00
 0.15597309175511E+00
 0.15654432241174E+00
 0.15710795203518E+00
 0.15766414721307E+00
 0.15821304238081E+00
 0.15875477627457E+00
 0.15928949274719E+00
 0.15981731971214E+00
 0.16033839356106E+00
 0.16085282012987E+00
 0.16136074624172E+00
 0.16186228504260E+00
 0.16235755400226E+00
 0.16284666467835E+00
 0.16332973027824E+00
 0.16380686140257E+00
 0.16427815799534E+00
 0.16474373389751E+00
 0.16520366970485E+00
 0.16565809158322E+00
 0.16610707614225E+00
 0.16655072367180E+00
 0.16698912615086E+00
 0.16742237171829E+00
 0.16785055076711E+00
 0.16827374555234E+00
 0.16869204155561E+00
 0.16910552081326E+00
 0.16951426119606E+00
 0.16991834063786E+00
 0.17031784607323E+00
 0.17071284291768E+00
 0.17110340155821E+00
 0.17148960037101E+00
 0.17187150587676E+00
 0.17224918939747E+00
 0.17262271664641E+00
 0.17299215399695E+00
 0.17335756573678E+00
 0.17371901484513E+00
 0.17407656237924E+00
 0.17443026961078E+00
 0.17478020186935E+00
 0.17512640846243E+00
 0.17546895055096E+00
 0.17580788392827E+00
 0.17614326274237E+00
 0.17647513796141E+00
 0.17680356872758E+00
 0.17712860215270E+00
 0.17745029052686E+00
 0.17776868350430E+00
 0.17808382941972E+00
 0.17839577679330E+00
 0.17870457282937E+00
 0.17901027212840E+00
 0.17931288656026E+00
