 0.00000000000000E+00
 0.00000000000000E+00
 0.00000000000000E+00
 0.96364651380283E-27
 0.00000000000000E+00
-0.39386424489387E-26
-0.35966530070308E-24
-0.12745062706966E-22
-0.41184238649169E-22
-0.30124827811914E-21
-0.15006611289606E-20
-0.67993341769838E-21
-0.51140291245690E-21
-0.44033783241419E-19
-0.38519487248572E-19
-0.61042911277810E-19
-0.17121878900054E-18
-0.48350820814107E-18
-0.36848415020435E-18
-0.73106441070930E-18
-0.34260010176853E-18
-0.16597518126734E-17
-0.64579878930842E-18
-0.26431782045045E-17
-0.20547164813163E-17
-0.42608231018955E-17
-0.88936857959697E-17
-0.23871490961936E-17
-0.70230328841282E-13
-0.18628067871487E-12
-0.98407343792329E-13
-0.16483882515594E-11
 0.10862379080814E-11
 0.13387402571003E-11
-0.55295850933886E-12
 0.21658191549040E-11
 0.70420399402045E-12
 0.16667164333216E-11
 0.70145011912138E-12
-0.47327101649627E-12
 0.11444385579329E-11
 0.49474932270600E-13
-0.94591294086772E-12
-0.42350879900344E-12
 0.54714277756744E-12
-0.12827251643168E-11
-0.11098338544196E-11
 0.26492887167713E-12
-0.69903728169710E-12
 0.25787038419203E-12
-0.71285623941674E-12
-0.19214779245371E-12
-0.90042449842205E-13
-0.17764134316392E-11
-0.47877045503121E-12
 0.10834855975113E-11
-0.68404590914732E-12
 0.61350504928001E-12
 0.15634434630883E-11
-0.64071506123899E-13
 0.34517483701204E-12
 0.29080155602435E-12
-0.14820050303336E-13
 0.92114177638422E-12
 0.35646630683951E-12
-0.24161005261660E-12
 0.12023492911821E-11
 0.73567878551453E-12
 0.36789291385953E-13
 0.44502400501911E-12
-0.36119830690708E-12
-0.11827113103925E-11
-0.65964924478928E-12
-0.11915241327850E-11
 0.91924127091336E-12
-0.74551628579065E-12
-0.11933644146760E-11
-0.15291021051779E-11
-0.34920892124347E-12
 0.56085541074010E-12
 0.75213662389061E-12
 0.13815616552928E-12
-0.15108530419904E-11
 0.18012660834488E-12
-0.39763327684875E-12
-0.76632899326438E-12
-0.28930772277553E-12
-0.16219522310521E-12
 0.13708805786876E-12
 0.83210571256853E-12
 0.69338544534514E-12
 0.10331402924851E-11
-0.21999771371940E-12
-0.11492877818390E-11
 0.95311076744712E-12
-0.59941608515186E-14
 0.54954087747085E-12
 0.27448870071408E-12
-0.53126941384514E-12
 0.37735645505850E-12
-0.30896582753481E-13
-0.17533580640566E-12
-0.48688757863466E-12
 0.53812167720357E-12
-0.16247985915457E-12
 0.77115868334033E-12
 0.13677022097239E-12
 0.76021099034357E-12
 0.13977250312784E-12
-0.66725164582731E-12
 0.24719436906999E-12
 0.32286987242384E-12
 0.87243537832810E-13
-0.17086624431466E-12
 0.20462763216726E-12
-0.81643694150170E-13
 0.13310138102085E-11
-0.61445228525399E-12
-0.13569574811834E-12
-0.65571366636524E-13
-0.64778051985219E-13
 0.60590070489302E-12
 0.15465411592924E-12
 0.10221675460882E-12
 0.12171938429457E-12
-0.40398657402474E-12
 0.87985606826996E-13
-0.31287143105383E-12
 0.53171602686739E-12
-0.17826727809014E-12
 0.66462800774123E-12
 0.13093532618552E-12
-0.71817952916371E-13
-0.30465108718109E-12
-0.21924721559223E-12
-0.12618586203455E-11
-0.64503099582812E-13
 0.49376914365470E-13
-0.27095058428730E-11
-0.10188428731325E-11
-0.43659110205127E-12
-0.38067477371060E-12
-0.29852438923629E-13
-0.13638872426792E-11
-0.36993159919007E-12
-0.48553462521813E-12
 0.10834519837575E-11
-0.82832037751002E-12
-0.63583310671665E-11
-0.10438691171147E-11
 0.36872981586792E-12
-0.21961560238481E-11
-0.30906819113547E-11
-0.11338254118500E-12
-0.12172658035409E-10
-0.83134846988285E-11
 0.90013912707983E-11
-0.13880370737584E-10
 0.67739647579573E-12
-0.82072240502158E-10
 0.15825175092617E-10
 0.95817067081449E-11
-0.20966580302803E-10
 0.12834642857565E-10
-0.12330366717356E-10
 0.67798439341770E-10
 0.13271370971553E-10
-0.56027063112071E-10
-0.96093391819795E-10
-0.26793319317035E-10
-0.98020239173005E-11
-0.43349260352886E-11
 0.49290708633680E-10
-0.34238136875007E-10
-0.62816403532834E-11
 0.80571661746469E-10
 0.64769569635438E-10
-0.28136519236458E-10
 0.11198077310984E-11
-0.65994989211360E-11
 0.21672724140633E-10
 0.41066603331638E-10
 0.63516568123471E-10
 0.10582222219542E-09
-0.13752228462500E-09
 0.58786790879418E-10
-0.28174655942416E-09
-0.20780672127495E-09
-0.60767091771882E-10
 0.29984224062180E-10
-0.11444350022785E-09
-0.12971469706666E-10
 0.52034656933637E-09
-0.15075295540142E-09
 0.23653115531078E-10
-0.12091315861263E-09
-0.74327849772103E-10
-0.12907296417435E-09
 0.22667725571718E-10
-0.31097457225087E-10
-0.73688938376960E-10
-0.17735311147467E-09
-0.36019729321516E-10
-0.46966833399272E-10
 0.42220217515539E-09
 0.79676003213300E-10
 0.53199314545793E-10
-0.50690540372615E-09
 0.46938994188299E-09
-0.43085119834491E-10
 0.12649984352225E-10
 0.13664225902025E-09
 0.35688799163964E-09
 0.42981054746213E-10
-0.67385544461951E-11
 0.71852848184993E-09
 0.23703461205151E-08
 0.75737812290543E-10
 0.37660800064409E-10
 0.19168470848921E-10
 0.97685302090358E-09
-0.87640543737368E-09
 0.32472422487593E-10
-0.49802128953911E-10
 0.35641981062196E-10
-0.70156420968280E-09
-0.36895228088764E-08
-0.11742789311513E-09
 0.38741687622402E-10
 0.55848111685309E-10
-0.34793471716946E-11
 0.20296867121989E-09
-0.19962819461169E-08
-0.14308597791149E-09
 0.10102138473022E-09
-0.58777059382384E-11
-0.12588880933793E-10
 0.39719785752512E-10
-0.12646682704083E-08
-0.30794476951618E-09
 0.33904466536667E-10
-0.90984922154990E-10
-0.69436713991925E-10
 0.94729957120559E-10
 0.12460308966492E-09
-0.10769334416439E-09
-0.35995256527049E-09
-0.71463412950190E-10
 0.19498453396511E-09
-0.60472104531048E-10
 0.85276657097039E-10
 0.57935859436631E-10
 0.19337795189677E-10
-0.67764566239489E-10
 0.15602374659074E-09
 0.14443238465635E-08
-0.19133933632326E-08
 0.53850583105111E-09
-0.97463329166519E-10
-0.29572322356589E-10
 0.29197945099191E-10
 0.21690411557827E-10
-0.11323872491773E-09
-0.83483964525199E-10
-0.31748285882033E-09
 0.29397799218273E-08
 0.39212603891377E-08
 0.79020287000082E-09
-0.17117179971191E-09
 0.10484688771294E-09
 0.15495386741065E-09
 0.10577468654204E-09
 0.81858500745273E-10
-0.34837446857641E-10
-0.54833050577681E-10
 0.26428405593709E-11
 0.15487971930087E-09
 0.28263569069972E-09
-0.14853736818045E-08
 0.29871293914493E-08
 0.36852442715839E-08
-0.28562708959657E-09
 0.27971511020474E-10
-0.34056360622069E-10
-0.22345184754048E-09
-0.20287292042062E-09
 0.19043513338134E-09
 0.51402543495272E-10
 0.36821949106464E-10
 0.22838695811471E-10
-0.78637135690072E-10
 0.12449688404163E-09
-0.13157149309064E-09
 0.18817009427412E-09
-0.34486061253384E-09
-0.26892730336460E-08
 0.28162450625252E-08
-0.14839481253872E-08
 0.36392630739097E-09
-0.45539246529720E-10
