 0.00000000000000E+00
 0.00000000000000E+00
 0.00000000000000E+00
 0.18790206414937E-26
 0.00000000000000E+00
-0.20823698691989E-25
-0.86290161169708E-24
-0.16327845544451E-22
-0.14047627804668E-11
-0.23847110631115E-12
 0.21717901558144E-12
 0.42750445034239E-11
 0.11142568646119E-11
-0.12181162717822E-11
-0.81058248346933E-12
 0.19104303894409E-11
 0.20154499358760E-11
 0.29294582911630E-12
-0.80719844928427E-12
 0.11946739918744E-11
 0.38508868490300E-12
 0.71314058907250E-12
-0.74604077868708E-12
-0.28883167599955E-11
 0.85322910900329E-12
 0.24550711848563E-11
-0.82061950085929E-12
-0.30067212570207E-08
 0.11987567814206E-07
-0.47749445517412E-07
 0.12845427902351E-07
-0.77645041004210E-08
 0.19955176572783E-08
-0.12015609329930E-07
-0.25224798739454E-07
-0.76999186370107E-07
-0.13754647140703E-07
-0.20011347697799E-08
-0.14053011792228E-06
 0.70789129164112E-07
-0.11545070164969E-07
 0.29832770150966E-06
 0.19192727105618E-07
-0.52199198175217E-08
-0.25817509512877E-06
 0.23922000460163E-06
 0.14047336605022E-06
-0.23642016799102E-07
 0.57858915035344E-06
-0.49939208079324E-06
-0.58851796040111E-06
-0.22277557107689E-07
 0.49641540156313E-07
-0.23689833753241E-06
 0.70319129956541E-07
 0.20586142623035E-06
 0.30867094397615E-07
-0.70007667330523E-07
 0.41148929451966E-06
 0.97035108084419E-06
 0.13152463331446E-05
 0.15725081192490E-05
 0.21621888492774E-05
 0.28095201424210E-05
 0.32896646630356E-05
 0.37438387039789E-05
 0.44936760243855E-05
 0.51493515132421E-05
 0.60677934209843E-05
 0.73988133046600E-05
 0.86977834862566E-05
 0.10207188717967E-04
 0.11932869180680E-04
 0.13877504464849E-04
 0.16065970014844E-04
 0.18550241786705E-04
 0.21388893916104E-04
 0.38462804714742E-04
 0.27985374947669E-04
 0.31796588931798E-04
 0.36019696461531E-04
 0.40887512224376E-04
 0.46090994568331E-04
 0.51898063795923E-04
 0.58216255708611E-04
 0.64973296386206E-04
 0.72713866104453E-04
 0.80989498475081E-04
 0.90038228759842E-04
 0.10019165205779E-03
 0.11081960685489E-03
 0.12237632756736E-03
 0.13489906908752E-03
 0.14847793537190E-03
 0.16353198430985E-03
 0.17872705312147E-03
 0.19552778658609E-03
 0.21401099382752E-03
 0.23363034228978E-03
 0.25306139339805E-03
 0.27477423147370E-03
 0.29702416684673E-03
 0.35239307671696E-03
 0.29499227403569E-03
 0.45205190636054E-03
 0.40166073223781E-03
 0.42878155602092E-03
 0.45924996665499E-03
 0.48742711509768E-03
 0.51617128349695E-03
 0.54475666896119E-03
 0.57532290716712E-03
 0.59944810728375E-03
 0.61523850541778E-03
 0.63562323159795E-03
 0.64197753269346E-03
 0.70903682251956E-03
 0.54351786426006E-03
 0.70078394578024E-03
 0.54401521218710E-03
 0.46952448614730E-03
 0.34143504346153E-03
 0.15117007445170E-03
-0.85700338095056E-04
-0.32182960427915E-03
-0.11182950672030E-02
-0.13887015935160E-02
-0.25561759903795E-02
-0.37053328553624E-02
-0.57963758275485E-02
-0.81197170574411E-02
-0.11507693062226E-01
-0.17288850291296E-01
-0.23488213356750E-01
-0.34268536968264E-01
-0.46806831690297E-01
-0.60808699057930E-01
-0.73786866842141E-01
-0.95150729403076E-01
-0.11729220689772E+00
-0.82832038250023E-01
 0.98151372972294E-02
 0.95152030932797E-01
 0.14151998007395E+00
 0.15424884622211E+00
 0.15225057543049E+00
 0.14324233827345E+00
 0.13201405405847E+00
 0.12109355625970E+00
 0.11036111095012E+00
 0.10257966346710E+00
 0.93155814411188E-01
 0.87776618205242E-01
 0.82190500661448E-01
 0.77442894144452E-01
 0.72673507948402E-01
 0.70382523967058E-01
 0.65928350975315E-01
 0.63722919291812E-01
 0.61417714466480E-01
 0.59042307657109E-01
 0.57197615091664E-01
 0.55309191786553E-01
 0.53736748864224E-01
 0.52125014067938E-01
 0.50780012116186E-01
 0.49389604431338E-01
 0.48123631011232E-01
 0.47026397605780E-01
 0.45891292850745E-01
 0.44808785339087E-01
 0.43810684235616E-01
 0.43338835557339E-01
 0.42003182775366E-01
 0.41070826252692E-01
 0.40230008907487E-01
 0.39406714909731E-01
 0.38723927300855E-01
 0.37962252504673E-01
 0.37288115822902E-01
 0.36610351862239E-01
 0.35968972544223E-01
 0.35381288722918E-01
 0.34831296639193E-01
 0.34266073040064E-01
 0.33710456919586E-01
 0.33245280080771E-01
 0.32771081630395E-01
 0.32295293657347E-01
 0.31917751049718E-01
 0.31477239626231E-01
 0.31083521064571E-01
 0.30730272684070E-01
 0.30349141464544E-01
 0.29976097907600E-01
 0.29676858831612E-01
 0.29363774030414E-01
 0.29061299329224E-01
 0.28763611173960E-01
 0.28498629796131E-01
 0.28236441978808E-01
 0.27981292564170E-01
 0.27739054504446E-01
 0.27505893489268E-01
 0.27285781501378E-01
 0.27067532758561E-01
 0.26861194693802E-01
 0.26659029248281E-01
 0.26469787999124E-01
 0.26288176881156E-01
 0.26109328726366E-01
 0.25932966954494E-01
 0.25772182700683E-01
 0.25612989527189E-01
 0.25459855893158E-01
 0.25311735959137E-01
 0.25166282161801E-01
 0.25032718742262E-01
 0.24894195358575E-01
 0.24764131946670E-01
 0.24639470709869E-01
 0.24516227452048E-01
 0.24399236875943E-01
 0.24286202466664E-01
 0.24174426280342E-01
 0.24060504333468E-01
 0.23959762050148E-01
 0.23858100177948E-01
 0.23759190525637E-01
 0.23662803808226E-01
 0.23569254173458E-01
 0.23478669941842E-01
 0.23390864649803E-01
 0.23299998372741E-01
 0.23218009371633E-01
 0.23135793284379E-01
 0.23055762776126E-01
 0.22977028587591E-01
 0.22900788634158E-01
 0.22825505260165E-01
 0.22752617917192E-01
 0.22684587920530E-01
 0.22612305650325E-01
 0.22544658975764E-01
 0.22477734372312E-01
 0.22412509374717E-01
 0.22348925605136E-01
 0.22286186189089E-01
 0.22224765272877E-01
 0.22164171081293E-01
 0.22104915416318E-01
 0.22047349190556E-01
 0.21991470362782E-01
 0.21936219214915E-01
 0.21882194176680E-01
 0.21828460406510E-01
 0.21776118287174E-01
 0.21724861459161E-01
 0.21673909322422E-01
 0.21624615124412E-01
 0.21574178003709E-01
 0.21529655365288E-01
 0.21480408286220E-01
 0.21434276484599E-01
 0.21388795656171E-01
 0.21343916718229E-01
 0.21300179174273E-01
 0.21256290354447E-01
 0.21213530339734E-01
 0.21171548540328E-01
 0.21130144461795E-01
 0.21090003762316E-01
 0.21050913745469E-01
 0.21010014547124E-01
 0.20970536113963E-01
 0.20932242089101E-01
 0.20894328763259E-01
 0.20857155711793E-01
 0.20820255040392E-01
 0.20783926251357E-01
 0.20748162538131E-01
 0.20712918906891E-01
 0.20678198889233E-01
 0.20644344179587E-01
 0.20610990920415E-01
 0.20576624211984E-01
 0.20543747682363E-01
 0.20511219037462E-01
 0.20478888644417E-01
 0.20447170714342E-01
 0.20415930363543E-01
 0.20384944761037E-01
 0.20354548338993E-01
 0.20324509169696E-01
 0.20294689810850E-01
 0.20265395712953E-01
 0.20236313492033E-01
 0.20206806001702E-01
 0.20176418890701E-01
 0.20151604267269E-01
