 0.37440144701621+251
 0.19349456116775+121
 0.72074091490772E+77
 0.13910232339942E+56
 0.13021694684047E+43
 0.26846618493168E+34
 0.16778862207274E+28
 0.37296424012080E+23
 0.89658827129031E+19
 0.11411262905683E+17
 0.48807331720642E+14
 0.51813662876125E+12
 0.11068827333989E+11
 0.40961740184592E+09
 0.23526107293684E+08
 0.19311806451902E+07
 0.21272809893013E+06
 0.29940996645110E+05
 0.51801110354757E+04
 0.10680622312995E+04
 0.25594870241373E+03
 0.69839536297330E+02
 0.21334561071370E+02
 0.71939606860398E+01
 0.26460822799923E+01
 0.10510680322430E+01
 0.44703073465049E+00
 0.20208786255792E+00
 0.96492935121759E-01
 0.48397751550301E-01
 0.39681496202781E+04
 0.21662651733899E+04
 0.12266856771799E+04
 0.16221291508924E+04
 0.97914726725835E+03
 0.97277085601405E+03
 0.76965662973333E+03
 0.61681370167422E+03
 0.50022889328498E+03
 0.41017103775989E+03
 0.33978387741926E+03
 0.28416736830718E+03
 0.23977269887208E+03
 0.20399748558985E+03
 0.17491102617491E+03
 0.15106519723007E+03
 0.13136261007521E+03
 0.11496359146648E+03
 0.10121977845431E+03
 0.89626210702213E+02
 0.79786401091049E+02
 0.71386632922238E+02
 0.64176866837300E+02
 0.57956437864508E+02
 0.52563241650434E+02
 0.47865509630989E+02
 0.43755493159234E+02
 0.40144588992220E+02
 0.36959541133152E+02
 0.34139472875437E+02
 0.31633545810691E+02
 0.29399104703437E+02
 0.27400200823880E+02
 0.25606405560489E+02
 0.23991857639372E+02
 0.22534490354146E+02
 0.21215403614873E+02
 0.20018350930554E+02
 0.18929316713196E+02
 0.17936170352914E+02
 0.17028378069091E+02
 0.16196764375288E+02
 0.15433312393334E+02
 0.14730997806235E+02
 0.14083647869063E+02
 0.13485823848551E+02
 0.12932720794074E+02
 0.12420083192407E+02
 0.11946546359598E+02
 0.11504006946720E+02
 0.11091794365820E+02
 0.10707225233823E+02
 0.10347895084550E+02
 0.10011643568508E+02
 0.96965261547442E+01
 0.94007886176453E+01
 0.91228447860559E+01
 0.88612582392843E+01
 0.86147243801121E+01
 0.83820564077688E+01
 0.81621721327069E+01
 0.79540833942524E+01
 0.77568848024082E+01
 0.75697456518914E+01
 0.73919019494290E+01
 0.72226490184790E+01
 0.70613364292733E+01
 0.69073607718100E+01
 0.67601618012896E+01
 0.66192172061357E+01
 0.64840399544654E+01
 0.63541726642535E+01
 0.62291850579316E+01
 0.61086722099971E+01
 0.59922494435923E+01
 0.58797167649935E+01
 0.57704117698390E+01
 0.56641491181038E+01
 0.55606051532641E+01
 0.54594658574128E+01
 0.53604267682477E+01
 0.52631875926573E+01
 0.51674517255602E+01
 0.50729266333153E+01
 0.49793169076469E+01
 0.48863279711999E+01
 0.47936579207997E+01
 0.47010015483528E+01
 0.46080421650379E+01
 0.45144989838918E+01
 0.44199433358943E+01
 0.43240566857497E+01
 0.42264548537838E+01
 0.41267321392765E+01
 0.40244469710563E+01
 0.39191251189096E+01
 0.38102481565434E+01
 0.36972686528759E+01
 0.35795222909027E+01
 0.34563329087558E+01
 0.33269323972733E+01
 0.31904786140016E+01
 0.30460277490377E+01
 0.28925951297898E+01
 0.27291777191037E+01
 0.25548829378463E+01
 0.23692312328729E+01
 0.21727439216882E+01
 0.19680361910547E+01
 0.17613081502805E+01
 0.15630862565146E+01
 0.13855758849190E+01
 0.12369276389250E+01
 0.11180470604317E+01
 0.10248407059316E+01
 0.95185806886668E+00
 0.89425012966749E+00
 0.84827123268400E+00
 0.81117190433060E+00
 0.78095316317617E+00
 0.75614290791375E+00
 0.73566153238063E+00
 0.71868932181152E+00
 0.70460077215758E+00
 0.69290756385549E+00
 0.68322338637649E+00
 0.67523808733803E+00
 0.66869930646756E+00
 0.66339770279837E+00
 0.65916319052400E+00
 0.65584767208422E+00
 0.65332970337249E+00
 0.65150290327717E+00
 0.65027539432374E+00
 0.64957107374335E+00
 0.64931952741596E+00
 0.64946265094843E+00
 0.64994971834646E+00
 0.65073301499867E+00
 0.65177513771498E+00
 0.65303858938689E+00
 0.65449396324988E+00
 0.65611550397909E+00
 0.65787686083944E+00
 0.65975812162306E+00
 0.66174311936382E+00
 0.66381252784429E+00
 0.66595362041701E+00
 0.66815543836982E+00
 0.67040416192505E+00
 0.67269177943874E+00
 0.67500996331308E+00
 0.67735293295944E+00
 0.67971126369652E+00
 0.68208100337887E+00
 0.68445732028394E+00
 0.68683760262267E+00
 0.68921500111597E+00
 0.69158800830173E+00
 0.69395391296946E+00
 0.69631205144268E+00
 0.69865701526473E+00
 0.70098881996518E+00
 0.70330601234732E+00
 0.70560736077994E+00
 0.70789359256153E+00
 0.71016024878845E+00
 0.71240846622301E+00
 0.71463765516350E+00
 0.71683433272358E+00
 0.71902450901831E+00
 0.72119454452919E+00
 0.72334424637404E+00
 0.72547348644596E+00
 0.72758219638202E+00
 0.72967035906007E+00
 0.73173799750983E+00
 0.73378517639932E+00
 0.73581199237965E+00
 0.73781856872797E+00
 0.73980505344707E+00
 0.74177161586072E+00
 0.74371844043820E+00
 0.74564572721026E+00
 0.74755368905133E+00
 0.74944254618112E+00
 0.75131252945825E+00
 0.75316387421157E+00
 0.75499682075691E+00
 0.75681161483757E+00
 0.75860850294641E+00
 0.76038773342723E+00
 0.76214955562489E+00
 0.76389421868443E+00
 0.76562197138144E+00
 0.76733306120941E+00
 0.76902773291392E+00
 0.77070623254659E+00
 0.77236880059197E+00
 0.77401567570098E+00
 0.77564709407138E+00
 0.77726328850889E+00
 0.77886448878418E+00
 0.78045092090807E+00
 0.78202280644838E+00
 0.78358036736793E+00
 0.78512381813387E+00
 0.78665337049157E+00
 0.78816923277013E+00
 0.78967160930447E+00
 0.79116070102183E+00
 0.79263670508738E+00
 0.79409981321672E+00
 0.79555021877401E+00
 0.79698810599988E+00
 0.79841365784797E+00
 0.79982705342505E+00
 0.80122846750626E+00
 0.80261807375076E+00
 0.80399603994095E+00
 0.80536253167543E+00
 0.80671771125729E+00
 0.80806173552841E+00
 0.80939476498509E+00
 0.81071695010628E+00
 0.81202844062390E+00
 0.81332938356283E+00
 0.81461992282523E+00
 0.81590019946482E+00
 0.81717035197658E+00
 0.81843051596996E+00
 0.81968082450412E+00
 0.82092140539095E+00
 0.82215239171763E+00
 0.82337390641500E+00
 0.82458607246990E+00
 0.82578901052307E+00
 0.82698283892092E+00
 0.82816767378590E+00
 0.82934362909767E+00
 0.83051081652192E+00
 0.83166934579440E+00
 0.83281932454506E+00
 0.83396085540705E+00
 0.83509404790138E+00
 0.83621900097111E+00
 0.83733581449848E+00
 0.83844458649303E+00
 0.83954541329709E+00
 0.84063838944423E+00
 0.84172360782499E+00
 0.84280115966763E+00
 0.84387113452965E+00
 0.84493362041829E+00
 0.84598870382197E+00
 0.84703646649042E+00
 0.84807699823089E+00
 0.84911037807349E+00
 0.85013668653076E+00
 0.85115600289001E+00
 0.85216829909840E+00
 0.85317386552099E+00
 0.85417266946864E+00
 0.85516478500663E+00
 0.85615028497182E+00
 0.85712924094913E+00
 0.85810172336061E+00
 0.85906780145784E+00
 0.86002754339264E+00
 0.86098101285237E+00
