 0.92306505013631E+02
 0.92306505013631E+02
 0.92306505013631E+02
 0.92306505013631E+02
 0.92306505013631E+02
 0.92306505013623E+02
 0.92306505013364E+02
 0.92306505009881E+02
 0.92306504983585E+02
 0.92306504851319E+02
 0.92306504356455E+02
 0.92306502873421E+02
 0.92306499125512E+02
 0.92306490838911E+02
 0.92306474371671E+02
 0.92306444366023E+02
 0.92306393423785E+02
 0.92306311925783E+02
 0.92306187854404E+02
 0.92306006779749E+02
 0.92305751870101E+02
 0.92305404022949E+02
 0.92304941996375E+02
 0.92304342635155E+02
 0.92303581068421E+02
 0.92302630949411E+02
 0.92301464717159E+02
 0.92300053800110E+02
 0.92298368850900E+02
 0.92296379975437E+02
 0.92294056691181E+02
 0.92291368860723E+02
 0.92288285833385E+02
 0.92284776535058E+02
 0.92280811907017E+02
 0.92276360338091E+02
 0.92271393496203E+02
 0.92265881702990E+02
 0.92259796183108E+02
 0.92253108643045E+02
 0.92245791261297E+02
 0.92237816726860E+02
 0.92229158177295E+02
 0.92219789210569E+02
 0.92209683829635E+02
 0.92198816373652E+02
 0.92187161492713E+02
 0.92174694054934E+02
 0.92161389073513E+02
 0.92147221600948E+02
 0.92132166657460E+02
 0.92116199107362E+02
 0.92099293531661E+02
 0.92081424123680E+02
 0.92062564542005E+02
 0.92042687770033E+02
 0.92021765959678E+02
 0.91999770265686E+02
 0.91976670690507E+02
 0.91952435894200E+02
 0.91927033000049E+02
 0.91900427410274E+02
 0.91872582587857E+02
 0.91843459848017E+02
 0.91813018120697E+02
 0.91781213711636E+02
 0.91748000092507E+02
 0.91713327586871E+02
 0.91677143137120E+02
 0.91639390014404E+02
 0.91600007497608E+02
 0.91558930675302E+02
 0.91516089974258E+02
 0.91471410919142E+02
 0.91424813762029E+02
 0.91376213113230E+02
 0.91325517481780E+02
 0.91272629149333E+02
 0.91217423329425E+02
 0.91159823603712E+02
 0.91099693662699E+02
 0.91036905071690E+02
 0.90971320913667E+02
 0.90902794441876E+02
 0.90831168932758E+02
 0.90756276909126E+02
 0.90677939157414E+02
 0.90595964919920E+02
 0.90510149651328E+02
 0.90420274997491E+02
 0.90326107196219E+02
 0.90227397466297E+02
 0.90123878693195E+02
 0.90015265485016E+02
 0.89901252407844E+02
 0.89781511744661E+02
 0.89655694300932E+02
 0.89523423795314E+02
 0.89384297058145E+02
 0.89237880102229E+02
 0.89083709243048E+02
 0.88921282645621E+02
 0.88750059229172E+02
 0.88569458884418E+02
 0.88378851261596E+02
 0.88177506226491E+02
 0.87964770039828E+02
 0.87739804821725E+02
 0.87501736402513E+02
 0.87249610986466E+02
 0.86982393590329E+02
 0.86698943525866E+02
 0.86398007193648E+02
 0.86078213798054E+02
 0.85738036321545E+02
 0.85375797003741E+02
 0.84989615780329E+02
 0.84577411147769E+02
 0.84136839467828E+02
 0.83665184552649E+02
 0.83159605577327E+02
 0.82616671509850E+02
 0.82032512088898E+02
 0.81402712077659E+02
 0.80722140101945E+02
 0.79984855109142E+02
 0.79183891499352E+02
 0.78310895152848E+02
 0.77356289897616E+02
 0.76308249748072E+02
 0.75152573460795E+02
 0.73871781110886E+02
 0.72444764622461E+02
 0.70845153663321E+02
 0.69040348345249E+02
 0.66991227818089E+02
 0.64651795512140E+02
 0.61975043339445E+02
 0.58927764494423E+02
 0.55523731861875E+02
 0.51870358289260E+02
 0.48176661492539E+02
 0.44674475889199E+02
 0.41512007442290E+02
 0.38729476443503E+02
 0.36301351836672E+02
 0.34178445394140E+02
 0.32310533484233E+02
 0.30654487856792E+02
 0.29174845416537E+02
 0.27843155001159E+02
 0.26637054194868E+02
 0.25538457670204E+02
 0.24532727770340E+02
 0.23608027012458E+02
 0.22754546384199E+02
 0.21964118735042E+02
 0.21229876515268E+02
 0.20545976064280E+02
 0.19907442020976E+02
 0.19309927133515E+02
 0.18749761439588E+02
 0.18223625144487E+02
 0.17728575043097E+02
 0.17262137766266E+02
 0.16821929839093E+02
 0.16405950995484E+02
 0.16012403334366E+02
 0.15639526019026E+02
 0.15285909721978E+02
 0.14950078057629E+02
 0.14630835781451E+02
 0.14327093366785E+02
 0.14037697477415E+02
 0.13761753257353E+02
 0.13498420330800E+02
 0.13246784194790E+02
 0.13006158634148E+02
 0.12775917168166E+02
 0.12555302161830E+02
 0.12343791040411E+02
 0.12140842090216E+02
 0.11946016863277E+02
 0.11758721340205E+02
 0.11578591206769E+02
 0.11405225835984E+02
 0.11238320303007E+02
 0.11077392621975E+02
 0.10922190194727E+02
 0.10772413248027E+02
 0.10627853442547E+02
 0.10488104815018E+02
 0.10352997091822E+02
 0.10222302459280E+02
 0.10095807543077E+02
 0.99733881520133E+01
 0.98547027316097E+01
 0.97396546868081E+01
 0.96280784053094E+01
 0.95192566823573E+01
 0.94141810720455E+01
 0.93121380484003E+01
 0.92129982565258E+01
 0.91166396397842E+01
 0.90229469937120E+01
 0.89318115548562E+01
 0.88431303830800E+01
 0.87568062360177E+01
 0.86727470037170E+01
 0.85908654318144E+01
 0.85110787896748E+01
 0.84333085785589E+01
 0.83574802913813E+01
 0.82835231027113E+01
 0.82113697044425E+01
 0.81409560653545E+01
 0.80722212110290E+01
 0.80051070691420E+01
 0.79395582641500E+01
 0.78755220261070E+01
 0.78129479522740E+01
 0.77517879264657E+01
 0.76919959725757E+01
 0.76335281388809E+01
 0.75763423826850E+01
 0.75203984672682E+01
 0.74656578185064E+01
 0.74120836101408E+01
 0.73596404165028E+01
 0.73082943042853E+01
 0.72580127128792E+01
 0.72087643880634E+01
 0.71605193096914E+01
 0.71132486370708E+01
 0.70669245750318E+01
 0.70215205964241E+01
 0.69770109805135E+01
 0.69333710359215E+01
 0.68905769863584E+01
 0.68486059298600E+01
 0.68074357948832E+01
 0.67670453038690E+01
 0.67274138451022E+01
 0.66885218015373E+01
 0.66503499791642E+01
 0.66128799281759E+01
 0.65760938326345E+01
 0.65399744829708E+01
 0.65045052380851E+01
 0.64696700199089E+01
 0.64354532750703E+01
 0.64018399577629E+01
 0.63688153975201E+01
 0.63363657215544E+01
 0.63044771769131E+01
 0.62731365455850E+01
 0.62423310227356E+01
 0.62120482001708E+01
 0.61822760501227E+01
 0.61530029095775E+01
 0.61242174675362E+01
 0.60959087507543E+01
 0.60680659811043E+01
 0.60406790820914E+01
 0.60137378946812E+01
 0.59872326725760E+01
 0.59611539519467E+01
 0.59354925386674E+01
 0.59102394976684E+01
 0.58853861447436E+01
 0.58609240376705E+01
 0.58368449668127E+01
 0.58131409476848E+01
 0.57898040648763E+01
 0.57668270548267E+01
 0.57442024213762E+01
 0.57219230010439E+01
 0.56999818242218E+01
 0.56783721038819E+01
 0.56570872301183E+01
 0.56361207639383E+01
 0.56154664319876E+01
 0.55951181211515E+01
 0.55750698733555E+01
 0.55553158805016E+01
 0.55358503145686E+01
 0.55166679805830E+01
 0.54977633374323E+01
 0.54791311265645E+01
 0.54607662229061E+01
 0.54426638975065E+01
 0.54248187184510E+01
 0.54072262024891E+01
 0.53898816994585E+01
 0.53727806692439E+01
 0.53559186785555E+01
 0.53392913977432E+01
 0.53228945977433E+01
 0.53067241471259E+01
 0.52907758297289E+01
