 0.10940884206962E+00
 0.10940884206962E+00
 0.10940884206962E+00
 0.10940884206962E+00
 0.10940884206962E+00
 0.10940884206962E+00
 0.10940884206962E+00
 0.10940884206962E+00
 0.10940884206962E+00
 0.10940884206962E+00
 0.10940884206962E+00
 0.10940884206962E+00
 0.10940884206962E+00
 0.10940884206962E+00
 0.10940884206962E+00
 0.10940860966575E+00
 0.10940860966575E+00
 0.10940836095170E+00
 0.10940810315743E+00
 0.10940757740432E+00
 0.10940702338544E+00
 0.10940614034706E+00
 0.10940515375523E+00
 0.10940370379205E+00
 0.10940181375769E+00
 0.10939968022255E+00
 0.10939687317737E+00
 0.10939344199410E+00
 0.10938956608420E+00
 0.10938478678683E+00
 0.10937940206988E+00
 0.10937294664673E+00
 0.10936553084501E+00
 0.10935731049724E+00
 0.10934781783722E+00
 0.10933735919111E+00
 0.10932548283559E+00
 0.10931250366192E+00
 0.10929818348399E+00
 0.10928221150875E+00
 0.10926495106402E+00
 0.10924593130157E+00
 0.10922548763835E+00
 0.10920337469170E+00
 0.10917930390548E+00
 0.10915362924194E+00
 0.10912610244815E+00
 0.10909665807678E+00
 0.10906500841612E+00
 0.10903153220425E+00
 0.10899596887403E+00
 0.10895803590931E+00
 0.10891809324861E+00
 0.10887588459291E+00
 0.10883134459528E+00
 0.10878441076868E+00
 0.10873479140959E+00
 0.10868285936112E+00
 0.10862833737393E+00
 0.10857114971232E+00
 0.10851100106542E+00
 0.10844823824655E+00
 0.10838257396381E+00
 0.10831391677272E+00
 0.10824217274228E+00
 0.10816702295610E+00
 0.10808878727151E+00
 0.10800714750855E+00
 0.10792198037933E+00
 0.10783315666742E+00
 0.10774032205855E+00
 0.10764375005125E+00
 0.10754307921896E+00
 0.10743813866830E+00
 0.10732874758947E+00
 0.10721471261702E+00
 0.10709560504672E+00
 0.10697163650710E+00
 0.10684231463515E+00
 0.10670746800867E+00
 0.10656678938118E+00
 0.10641977086170E+00
 0.10626653299809E+00
 0.10610654006637E+00
 0.10593944094536E+00
 0.10576486255654E+00
 0.10558218791749E+00
 0.10539142029720E+00
 0.10519190041610E+00
 0.10498314582894E+00
 0.10476443198778E+00
 0.10453562387369E+00
 0.10429593870586E+00
 0.10404475454844E+00
 0.10378140909387E+00
 0.10350497891588E+00
 0.10321513215992E+00
 0.10291085932540E+00
 0.10259130035411E+00
 0.10225532157493E+00
 0.10190235812583E+00
 0.10153115573996E+00
 0.10114038268124E+00
 0.10072922690118E+00
 0.10029619883241E+00
 0.99839792338915E-01
 0.99358491668481E-01
 0.98850993857425E-01
 0.98315354411509E-01
 0.97749476629395E-01
 0.97151708526528E-01
 0.96519634894790E-01
 0.95850630659574E-01
 0.95142453909888E-01
 0.94391837232268E-01
 0.93595994361054E-01
 0.92751089559246E-01
 0.91853653320256E-01
 0.90899286899799E-01
 0.89882931699610E-01
 0.88799839817881E-01
 0.87644202487032E-01
 0.86409110942405E-01
 0.85087509658639E-01
 0.83670654771001E-01
 0.82149171162706E-01
 0.80512114114547E-01
 0.78746610775610E-01
 0.76838480378752E-01
 0.74770548495921E-01
 0.72522949183599E-01
 0.70072103892278E-01
 0.67390963750064E-01
 0.64447748862595E-01
 0.61206003465789E-01
 0.57626646699598E-01
 0.53672133858240E-01
 0.49319841737917E-01
 0.44588985722510E-01
 0.39586311025843E-01
 0.34548277967473E-01
 0.29803093298591E-01
 0.25627530405184E-01
 0.22127649798532E-01
 0.19260646615530E-01
 0.16921272504503E-01
 0.15000048418603E-01
 0.13405274782640E-01
 0.12066349532076E-01
 0.10929515031890E-01
 0.99545275912863E-02
 0.91107924478071E-02
 0.83747739933245E-02
 0.77281482365702E-02
 0.71565407961361E-02
 0.66484457429880E-02
 0.61945723553933E-02
 0.57873360450183E-02
 0.54204746809295E-02
 0.50887918099235E-02
 0.47878995950235E-02
 0.45141424249633E-02
 0.42643546045474E-02
 0.40358166207692E-02
 0.38262462868232E-02
 0.36335856277951E-02
 0.34561022636430E-02
 0.32922803235094E-02
 0.31407324260985E-02
 0.30003114899183E-02
 0.28699259086576E-02
 0.27486664152260E-02
 0.26357240946290E-02
 0.25303204305938E-02
 0.24318192850174E-02
 0.23396433509521E-02
 0.22532256524977E-02
 0.21721102147885E-02
 0.20958873640682E-02
 0.20241286066548E-02
 0.19565046615826E-02
 0.18926982714816E-02
 0.18324410468423E-02
 0.17754316659941E-02
 0.17214531453666E-02
 0.16702886997011E-02
 0.16217599681468E-02
 0.15756467657411E-02
 0.15318041235882E-02
 0.14900806503747E-02
 0.14503568761147E-02
 0.14124653488252E-02
 0.13763089958865E-02
 0.13417797031117E-02
 0.13087777119649E-02
 0.12772302847375E-02
 0.12470125407210E-02
 0.12180661758179E-02
 0.11903179998774E-02
 0.11637001005519E-02
 0.11381693017077E-02
 0.11136272325119E-02
 0.10900395688333E-02
 0.10673556165299E-02
 0.10455278417440E-02
 0.10245323576215E-02
 0.10042870681587E-02
 0.98477386580327E-03
 0.96595664127634E-03
 0.94780146311507E-03
 0.93027649842992E-03
 0.91335185704994E-03
 0.89701864503814E-03
 0.88121153481110E-03
 0.86592529199420E-03
 0.85113660683919E-03
 0.83682339223026E-03
 0.82296481062776E-03
 0.80956106949152E-03
 0.79655333793802E-03
 0.78394426911844E-03
 0.77171715141453E-03
 0.75985668856094E-03
 0.74834772441339E-03
 0.73717610585483E-03
 0.72632840706238E-03
 0.71581136611907E-03
 0.70557353385844E-03
 0.69562310269754E-03
 0.68594930728756E-03
 0.67654173467910E-03
 0.66739024473877E-03
 0.65848584878456E-03
 0.64981931417117E-03
 0.64140154240704E-03
 0.63318507699345E-03
 0.62518167048029E-03
 0.61738407653701E-03
 0.60978516204229E-03
 0.60237810608926E-03
 0.59515638504394E-03
 0.58811375713692E-03
 0.58126413566786E-03
 0.57456182130591E-03
 0.56802115334935E-03
 0.56163715780887E-03
 0.55540480058570E-03
 0.54931924965861E-03
 0.54337586680002E-03
 0.53757020118876E-03
 0.53189797793138E-03
 0.52635509034143E-03
 0.52095726607033E-03
 0.51566127162073E-03
 0.51048288638042E-03
 0.50541894450350E-03
 0.50046607380370E-03
 0.49562102241224E-03
 0.49088065885125E-03
 0.48624196658114E-03
 0.48170203908014E-03
 0.47725807485461E-03
 0.47292720647032E-03
 0.46866719040670E-03
 0.46449489029056E-03
 0.46040831096913E-03
 0.45640512089443E-03
 0.45248305993954E-03
 0.44863994502585E-03
 0.44487366727591E-03
 0.44118218896701E-03
 0.43756354049177E-03
 0.43401581769258E-03
 0.43055710500258E-03
 0.42714593957798E-03
 0.42379981488580E-03
 0.42051759719344E-03
 0.41729768697880E-03
 0.41413852160401E-03
 0.41103858746262E-03
 0.40799641842904E-03
 0.40501059410188E-03
 0.40207973807438E-03
 0.39920251627679E-03
 0.39637763538429E-03
 0.39362382885308E-03
 0.39090024289930E-03
 0.38822467237092E-03
 0.38559663268490E-03
 0.38301503576941E-03
 0.38047884067956E-03
 0.37798692726618E-03
 0.37553831436521E-03
 0.37313201598236E-03
 0.37076707323852E-03
 0.36844255454301E-03
 0.36615755468671E-03
 0.36391119393594E-03
 0.36170261716208E-03
 0.35955070867334E-03
