 0.10000000133514E-09
 0.10000000133514E-09
 0.10000000133514E-09
 0.10000000133514E-09
 0.10000000133514E-09
 0.10000000133514E-09
 0.10000000133514E-09
 0.10000000133514E-09
 0.10000000133514E-09
 0.10000000133514E-09
 0.10000000133514E-09
 0.10000000133514E-09
 0.10000000133514E-09
 0.10000000133514E-09
 0.10000000133514E-09
 0.10000000133514E-09
 0.10000000133514E-09
 0.10000000133514E-09
 0.10000000133514E-09
 0.10000000133514E-09
 0.10000000133514E-09
 0.10000000133514E-09
 0.10000000133514E-09
 0.10000000133514E-09
 0.10000000133514E-09
 0.10000000133514E-09
 0.10000000133514E-09
 0.10000000133514E-09
 0.10000000133514E-09
 0.10000000133514E-09
 0.15636158794622E-04
 0.15636158794622E-04
 0.15636158794622E-04
 0.35315697269199E-04
 0.35315697269199E-04
 0.56523111316887E-04
 0.70218768999410E-04
 0.86293624888347E-04
 0.10499824555513E-03
 0.12659014226170E-03
 0.15133373414034E-03
 0.17949973647820E-03
 0.21136468589273E-03
 0.24721051834856E-03
 0.28732426683806E-03
 0.33199783682682E-03
 0.38152782412852E-03
 0.43621542716186E-03
 0.49636639205812E-03
 0.56229102683406E-03
 0.63430421222182E-03
 0.71272546727913E-03
 0.79787903246095E-03
 0.89009401236247E-03
 0.98970442843975E-03
 0.10970494037027E-02
 0.12124732582476E-02
 0.13363257349547E-02
 0.14689620578121E-02
 0.16107431681271E-02
 0.17620358903257E-02
 0.19232130907742E-02
 0.20946539705842E-02
 0.22767441671906E-02
 0.24698760684656E-02
 0.26744490405280E-02
 0.28908697266367E-02
 0.31195524355742E-02
 0.33609192865407E-02
 0.36154007723220E-02
 0.38834360829880E-02
 0.41654735818271E-02
 0.44619712455289E-02
 0.47733973676240E-02
 0.51002309263919E-02
 0.54429623867562E-02
 0.58020943329283E-02
 0.61781422817138E-02
 0.65729745317036E-02
 0.69846509214927E-02
 0.74149009916746E-02
 0.78643037847137E-02
 0.83334566407834E-02
 0.88229761359965E-02
 0.93334997675347E-02
 0.98656873707949E-02
 0.10420222663831E-01
 0.10997815235548E-01
 0.11599202282065E-01
 0.12225150716467E-01
 0.12876459579712E-01
 0.13553962402022E-01
 0.14258529951395E-01
 0.14991073126018E-01
 0.15752546365038E-01
 0.16543951062221E-01
 0.17366339216777E-01
 0.18220818092722E-01
 0.19108554901717E-01
 0.20030781962616E-01
 0.20988801719779E-01
 0.21983994439534E-01
 0.23017824655415E-01
 0.24091848193231E-01
 0.25207722828173E-01
 0.26368039180687E-01
 0.27573204953060E-01
 0.28825936681091E-01
 0.30128415610387E-01
 0.31482990146183E-01
 0.32892191303899E-01
 0.34358760173938E-01
 0.35885670866518E-01
 0.37476154273772E-01
 0.39133742365808E-01
 0.40862294747675E-01
 0.42666059113565E-01
 0.44549711144561E-01
 0.46518432593217E-01
 0.48578708072323E-01
 0.50735741144689E-01
 0.52997321785398E-01
 0.55371630223224E-01
 0.57867937455291E-01
 0.60496862041932E-01
 0.63270607257801E-01
 0.66203328602583E-01
 0.69312445555784E-01
 0.72616130417782E-01
 0.76138265146396E-01
 0.79906841244491E-01
 0.83956653446590E-01
 0.88328254022954E-01
 0.93073611271108E-01
 0.98257415201307E-01
 0.10395676182808E+00
 0.11026646573410E+00
 0.11728792012296E+00
 0.12510790197888E+00
 0.13374359923190E+00
 0.14305523089992E+00
 0.15271927274303E+00
 0.16234567829042E+00
 0.17166293171283E+00
 0.18057451654577E+00
 0.18909695282311E+00
 0.19729374706421E+00
 0.20523521963007E+00
 0.21298115372614E+00
 0.22058252244711E+00
 0.22807715768661E+00
 0.23549403500869E+00
 0.24285438154042E+00
 0.25017460292003E+00
 0.25746468596025E+00
 0.26473141221355E+00
 0.27197845545238E+00
 0.27920701503126E+00
 0.28641586400494E+00
 0.29360381934274E+00
 0.30076680290843E+00
 0.30790049559674E+00
 0.31500007429952E+00
 0.32206037212849E+00
 0.32907597446967E+00
 0.33604158252094E+00
 0.34295195047617E+00
 0.34980207465679E+00
 0.35658734304600E+00
 0.36330342532972E+00
 0.36994650058316E+00
 0.37651311104011E+00
 0.38300025337044E+00
 0.38940542611134E+00
 0.39572615734503E+00
 0.40196146990476E+00
 0.40810967341246E+00
 0.41416979973839E+00
 0.42014121695279E+00
 0.42602364348651E+00
 0.43181701887811E+00
 0.43752154399633E+00
 0.44313762233059E+00
 0.44866588674457E+00
 0.45410709275457E+00
 0.45946215219784E+00
 0.46473208396173E+00
 0.46991804761598E+00
 0.47502124762658E+00
 0.48004297136429E+00
 0.48498454929805E+00
 0.48984739029786E+00
 0.49463289954489E+00
 0.49934251714051E+00
 0.50397769869934E+00
 0.50853989676225E+00
 0.51303059399821E+00
 0.51745123909169E+00
 0.52180328343901E+00
 0.52608821907735E+00
 0.53030735491937E+00
 0.53446215333732E+00
 0.53855399658822E+00
 0.54258424378822E+00
 0.54655423106599E+00
 0.55046526877975E+00
 0.55431864056285E+00
 0.55811560352297E+00
 0.56185738789942E+00
 0.56554519511374E+00
 0.56918019959907E+00
 0.57276354897382E+00
 0.57629636132081E+00
 0.57977972891381E+00
 0.58321471712932E+00
 0.58660236263961E+00
 0.58994367822265E+00
 0.59323964915466E+00
 0.59649123581453E+00
 0.59969937433487E+00
 0.60286497590365E+00
 0.60598892791464E+00
 0.60907209482931E+00
 0.61211531828434E+00
 0.61511941808266E+00
 0.61808519243607E+00
 0.62101341853189E+00
 0.62390485354465E+00
 0.62676023457471E+00
 0.62958027937794E+00
 0.63236568739619E+00
 0.63511713961398E+00
 0.63783529961251E+00
 0.64052081346183E+00
 0.64317431108449E+00
 0.64579640585280E+00
 0.64838769592352E+00
 0.65094876382001E+00
 0.65348017755313E+00
 0.65598249054702E+00
 0.65845624260571E+00
 0.66090195998749E+00
 0.66332015600799E+00
 0.66571133088781E+00
 0.66807597267938E+00
 0.67041455789284E+00
 0.67272755111909E+00
 0.67501540492091E+00
 0.67727856303838E+00
 0.67951745631518E+00
 0.68173250633489E+00
 0.68392412464737E+00
 0.68609271312929E+00
 0.68823866415211E+00
 0.69036236082046E+00
 0.69246417740502E+00
 0.69454447972996E+00
 0.69660362501609E+00
 0.69864196231194E+00
 0.70065983293546E+00
 0.70265757034197E+00
 0.70463550059011E+00
 0.70659394244612E+00
 0.70853320752862E+00
 0.71045360067873E+00
 0.71235542003150E+00
 0.71423895717822E+00
 0.71610449738713E+00
 0.71795231980626E+00
 0.71978269763593E+00
 0.72159589809679E+00
 0.72339218289116E+00
 0.72517180814682E+00
 0.72693502455861E+00
 0.72868207766421E+00
 0.73041320786434E+00
 0.73212865067174E+00
 0.73382863663729E+00
 0.73551339170358E+00
 0.73718313715605E+00
 0.73883808985711E+00
 0.74047846230365E+00
 0.74210446269714E+00
 0.74371629512462E+00
 0.74531415966054E+00
 0.74689825240049E+00
 0.74846876564368E+00
 0.75002588791704E+00
 0.75156980408486E+00
 0.75310069549086E+00
 0.75461864155790E+00
 0.75612401525962E+00
 0.75761688744317E+00
 0.75909742602320E+00
 0.76056579575942E+00
 0.76202215828608E+00
 0.76346667224112E+00
 0.76489949330779E+00
 0.76632077432462E+00
 0.76773066531696E+00
