 0.29999614129430E+03
 0.29999614129430E+03
 0.29999614129430E+03
 0.29999614129430E+03
 0.29999614129430E+03
 0.29999614129427E+03
 0.29999614129343E+03
 0.29999614128211E+03
 0.29999614119665E+03
 0.29999614076679E+03
 0.29999613915848E+03
 0.29999613433862E+03
 0.29999612215791E+03
 0.29999609522646E+03
 0.29999604170793E+03
 0.29999594418957E+03
 0.29999577862730E+03
 0.29999551375880E+03
 0.29999511052681E+03
 0.29999452203419E+03
 0.29999369357783E+03
 0.29999256307458E+03
 0.29999106148822E+03
 0.29998911356426E+03
 0.29998663847237E+03
 0.29998355058558E+03
 0.29997976033077E+03
 0.29997517485036E+03
 0.29996969876542E+03
 0.29996323492017E+03
 0.29995568424634E+03
 0.29994694879735E+03
 0.29993692895850E+03
 0.29992552373894E+03
 0.29991263869781E+03
 0.29989817109880E+03
 0.29988202886266E+03
 0.29986411553472E+03
 0.29984433759510E+03
 0.29982260308990E+03
 0.29979882159921E+03
 0.29977290436230E+03
 0.29974476407621E+03
 0.29971431493435E+03
 0.29968147244631E+03
 0.29964615321437E+03
 0.29960827485132E+03
 0.29956775567854E+03
 0.29952451448892E+03
 0.29947847020308E+03
 0.29942954163674E+03
 0.29937764709893E+03
 0.29932270397790E+03
 0.29926462840196E+03
 0.29920333476152E+03
 0.29913873525261E+03
 0.29907073936895E+03
 0.29899925336348E+03
 0.29892417974415E+03
 0.29884541665615E+03
 0.29876285725016E+03
 0.29867638908339E+03
 0.29858589341053E+03
 0.29849124450606E+03
 0.29839230889227E+03
 0.29828894456282E+03
 0.29818100030065E+03
 0.29806831465733E+03
 0.29795071519564E+03
 0.29782801754681E+03
 0.29770002436722E+03
 0.29756652469473E+03
 0.29742729241634E+03
 0.29728208548721E+03
 0.29713064472660E+03
 0.29697269261800E+03
 0.29680793181579E+03
 0.29663604473533E+03
 0.29645662582063E+03
 0.29626942671206E+03
 0.29607400440377E+03
 0.29586994148299E+03
 0.29565679296942E+03
 0.29543408193610E+03
 0.29520129903146E+03
 0.29495789995466E+03
 0.29470330226160E+03
 0.29443688598974E+03
 0.29415798636682E+03
 0.29386589374185E+03
 0.29355984838771E+03
 0.29323904176546E+03
 0.29290260575288E+03
 0.29254961282630E+03
 0.29217907032549E+03
 0.29178991317015E+03
 0.29138100647803E+03
 0.29095112733477E+03
 0.29049896543897E+03
 0.29002311033224E+03
 0.28952205503991E+03
 0.28899416859827E+03
 0.28843769249481E+03
 0.28785074137436E+03
 0.28723126660019E+03
 0.28657689523609E+03
 0.28588550262944E+03
 0.28515436567061E+03
 0.28438064330817E+03
 0.28356123570602E+03
 0.28269277916857E+03
 0.28177156645907E+03
 0.28079352337936E+03
 0.27975419484368E+03
 0.27864861804502E+03
 0.27747134026216E+03
 0.27621625128607E+03
 0.27487658623025E+03
 0.27344472827044E+03
 0.27191184979611E+03
 0.27026871812631E+03
 0.26850418240701E+03
 0.26660566428892E+03
 0.26455881425239E+03
 0.26234695533132E+03
 0.25995077910471E+03
 0.25734764737289E+03
 0.25451040924675E+03
 0.25140794216725E+03
 0.24800181168123E+03
 0.24424586374758E+03
 0.24008328861038E+03
 0.23544548502300E+03
 0.23024674940579E+03
 0.22438113212206E+03
 0.21772149040879E+03
 0.21011833541446E+03
 0.20141889085319E+03
 0.19151523460688E+03
 0.18045212855109E+03
 0.16857866444010E+03
 0.15657414985075E+03
 0.14519204663990E+03
 0.13491402418744E+03
 0.12587079844139E+03
 0.11797939346918E+03
 0.11107994753096E+03
 0.10500923382376E+03
 0.99627085534574E+02
 0.94818247603745E+02
 0.90490253753767E+02
 0.86570426133321E+02
 0.82999987428164E+02
 0.79731365253606E+02
 0.76726087790490E+02
 0.73952275748646E+02
 0.71383385888886E+02
 0.68997098674622E+02
 0.66774422208909E+02
 0.64699186568172E+02
 0.62757263183923E+02
 0.60936724678660E+02
 0.59226781719583E+02
 0.57617868890064E+02
 0.56101947740364E+02
 0.54671271977054E+02
 0.53319340735323E+02
 0.52040310836690E+02
 0.50828459561834E+02
 0.49679206596429E+02
 0.48587753687295E+02
 0.47550216289715E+02
 0.46563053442050E+02
 0.45622516801600E+02
 0.44725698086399E+02
 0.43869866075101E+02
 0.43052048633069E+02
 0.42270015560983E+02
 0.41521730796538E+02
 0.40804732025949E+02
 0.40117320881337E+02
 0.39457736793201E+02
 0.38824554805649E+02
 0.38215844355665E+02
 0.37630421422000E+02
 0.37066983966948E+02
 0.36524540984771E+02
 0.36001526021418E+02
 0.35497118132864E+02
 0.35010343056088E+02
 0.34540523688276E+02
 0.34086340648807E+02
 0.33647240548420E+02
 0.33222482992660E+02
 0.32811374515001E+02
 0.32413511494043E+02
 0.32027783877731E+02
 0.31653877732126E+02
 0.31291254817256E+02
 0.30937584217661E+02
 0.30596088484148E+02
 0.30264448657301E+02
 0.29942244333709E+02
 0.29629078829299E+02
 0.29324577729564E+02
 0.29028387553283E+02
 0.28740173745010E+02
 0.28459620267057E+02
 0.28186427762080E+02
 0.27920312653397E+02
 0.27661006066443E+02
 0.27408252880317E+02
 0.27161810946989E+02
 0.26921450083812E+02
 0.26686951539438E+02
 0.26458107212402E+02
 0.26234718935844E+02
 0.26016597974712E+02
 0.25803564358487E+02
 0.25595446584848E+02
 0.25392080844891E+02
 0.25193310761013E+02
 0.24998986910871E+02
 0.24808966451363E+02
 0.24623112743726E+02
 0.24441295018622E+02
 0.24263387910146E+02
 0.24089271732958E+02
 0.23918831353634E+02
 0.23751956488927E+02
 0.23588541316857E+02
 0.23428484261206E+02
 0.23271687756497E+02
 0.23118058070480E+02
 0.22967504868853E+02
 0.22819941938378E+02
 0.22675285686669E+02
 0.22533455866745E+02
 0.22394375205665E+02
 0.22257969272045E+02
 0.22124166333371E+02
 0.21992897237574E+02
 0.21864094996582E+02
 0.21737695854996E+02
 0.21613637432284E+02
 0.21491859766572E+02
 0.21372304956062E+02
 0.21254917069655E+02
 0.21139642023776E+02
 0.21026427564704E+02
 0.20915223143978E+02
 0.20805979862729E+02
 0.20698650041940E+02
 0.20593188595052E+02
 0.20489550824967E+02
 0.20387693773151E+02
 0.20287575823891E+02
 0.20189156650555E+02
 0.20092397162899E+02
 0.19997259456127E+02
 0.19903706769493E+02
 0.19811703439952E+02
 0.19721214438589E+02
 0.19632207016797E+02
 0.19544648157714E+02
 0.19458506185872E+02
 0.19373750343827E+02
 0.19290350750669E+02
 0.19208278367422E+02
 0.19127504970417E+02
 0.19048003122429E+02
 0.18969746142141E+02
 0.18892708079975E+02
 0.18816863210848E+02
 0.18742187928187E+02
 0.18668657869473E+02
 0.18596249753393E+02
 0.18524940928721E+02
 0.18454709337616E+02
 0.18385533497885E+02
 0.18317392482800E+02
 0.18250265903960E+02
 0.18184133893742E+02
 0.18118977088405E+02
 0.18054776611630E+02
 0.17991513522348E+02
 0.17929170936895E+02
 0.17867730846655E+02
 0.17807176161335E+02
 0.17747490224445E+02
 0.17688657666896E+02
 0.17630660834966E+02
 0.17573485158089E+02
 0.17517115523240E+02
 0.17461537175043E+02
 0.17406735705305E+02
 0.17352697042665E+02
 0.17299407442666E+02
 0.17246853478159E+02
 0.17195021446619E+02
