 0.13570889471116E+03
 0.13570889471116E+03
 0.13570889471116E+03
 0.13570889471116E+03
 0.13570889471116E+03
 0.13570889471116E+03
 0.13570889471136E+03
 0.13570889471392E+03
 0.13570889473324E+03
 0.13570889483046E+03
 0.13570889519421E+03
 0.13570889628429E+03
 0.13570889903913E+03
 0.13570890513006E+03
 0.13570891723404E+03
 0.13570893929562E+03
 0.13570897673997E+03
 0.13570903665077E+03
 0.13570912785493E+03
 0.13570926096630E+03
 0.13570944835074E+03
 0.13570970405839E+03
 0.13571004369818E+03
 0.13571048430233E+03
 0.13571104415495E+03
 0.13571174262211E+03
 0.13571259998189E+03
 0.13571363724524E+03
 0.13571487599382E+03
 0.13571633823352E+03
 0.13571804638808E+03
 0.13572002265563E+03
 0.13572228960418E+03
 0.13572487012184E+03
 0.13572778564306E+03
 0.13573105947099E+03
 0.13573471253261E+03
 0.13573876674026E+03
 0.13574324337513E+03
 0.13574816338587E+03
 0.13575354737708E+03
 0.13575941562410E+03
 0.13576578807582E+03
 0.13577268438554E+03
 0.13578012393934E+03
 0.13578812588994E+03
 0.13579670921139E+03
 0.13580589274835E+03
 0.13581569528325E+03
 0.13582613559215E+03
 0.13583723253600E+03
 0.13584900513754E+03
 0.13586147266003E+03
 0.13587465472183E+03
 0.13588857138635E+03
 0.13590324327458E+03
 0.13591869169118E+03
 0.13593493872666E+03
 0.13595200741344E+03
 0.13596992184856E+03
 0.13598870735533E+03
 0.13600839060299E+03
 0.13602899981116E+03
 0.13605056489027E+03
 0.13607311763282E+03
 0.13609669190768E+03
 0.13612132380419E+03
 0.13614705191427E+03
 0.13617391749804E+03
 0.13620196472214E+03
 0.13623124092393E+03
 0.13626179675698E+03
 0.13629368660113E+03
 0.13632696874607E+03
 0.13636170570361E+03
 0.13639796451722E+03
 0.13643581714963E+03
 0.13647534059561E+03
 0.13651663256039E+03
 0.13655975505854E+03
 0.13660481544756E+03
 0.13665191583135E+03
 0.13670116534129E+03
 0.13675268126899E+03
 0.13680658925068E+03
 0.13686302396577E+03
 0.13692213000598E+03
 0.13698406184355E+03
 0.13704898571571E+03
 0.13711707979477E+03
 0.13718853560967E+03
 0.13726355795194E+03
 0.13734236768097E+03
 0.13742520195226E+03
 0.13751231589668E+03
 0.13760398471570E+03
 0.13770050346876E+03
 0.13780219189562E+03
 0.13790939481160E+03
 0.13802248579222E+03
 0.13814186702696E+03
 0.13826797674663E+03
 0.13840129107068E+03
 0.13854232496692E+03
 0.13869164236434E+03
 0.13884989672951E+03
 0.13901769436428E+03
 0.13919580123742E+03
 0.13938502956643E+03
 0.13958627492207E+03
 0.13980052102360E+03
 0.14002886366149E+03
 0.14027252172546E+03
 0.14053284682529E+03
 0.14081136255931E+03
 0.14110976926994E+03
 0.14142999769010E+03
 0.14177422222886E+03
 0.14214492876198E+03
 0.14254503026659E+03
 0.14297768363064E+03
 0.14344671932491E+03
 0.14395656048785E+03
 0.14451237216070E+03
 0.14512028864750E+03
 0.14578759982830E+03
 0.14652308247426E+03
 0.14733752596728E+03
 0.14824383829155E+03
 0.14925837910610E+03
 0.15040162855628E+03
 0.15169986072358E+03
 0.15318666608078E+03
 0.15490641170320E+03
 0.15691807807043E+03
 0.15929989826023E+03
 0.16215642905652E+03
 0.16562124602778E+03
 0.16984958274821E+03
 0.17497868287723E+03
 0.18103595749150E+03
 0.18784780148795E+03
 0.19507190904575E+03
 0.20236602424409E+03
 0.20950946805636E+03
 0.21640289588161E+03
 0.22302231254054E+03
 0.22937833862431E+03
 0.23549269229073E+03
 0.24139086299549E+03
 0.24709609174060E+03
 0.25262838893862E+03
 0.25800490102810E+03
 0.26324033257374E+03
 0.26834628672062E+03
 0.27333261633923E+03
 0.27820747929923E+03
 0.28297765110115E+03
 0.28764868379005E+03
 0.29222560324973E+03
 0.29671233037960E+03
 0.30111216265692E+03
 0.30542817730035E+03
 0.30966312155293E+03
 0.31381918353194E+03
 0.31789872258259E+03
 0.32190365456150E+03
 0.32583578977501E+03
 0.32969713165980E+03
 0.33348924447456E+03
 0.33721404171447E+03
 0.34087309769218E+03
 0.34446796999637E+03
 0.34800049182221E+03
 0.35147207358465E+03
 0.35488441456577E+03
 0.35823916971806E+03
 0.36153777439982E+03
 0.36478163820847E+03
 0.36797246312153E+03
 0.37111159056537E+03
 0.37420043911045E+03
 0.37724028530823E+03
 0.38023269202891E+03
 0.38317885208300E+03
 0.38608003248288E+03
 0.38893735037496E+03
 0.39175221317627E+03
 0.39452565237202E+03
 0.39725877271863E+03
 0.39995252758941E+03
 0.40260817142886E+03
 0.40522657608633E+03
 0.40780869226989E+03
 0.41035543504632E+03
 0.41286757062492E+03
 0.41534617731147E+03
 0.41779194846958E+03
 0.42020566687206E+03
 0.42258886337870E+03
 0.42494067205380E+03
 0.42726260310920E+03
 0.42955531884129E+03
 0.43181946136244E+03
 0.43405564869714E+03
 0.43626447008103E+03
 0.43844650838069E+03
 0.44060230918579E+03
 0.44273240328629E+03
 0.44483730189581E+03
 0.44691749795007E+03
 0.44897346699139E+03
 0.45100566253852E+03
 0.45301453721444E+03
 0.45500051359140E+03
 0.45696400429908E+03
 0.45890540867462E+03
 0.46082511254995E+03
 0.46272348436282E+03
 0.46460089563918E+03
 0.46645769132617E+03
 0.46829421053213E+03
 0.47011078190504E+03
 0.47190772432419E+03
 0.47368534718222E+03
 0.47544395082337E+03
 0.47718382220995E+03
 0.47890525444360E+03
 0.48060851831228E+03
 0.48229388181779E+03
 0.48396160587444E+03
 0.48561194450106E+03
 0.48724514500630E+03
 0.48886144848317E+03
 0.49046108532174E+03
 0.49204429414924E+03
 0.49361129398891E+03
 0.49516230309916E+03
 0.49669753472963E+03
 0.49821719716042E+03
 0.49972149400887E+03
 0.50121062434251E+03
 0.50268477818807E+03
 0.50414415552177E+03
 0.50558893810179E+03
 0.50701930852440E+03
 0.50843544564808E+03
 0.50983752461567E+03
 0.51122571744521E+03
 0.51260019240671E+03
 0.51396111472090E+03
 0.51530864647593E+03
 0.51664294210809E+03
 0.51796416706839E+03
 0.51927247009614E+03
 0.52056800169748E+03
 0.52185090985457E+03
 0.52312133996241E+03
 0.52437943493364E+03
 0.52562533531201E+03
 0.52685917928817E+03
 0.52808110280432E+03
 0.52929123493430E+03
 0.53048971663113E+03
 0.53167667287842E+03
 0.53285223111379E+03
 0.53401651691324E+03
 0.53516965394339E+03
 0.53631176404997E+03
 0.53744296725802E+03
 0.53856338181825E+03
 0.53967312429329E+03
 0.54077230956916E+03
 0.54186104618637E+03
 0.54293945518715E+03
 0.54400764213889E+03
 0.54506571553669E+03
 0.54611378248115E+03
 0.54715194865135E+03
 0.54818031830112E+03
 0.54919899430972E+03
 0.55020807819768E+03
 0.55120767015815E+03
 0.55219786908775E+03
 0.55317877261979E+03
 0.55415047238455E+03
 0.55511307296451E+03
 0.55606666382111E+03
 0.55701133758849E+03
 0.55794718589916E+03
 0.55887428531328E+03
 0.55979275349008E+03
 0.56070266443734E+03
 0.56160410540917E+03
 0.56249716260820E+03
 0.56338192120178E+03
 0.56425846534263E+03
 0.56512687818790E+03
 0.56598724191806E+03
 0.56683963301729E+03
