 0.16245642999342E+03
 0.16245642999342E+03
 0.16245642999342E+03
 0.16245642999342E+03
 0.16245642999342E+03
 0.16245642999339E+03
 0.16245642999245E+03
 0.16245642998134E+03
 0.16245642990593E+03
 0.16245642956051E+03
 0.16245642837128E+03
 0.16245642506583E+03
 0.16245641727134E+03
 0.16245640111519E+03
 0.16245637090415E+03
 0.16245631894151E+03
 0.16245623547464E+03
 0.16245610884992E+03
 0.16245592571900E+03
 0.16245567139685E+03
 0.16245533022065E+03
 0.16245488597007E+03
 0.16245432222859E+03
 0.16245362276174E+03
 0.16245277180598E+03
 0.16245175433146E+03
 0.16245055626787E+03
 0.16244916463764E+03
 0.16244756767422E+03
 0.16244575490960E+03
 0.16244371600202E+03
 0.16244144506366E+03
 0.16243893470401E+03
 0.16243617613056E+03
 0.16243317133382E+03
 0.16242990847575E+03
 0.16242639158180E+03
 0.16242261646316E+03
 0.16241858176216E+03
 0.16241428656073E+03
 0.16240973020538E+03
 0.16240491217954E+03
 0.16239983189393E+03
 0.16239448854712E+03
 0.16238888093512E+03
 0.16238300724954E+03
 0.16237686492889E+03
 0.16237045044988E+03
 0.16236375915063E+03
 0.16235678500902E+03
 0.16234952049594E+03
 0.16234195636920E+03
 0.16233408143420E+03
 0.16232588242219E+03
 0.16231734375476E+03
 0.16230844735891E+03
 0.16229917251005E+03
 0.16228949552990E+03
 0.16227938975911E+03
 0.16226882527721E+03
 0.16225776879926E+03
 0.16224618330038E+03
 0.16223402813459E+03
 0.16222125869329E+03
 0.16220782628867E+03
 0.16219367812522E+03
 0.16217875671346E+03
 0.16216300036571E+03
 0.16214634267809E+03
 0.16212871250340E+03
 0.16211003408362E+03
 0.16209022605246E+03
 0.16206920262971E+03
 0.16204687272731E+03
 0.16202314007232E+03
 0.16199790314355E+03
 0.16197105565096E+03
 0.16194248446082E+03
 0.16191203382486E+03
 0.16187965032181E+03
 0.16184517324174E+03
 0.16180846943780E+03
 0.16176939754237E+03
 0.16172781320635E+03
 0.16168356572748E+03
 0.16163649882386E+03
 0.16158645228734E+03
 0.16153325558858E+03
 0.16147673701667E+03
 0.16141671778995E+03
 0.16135301583600E+03
 0.16128543643457E+03
 0.16121378559032E+03
 0.16113786135983E+03
 0.16105745581421E+03
 0.16097235902935E+03
 0.16088234333566E+03
 0.16078718573325E+03
 0.16068665325716E+03
 0.16058051213449E+03
 0.16046850512062E+03
 0.16035038370492E+03
 0.16022589432882E+03
 0.16009475518100E+03
 0.15995669624454E+03
 0.15981137326456E+03
 0.15965861017571E+03
 0.15949803664417E+03
 0.15932935044670E+03
 0.15915224417573E+03
 0.15896636327802E+03
 0.15877137921678E+03
 0.15856695943065E+03
 0.15835271432771E+03
 0.15812830989030E+03
 0.15789333770885E+03
 0.15764745518092E+03
 0.15739024283325E+03
 0.15712133981823E+03
 0.15684033720853E+03
 0.15654697732398E+03
 0.15624086624450E+03
 0.15592179832672E+03
 0.15558954007518E+03
 0.15524411184428E+03
 0.15488563154390E+03
 0.15451453830221E+03
 0.15413161486347E+03
 0.15373850006465E+03
 0.15333759385878E+03
 0.15293280188070E+03
 0.15253017373291E+03
 0.15213942935568E+03
 0.15177545640453E+03
 0.15146180113002E+03
 0.15123641023881E+03
 0.15115937830936E+03
 0.15132664112762E+03
 0.15188458211465E+03
 0.15303397134977E+03
 0.15499090055660E+03
 0.15788530484157E+03
 0.16167296300416E+03
 0.16617247754238E+03
 0.17117644186741E+03
 0.17651902594959E+03
 0.18208702922577E+03
 0.18780614975037E+03
 0.19362473912675E+03
 0.19950663663086E+03
 0.20542328562363E+03
 0.21135112965102E+03
 0.21727040679115E+03
 0.22316449777774E+03
 0.22901843882244E+03
 0.23481968005668E+03
 0.24055758255929E+03
 0.24622325900684E+03
 0.25180934795771E+03
 0.25731021232498E+03
 0.26272124741119E+03
 0.26803869991030E+03
 0.27326023610669E+03
 0.27838443362804E+03
 0.28341004083452E+03
 0.28833718852435E+03
 0.29316596598279E+03
 0.29789692395880E+03
 0.30253156837221E+03
 0.30707092352951E+03
 0.31151710141716E+03
 0.31587176619454E+03
 0.32013675150433E+03
 0.32431466318831E+03
 0.32840741134250E+03
 0.33241731961800E+03
 0.33634704761486E+03
 0.34019870057727E+03
 0.34397437217355E+03
 0.34767686722523E+03
 0.35130820749250E+03
 0.35487062242814E+03
 0.35836604208492E+03
 0.36179709129931E+03
 0.36516556298106E+03
 0.36847344828365E+03
 0.37172241230819E+03
 0.37491483085392E+03
 0.37805222084061E+03
 0.38113629718072E+03
 0.38416844051195E+03
 0.38715077622577E+03
 0.39008454391371E+03
 0.39297119656230E+03
 0.39581212716542E+03
 0.39860839494530E+03
 0.40136183873807E+03
 0.40407339225108E+03
 0.40674422849814E+03
 0.40937741858982E+03
 0.41197007214453E+03
 0.41452523933051E+03
 0.41704389806355E+03
 0.41952699102383E+03
 0.42197542186428E+03
 0.42439005067465E+03
 0.42677171960671E+03
 0.42912121902603E+03
 0.43143931318410E+03
 0.43372673543796E+03
 0.43598419020352E+03
 0.43821235442592E+03
 0.44041187305117E+03
 0.44258338239088E+03
 0.44472747890329E+03
 0.44684474144563E+03
 0.44893572799983E+03
 0.45100097579836E+03
 0.45304099753839E+03
 0.45505630352988E+03
 0.45704737036432E+03
 0.45901466333768E+03
 0.46095863177595E+03
 0.46287971003499E+03
 0.46477831803158E+03
 0.46665486194050E+03
 0.46850972988118E+03
 0.47034331254666E+03
 0.47215597361739E+03
 0.47394807039414E+03
 0.47571994946145E+03
 0.47747194705501E+03
 0.47920438940555E+03
 0.48091759340365E+03
 0.48261186211203E+03
 0.48428750443258E+03
 0.48594480650810E+03
 0.48758405128351E+03
 0.48920551423967E+03
 0.49080946353609E+03
 0.49239616043098E+03
 0.49396585949201E+03
 0.49551880411104E+03
 0.49705524595447E+03
 0.49857541631698E+03
 0.50007954564464E+03
 0.50156785893538E+03
 0.50304057583109E+03
 0.50449791130088E+03
 0.50594007504903E+03
 0.50736727230154E+03
 0.50877970377769E+03
 0.51017756118581E+03
 0.51156104610568E+03
 0.51293034206659E+03
 0.51428563324241E+03
 0.51562710016921E+03
 0.51695491972078E+03
 0.51826926525905E+03
 0.51957030678856E+03
 0.52085821100854E+03
 0.52213314145764E+03
 0.52339525392703E+03
 0.52464471524134E+03
 0.52588167544024E+03
 0.52710628623668E+03
 0.52831869673006E+03
 0.52951905338443E+03
 0.53070750014324E+03
 0.53188417845959E+03
 0.53304922736086E+03
 0.53420278356424E+03
 0.53534498150735E+03
 0.53647594873893E+03
 0.53759582463860E+03
 0.53870473267860E+03
 0.53980279870324E+03
 0.54089014665974E+03
 0.54196689858684E+03
 0.54303317463050E+03
 0.54408909310748E+03
 0.54513477054002E+03
 0.54617032169914E+03
 0.54719585965132E+03
 0.54821149580480E+03
 0.54921733525549E+03
 0.55021349546960E+03
 0.55120007864138E+03
 0.55217718972953E+03
 0.55314493235579E+03
 0.55410339428227E+03
 0.55505270545683E+03
 0.55599295046073E+03
 0.55692422730339E+03
 0.55784663266051E+03
 0.55876026189561E+03
 0.55966520909147E+03
 0.56056156707859E+03
 0.56144942745878E+03
 0.56232887600021E+03
