 0.00000000000000E+00
 0.00000000000000E+00
 0.00000000000000E+00
 0.00000000000000E+00
 0.87632712475874E-36
 0.19299906856969E-31
 0.24412865303623E-28
 0.51780520529188E-26
 0.33396694360775E-24
 0.93612351156996E-23
 0.14313883424769E-21
 0.13892418612224E-20
 0.95049361194675E-20
 0.49409540028739E-19
 0.20616977277416E-18
 0.71959608147989E-18
 0.21681515711019E-17
 0.57793824840284E-17
 0.13896787787973E-16
 0.30627279660678E-16
 0.62750556276165E-16
 0.12137373660423E-15
 0.22664892237677E-15
 0.42466320936671E-15
 0.84708176366761E-15
 0.19034355442237E-14
 0.48414528068564E-14
 0.13232110632792E-13
 0.36581796687701E-13
 0.98466870104383E-13
 0.98189494800313E-09
 0.13292708665459E-08
 0.17671781266453E-08
 0.52156047047378E-08
 0.67163873837587E-08
 0.13645489707623E-07
 0.21249911418211E-07
 0.32353314514867E-07
 0.48245066220709E-07
 0.70575809313058E-07
 0.10142755662567E-06
 0.14339084541087E-06
 0.19964911716620E-06
 0.27407021486136E-06
 0.37130497741602E-06
 0.49689284313424E-06
 0.65737434535141E-06
 0.86041051573382E-06
 0.11149090786183E-05
 0.14311574801269E-05
 0.18209625923980E-05
 0.22977972076907E-05
 0.28769532626992E-05
 0.35757019673967E-05
 0.44134603487601E-05
 0.54119650077264E-05
 0.65954523364285E-05
 0.79908462139587E-05
 0.96279517860765E-05
 0.11539657187720E-04
 0.13762142107301E-04
 0.16335093552417E-04
 0.19301930222592E-04
 0.22710033192911E-04
 0.26610986460450E-04
 0.31060825424448E-04
 0.36120295099842E-04
 0.41855119441184E-04
 0.48336278133672E-04
 0.55640299973430E-04
 0.63849566178439E-04
 0.73052629146169E-04
 0.83344546883764E-04
 0.94827238349369E-04
 0.10760985264668E-03
 0.12180916715849E-03
 0.13755000750019E-03
 0.15496569584387E-03
 0.17423155444341E-03
 0.19544014477454E-03
 0.21878080309130E-03
 0.24442625375354E-03
 0.27256056785882E-03
 0.30337988095291E-03
 0.33709318194826E-03
 0.37392317295460E-03
 0.41410721739336E-03
 0.45789837202667E-03
 0.50556655791988E-03
 0.55739982039349E-03
 0.61370576499254E-03
 0.67481308884537E-03
 0.74107339587305E-03
 0.81286312329288E-03
 0.89058575967746E-03
 0.97467433981905E-03
 0.10655941079638E-02
 0.11638458266614E-02
 0.12699692341496E-02
 0.13845471507087E-02
 0.15082097922206E-02
 0.16416403791296E-02
 0.17855809675884E-02
 0.19408389231040E-02
 0.21082954176231E-02
 0.22889804708037E-02
 0.24838347061679E-02
 0.26940739127139E-02
 0.29209811279008E-02
 0.31659762885726E-02
 0.34306346960737E-02
 0.37167126184663E-02
 0.40261744771409E-02
 0.43612239381043E-02
 0.47243484634225E-02
 0.51183621459317E-02
 0.55464711323346E-02
 0.60123385608698E-02
 0.65201805707877E-02
 0.70749842143761E-02
 0.76822481802665E-02
 0.83487079727961E-02
 0.90822312126640E-02
 0.98921708139581E-02
 0.10789770340513E-01
 0.11788644755717E-01
 0.12905468902017E-01
 0.14161104314035E-01
 0.15581129450039E-01
 0.17198590607362E-01
 0.19055918664558E-01
 0.21208968408995E-01
 0.23731447553836E-01
 0.26723863445994E-01
 0.30324903209214E-01
 0.34727012458350E-01
 0.40201003506561E-01
 0.47117493099042E-01
 0.55951238657685E-01
 0.67206199224948E-01
 0.81175055543785E-01
 0.97611973297550E-01
 0.11567502293745E+00
 0.13433022182902E+00
 0.15277153802626E+00
 0.17052639571650E+00
 0.18737646303264E+00
 0.20324966248790E+00
 0.21814528090062E+00
 0.23210068581402E+00
 0.24516812254224E+00
 0.25740239744329E+00
 0.26885970280829E+00
 0.27959450231850E+00
 0.28965676108419E+00
 0.29909360210409E+00
 0.30794867414511E+00
 0.31626233656111E+00
 0.32407191441023E+00
 0.33141203107876E+00
 0.33831480069645E+00
 0.34480924774287E+00
 0.35092316209194E+00
 0.35668247035792E+00
 0.36211021903365E+00
 0.36722924280040E+00
 0.37205974790150E+00
 0.37662056091012E+00
 0.38093024094896E+00
 0.38500467873679E+00
 0.38886011618419E+00
 0.39251056232456E+00
 0.39596905981637E+00
 0.39924885126964E+00
 0.40236105701957E+00
 0.40531627214977E+00
 0.40812520322074E+00
 0.41079676234116E+00
 0.41333920692225E+00
 0.41576140619393E+00
 0.41807041050418E+00
 0.42027316407313E+00
 0.42237571729363E+00
 0.42438489730294E+00
 0.42630585015592E+00
 0.42814376465250E+00
 0.42990305383179E+00
 0.43158904919680E+00
 0.43320550181457E+00
 0.43475630635711E+00
 0.43624467105832E+00
 0.43767484572935E+00
 0.43904955097691E+00
 0.44037173747402E+00
 0.44164416365244E+00
 0.44286897950504E+00
 0.44404947710154E+00
 0.44518746331718E+00
 0.44628505900878E+00
 0.44734733364298E+00
 0.44836988535840E+00
 0.44935765108085E+00
 0.45031227451694E+00
 0.45123530179051E+00
 0.45212818801576E+00
 0.45299230324347E+00
 0.45382893926369E+00
 0.45463931359017E+00
 0.45542457546869E+00
 0.45618581007578E+00
 0.45692404292770E+00
 0.45764024381346E+00
 0.45833533018355E+00
 0.45901017094045E+00
 0.45966558917145E+00
 0.46030236509967E+00
 0.46092123900972E+00
 0.46152291345521E+00
 0.46210805579826E+00
 0.46267730003086E+00
 0.46323124916079E+00
 0.46377047681080E+00
 0.46429552903824E+00
 0.46480692591001E+00
 0.46530516302934E+00
 0.46579071291799E+00
 0.46626402652742E+00
 0.46672553367271E+00
 0.46717564533824E+00
 0.46761475397047E+00
 0.46804323468886E+00
 0.46846144618453E+00
 0.46886973163544E+00
 0.46926841947929E+00
 0.46965782452743E+00
 0.47003824747683E+00
 0.47040997736875E+00
 0.47077329103842E+00
 0.47112845402431E+00
 0.47147572111086E+00
 0.47181533688428E+00
 0.47214753621687E+00
 0.47247254511736E+00
 0.47279057967980E+00
 0.47310184872175E+00
 0.47340655274175E+00
 0.47370488461272E+00
 0.47399702992740E+00
 0.47428316743298E+00
 0.47456346918778E+00
 0.47483810098163E+00
 0.47510722257806E+00
 0.47537098841236E+00
 0.47562954613346E+00
 0.47588303939402E+00
 0.47613160640234E+00
 0.47637538054681E+00
 0.47661449059538E+00
 0.47684906089637E+00
 0.47707921157039E+00
 0.47730505867546E+00
 0.47752671438160E+00
 0.47774428760369E+00
 0.47795788225007E+00
 0.47816760020592E+00
 0.47837353960676E+00
 0.47857579540967E+00
 0.47877445952826E+00
 0.47896962095541E+00
 0.47916136587282E+00
 0.47934977775656E+00
 0.47953493748788E+00
 0.47971692344646E+00
 0.47989581211882E+00
 0.48007167614073E+00
 0.48024458743179E+00
 0.48041461528731E+00
 0.48058182691558E+00
 0.48074628753336E+00
 0.48090806043374E+00
 0.48106720705796E+00
 0.48122378705969E+00
 0.48137785836800E+00
 0.48152947724905E+00
 0.48167869836460E+00
 0.48182557536847E+00
 0.48197015880201E+00
 0.48211249934906E+00
 0.48225264580194E+00
 0.48239064558738E+00
 0.48252654283512E+00
 0.48266038645358E+00
 0.48279221803167E+00
 0.48292208003704E+00
 0.48305001379788E+00
 0.48317605953943E+00
 0.48330025642047E+00
 0.48342264256743E+00
 0.48354325510796E+00
 0.48366213075635E+00
