 0.00000000000000E+00
 0.00000000000000E+00
 0.00000000000000E+00
 0.00000000000000E+00
 0.67297471336992E-78
 0.71889526280118E-65
 0.14549773996618E-55
 0.13883508111238E-48
 0.37248640686223E-43
 0.82035048995640E-39
 0.29327322187282E-35
 0.26812268889434E-32
 0.85871211375885E-30
 0.12062363472994E-27
 0.87634456727971E-26
 0.37261956839521E-24
 0.10192077567147E-22
 0.19301925267538E-21
 0.26822015262554E-20
 0.28648716640143E-19
 0.24421403006140E-18
 0.17133574918397E-17
 0.10147859373929E-16
 0.51826027183706E-16
 0.23232448976035E-15
 0.92801237503452E-15
 0.33457534461917E-14
 0.11007524556299E-13
 0.33362357610241E-13
 0.93920896641022E-13
 0.24735064658427E-12
 0.61323605609234E-12
 0.14391138960902E-11
 0.32123550077570E-11
 0.68498277998671E-11
 0.14006294807668E-10
 0.27557149693306E-10
 0.52328351113938E-10
 0.96165635070755E-10
 0.17145586456572E-09
 0.29723467378517E-09
 0.50203548469349E-09
 0.82765443185323E-09
 0.13340226258684E-08
 0.21053905936237E-08
 0.32580387589772E-08
 0.49497318068503E-08
 0.73911334519477E-08
 0.10859391103680E-07
 0.15714087594696E-07
 0.22415739431559E-07
 0.31546999226030E-07
 0.43836693961016E-07
 0.60186801720927E-07
 0.81702439377438E-07
 0.10972490158929E-06
 0.14586776048028E-06
 0.19205600508438E-06
 0.25056817097352E-06
 0.32408138744230E-06
 0.41571924750959E-06
 0.52910238899193E-06
 0.66840166774777E-06
 0.83839379482683E-06
 0.10445193164569E-05
 0.12929428196479E-05
 0.15906152549507E-05
 0.19453383234331E-05
 0.23658308489356E-05
 0.28617971491022E-05
 0.34439974457850E-05
 0.41243203312193E-05
 0.49158576151401E-05
 0.58329815591364E-05
 0.68914249471455E-05
 0.81083643283938E-05
 0.95025070138985E-05
 0.11094181925576E-04
 0.12905468061118E-04
 0.14960181367497E-04
 0.17284141535753E-04
 0.19905191922271E-04
 0.22853347306003E-04
 0.26160932832444E-04
 0.29862733064355E-04
 0.33996157143713E-04
 0.38601422155171E-04
 0.43721751399785E-04
 0.49403605651970E-04
 0.55696932192699E-04
 0.62655452015929E-04
 0.70336970184481E-04
 0.78803751042200E-04
 0.88122920184344E-04
 0.98366933137317E-04
 0.10961411484174E-03
 0.12194924039039E-03
 0.13546427077182E-03
 0.15025912968270E-03
 0.16644264764562E-03
 0.18413356780692E-03
 0.20346186407836E-03
 0.22457014829513E-03
 0.24761525283407E-03
 0.27277032296995E-03
 0.30022837594687E-03
 0.33020012867487E-03
 0.36292382592384E-03
 0.39866506593319E-03
 0.43772221348758E-03
 0.48043148543628E-03
 0.52717395106376E-03
 0.57838324144624E-03
 0.63455458135687E-03
 0.69625757723427E-03
 0.76414929222385E-03
 0.83899372759495E-03
 0.92168237179674E-03
 0.10132641211447E-02
 0.11149877566418E-02
 0.12283218561233E-02
 0.13550487734263E-02
 0.14973242096237E-02
 0.16577804825660E-02
 0.18396714305575E-02
 0.20470543597602E-02
 0.22850532463131E-02
 0.25602477508163E-02
 0.28811043824111E-02
 0.32588435160610E-02
 0.37084840247213E-02
 0.42505876941397E-02
 0.49137089519965E-02
 0.57386393694534E-02
 0.67849021673980E-02
 0.81409031200785E-02
 0.99406603094117E-02
 0.12386655565719E-01
 0.15775089918058E-01
 0.20495703879215E-01
 0.26941401967226E-01
 0.35301009164933E-01
 0.45391043010227E-01
 0.56748226341229E-01
 0.68867102593325E-01
 0.81343293414222E-01
 0.93898433152618E-01
 0.10635124573982E+00
 0.11858333745019E+00
 0.13052044349871E+00
 0.14211668953689E+00
 0.15334190685295E+00
 0.16417988446920E+00
 0.17462335646555E+00
 0.18467021633414E+00
 0.19432332028307E+00
 0.20358873821416E+00
 0.21247488086503E+00
 0.22099200946303E+00
 0.22915127940768E+00
 0.23696526284221E+00
 0.24444580883562E+00
 0.25160632728780E+00
 0.25846052805901E+00
 0.26502050247795E+00
 0.27130036955021E+00
 0.27731238064584E+00
 0.28306852360429E+00
 0.28858211082872E+00
 0.29386377114157E+00
 0.29892613883274E+00
 0.30377951556909E+00
 0.30843376865161E+00
 0.31290023092320E+00
 0.31718770859739E+00
 0.32130482571522E+00
 0.32526149883135E+00
 0.32906521409059E+00
 0.33272300233652E+00
 0.33624370050358E+00
 0.33963348171668E+00
 0.34289889584517E+00
 0.34604536338421E+00
 0.34908027395277E+00
 0.35200831885832E+00
 0.35483468527726E+00
 0.35756345577986E+00
 0.36020086611423E+00
 0.36275042347181E+00
 0.36521621648947E+00
 0.36760125542812E+00
 0.36991089988147E+00
 0.37214770641416E+00
 0.37431491185837E+00
 0.37641557454564E+00
 0.37845169799001E+00
 0.38042781921073E+00
 0.38234559008784E+00
 0.38420745868012E+00
 0.38602223012679E+00
 0.38777892916835E+00
 0.38948630779142E+00
 0.39114633059881E+00
 0.39276086200311E+00
 0.39433167164832E+00
 0.39586043949628E+00
 0.39734876328791E+00
 0.39879816044856E+00
 0.40021007499515E+00
 0.40158588117933E+00
 0.40292688775467E+00
 0.40423434178840E+00
 0.40550943189177E+00
 0.40675329220965E+00
 0.40796700478264E+00
 0.40915160273727E+00
 0.41030807322850E+00
 0.41143735964806E+00
 0.41254036436488E+00
 0.41361795020878E+00
 0.41467094352559E+00
 0.41570013550609E+00
 0.41670628420729E+00
 0.41769011622258E+00
 0.41865232832905E+00
 0.41959358898474E+00
 0.42051454022907E+00
 0.42141579716961E+00
 0.42229795198566E+00
 0.42316157330902E+00
 0.42400720780817E+00
 0.42483538119789E+00
 0.42564659929557E+00
 0.42644134888074E+00
 0.42722009934726E+00
 0.42798330071916E+00
 0.42873138861016E+00
 0.42946478220489E+00
 0.43018388566239E+00
 0.43088908875999E+00
 0.43158076755787E+00
 0.43225928497844E+00
 0.43292499227924E+00
 0.43357822601150E+00
 0.43421931385313E+00
 0.43484857161788E+00
 0.43546630452065E+00
 0.43607280761609E+00
 0.43666836632954E+00
 0.43725325666655E+00
 0.43782774573389E+00
 0.43839209204876E+00
 0.43894654693479E+00
 0.43949135064486E+00
 0.44002673893526E+00
 0.44055293923785E+00
 0.44107017193784E+00
 0.44157865064421E+00
 0.44207858245212E+00
 0.44257016819544E+00
 0.44305360266758E+00
 0.44352907485222E+00
 0.44399676932461E+00
 0.44445686170375E+00
 0.44490952593032E+00
 0.44535492980549E+00
 0.44579323626885E+00
 0.44622460359323E+00
 0.44664918555693E+00
 0.44706713159078E+00
 0.44747858692853E+00
 0.44788369275912E+00
 0.44828258635862E+00
 0.44867540252819E+00
 0.44906226852136E+00
 0.44944331190232E+00
 0.44981865561315E+00
 0.45018841925515E+00
 0.45055271924100E+00
 0.45091166889361E+00
 0.45126537854961E+00
 0.45161395565291E+00
 0.45195750484754E+00
 0.45229612806711E+00
 0.45262992462141E+00
 0.45295899267385E+00
 0.45328342376150E+00
 0.45360331112046E+00
 0.45391874439817E+00
 0.45422981095420E+00
 0.45453659371496E+00
 0.45483918034565E+00
 0.45513764954116E+00
 0.45543208034806E+00
 0.45572254988721E+00
 0.45600913341046E+00
 0.45629190435603E+00
 0.45657093440188E+00
 0.45684629351714E+00
 0.45711805145974E+00
