 0.00000000000000E+00
 0.00000000000000E+00
 0.00000000000000E+00
 0.00000000000000E+00
 0.87632711305852E-26
 0.19299906599288E-21
 0.24412864977677E-18
 0.51780519837844E-16
 0.33396693914881E-14
 0.93612349907111E-13
 0.14313883233597E-11
 0.13892418426135E-10
 0.95049359889940E-10
 0.49409539175188E-09
 0.20616975998287E-08
 0.71959568371815E-08
 0.21681412090515E-07
 0.57791883856446E-07
 0.13894099609559E-06
 0.30598602447254E-06
 0.62506224200590E-06
 0.11965994795881E-05
 0.21649965394416E-05
 0.37283300704564E-05
 0.61474592820653E-05
 0.97539461386228E-05
 0.14956322315491E-04
 0.22244375976093E-04
 0.32191281342172E-04
 0.45453535485443E-04
 0.62768789836001E-04
 0.84951750376273E-04
 0.11288841082256E-03
 0.14752889939397E-03
 0.18987920873752E-03
 0.24099225207912E-03
 0.30195827787437E-03
 0.37389524241389E-03
 0.45793908148262E-03
 0.55523424750068E-03
 0.66692462289693E-03
 0.79414494396071E-03
 0.93801284038837E-03
 0.10996215516164E-02
 0.12800333715094E-02
 0.14802738425996E-02
 0.17013266985488E-02
 0.19441295547063E-02
 0.22095703178420E-02
 0.24984842904992E-02
 0.28116519238354E-02
 0.31497971896601E-02
 0.35135865224268E-02
 0.39036282792452E-02
 0.43204726848406E-02
 0.47646122077200E-02
 0.52364823286699E-02
 0.57364626590587E-02
 0.62648783629707E-02
 0.68220018598562E-02
 0.74080547657818E-02
 0.80232100350899E-02
 0.86675942897187E-02
 0.93412902939662E-02
 0.10044339566806E-01
 0.10776745099790E-01
 0.11538474143322E-01
 0.12329461114380E-01
 0.13149610516789E-01
 0.13998799931401E-01
 0.14876883057227E-01
 0.15783692690682E-01
 0.16719043896716E-01
 0.17682737036651E-01
 0.18674560882408E-01
 0.19694295730145E-01
 0.20741716586138E-01
 0.21816596063625E-01
 0.22918726302641E-01
 0.24047853032381E-01
 0.25203776031878E-01
 0.26386291237471E-01
 0.27595208005539E-01
 0.28830353194911E-01
 0.30091574077353E-01
 0.31378741904788E-01
 0.32691755777024E-01
 0.34030545181972E-01
 0.35395075442621E-01
 0.36785350671016E-01
 0.38201418709714E-01
 0.39643373629023E-01
 0.41111363169630E-01
 0.42605592007028E-01
 0.44126327562247E-01
 0.45673906798500E-01
 0.47248738806517E-01
 0.48851317071085E-01
 0.50482223662672E-01
 0.52142139998722E-01
 0.53831850093736E-01
 0.55552259606151E-01
 0.57304404040299E-01
 0.59089454948309E-01
 0.60908746419168E-01
 0.62763873059764E-01
 0.64656383437490E-01
 0.66588255321294E-01
 0.68561645923605E-01
 0.70578983356708E-01
 0.72642985003405E-01
 0.74756722958469E-01
 0.76923660082681E-01
 0.79147682637721E-01
 0.81433208659006E-01
 0.83785210861025E-01
 0.86209365444214E-01
 0.88712098675296E-01
 0.91300776522770E-01
 0.93984028038590E-01
 0.96771261181109E-01
 0.99673829961862E-01
 0.10270482995711E+00
 0.10587950699849E+00
 0.10921587921367E+00
 0.11273523448574E+00
 0.11646301189989E+00
 0.12043020212659E+00
 0.12467348505415E+00
 0.12923876309652E+00
 0.13418262678763E+00
 0.13957638943425E+00
 0.14550915230837E+00
 0.15209550961710E+00
 0.15948264947295E+00
 0.16785679924554E+00
 0.17745144713919E+00
 0.18853506270704E+00
 0.20136136483093E+00
 0.21603164145481E+00
 0.23226005982868E+00
 0.24924652697119E+00
 0.26593825325703E+00
 0.28152635740144E+00
 0.29565512222106E+00
 0.30830020541508E+00
 0.31959233365583E+00
 0.32970450243382E+00
 0.33880184705152E+00
 0.34702961572725E+00
 0.35450999091845E+00
 0.36134244870701E+00
 0.36761002810089E+00
 0.37338175252921E+00
 0.37871475354234E+00
 0.38365739083411E+00
 0.38825071077705E+00
 0.39252983926455E+00
 0.39652514460863E+00
 0.40026287485727E+00
 0.40376625024526E+00
 0.40705517210023E+00
 0.41014778195769E+00
 0.41306030796168E+00
 0.41580660961640E+00
 0.41840000037928E+00
 0.42085183929763E+00
 0.42317240464460E+00
 0.42537167709806E+00
 0.42745786055063E+00
 0.42943936046503E+00
 0.43132315578596E+00
 0.43311563387601E+00
 0.43482337655777E+00
 0.43645167791745E+00
 0.43800549834934E+00
 0.43949005090519E+00
 0.44090943092670E+00
 0.44226739580865E+00
 0.44356822200133E+00
 0.44481506651580E+00
 0.44601111463529E+00
 0.44715904062189E+00
 0.44826215006010E+00
 0.44932268860722E+00
 0.45034301798106E+00
 0.45132504432049E+00
 0.45227139698772E+00
 0.45318367826852E+00
 0.45406366089537E+00
 0.45491269869890E+00
 0.45573295023033E+00
 0.45652554841367E+00
 0.45729184444628E+00
 0.45803310450992E+00
 0.45875020392872E+00
 0.45944489248395E+00
 0.46011788808678E+00
 0.46077017551734E+00
 0.46140494872080E+00
 0.46201847357614E+00
 0.46261390756060E+00
 0.46319202316465E+00
 0.46375354970114E+00
 0.46429917602945E+00
 0.46482955307249E+00
 0.46534529707606E+00
 0.46584699086873E+00
 0.46633518679325E+00
 0.46681040844937E+00
 0.46727315260294E+00
 0.46772389089283E+00
 0.46816307129783E+00
 0.46859111982964E+00
 0.46900844163361E+00
 0.46941542234675E+00
 0.46981242934481E+00
 0.47019981271451E+00
 0.47057790638821E+00
 0.47094702882934E+00
 0.47130748424017E+00
 0.47165956316296E+00
 0.47200354330538E+00
 0.47233969023347E+00
 0.47266825804613E+00
 0.47298948998837E+00
 0.47330361919325E+00
 0.47361086859248E+00
 0.47391145236036E+00
 0.47420557577417E+00
 0.47449343582024E+00
 0.47477522159853E+00
 0.47505111473821E+00
 0.47532128974160E+00
 0.47558591459338E+00
 0.47584515013040E+00
 0.47609915176745E+00
 0.47634806884850E+00
 0.47659204515804E+00
 0.47683121917173E+00
 0.47706572431145E+00
 0.47729568916933E+00
 0.47752123803241E+00
 0.47774248987592E+00
 0.47795956036160E+00
 0.47817256084463E+00
 0.47838159882125E+00
 0.47858677809498E+00
 0.47878819897268E+00
 0.47898595835077E+00
 0.47918014990579E+00
 0.47937086421219E+00
 0.47955818922651E+00
 0.47974220898917E+00
 0.47992300585638E+00
 0.48010065921700E+00
 0.48027524593369E+00
 0.48044684044309E+00
 0.48061551485271E+00
 0.48078133903397E+00
 0.48094438070397E+00
 0.48110470551018E+00
 0.48126237750927E+00
 0.48141745764003E+00
 0.48157000618260E+00
 0.48172008125976E+00
 0.48186773927269E+00
 0.48201303497138E+00
 0.48215602151704E+00
 0.48229675053580E+00
 0.48243527217330E+00
 0.48257163514956E+00
 0.48270588680701E+00
 0.48283807359751E+00
 0.48296823937854E+00
 0.48309642806055E+00
 0.48322268194962E+00
 0.48334704218134E+00
 0.48346954877440E+00
 0.48359024066619E+00
 0.48370915574974E+00
 0.48382633090732E+00
 0.48394180204353E+00
 0.48405560411730E+00
 0.48416777117269E+00
 0.48427833683700E+00
 0.48438733248109E+00
 0.48449479001823E+00
 0.48460074012876E+00
 0.48470521269853E+00
 0.48480823609979E+00
 0.48490984027245E+00
 0.48501005212141E+00
 0.48510889864827E+00
 0.48520640618748E+00
 0.48530260042640E+00
 0.48539750642477E+00
 0.48549114863356E+00
 0.48558355091303E+00
 0.48567473703604E+00
