                  NaN
                  NaN
                  NaN
                  NaN
 0.13021694684047E+43
 0.26846618493168E+34
 0.16778862207274E+28
 0.37296424012080E+23
 0.89658827129032E+19
 0.11411262905685E+17
 0.48807331720783E+14
 0.51813662877664E+12
 0.11068827337094E+11
 0.40961740325070E+09
 0.23526108390691E+08
 0.19311816729836E+07
 0.21272910815462E+06
 0.29942000105804E+05
 0.51811124749355E+04
 0.10690628849239E+04
 0.25694902238167E+03
 0.70839703437435E+02
 0.22334653450071E+02
 0.81940143291597E+01
 0.36461148135585E+01
 0.20510885365649E+01
 0.14470441067220E+01
 0.12020968533947E+01
 0.10964991477842E+01
 0.10484021514481E+01
 0.39696477917579E+04
 0.21676332520567E+04
 0.12279626591380E+04
 0.16236078179851E+04
 0.98051915756028E+03
 0.97423978968032E+03
 0.77112152942917E+03
 0.61827506172366E+03
 0.50168717947125E+03
 0.41162668592189E+03
 0.34123729689415E+03
 0.28561894484096E+03
 0.24122279719951E+03
 0.20544645161693E+03
 0.17635918890326E+03
 0.15251287043934E+03
 0.13281009375935E+03
 0.11641117310730E+03
 0.10266773412742E+03
 0.91074806061919E+02
 0.81235892215726E+02
 0.72837267063889E+02
 0.65628883082691E+02
 0.59410067741703E+02
 0.54018709629603E+02
 0.49323033598915E+02
 0.45215284821762E+02
 0.41606854263410E+02
 0.38424480446457E+02
 0.35607281488124E+02
 0.33104414072103E+02
 0.30873218288694E+02
 0.28877740966194E+02
 0.27087549231685E+02
 0.25476777730369E+02
 0.24023355830157E+02
 0.22708379658387E+02
 0.21515599079609E+02
 0.20430994952754E+02
 0.19442433224481E+02
 0.18539376751450E+02
 0.17712646758593E+02
 0.16954223130278E+02
 0.16257078372010E+02
 0.15615036581259E+02
 0.15022655892748E+02
 0.14475128226583E+02
 0.13968194940685E+02
 0.13500599406259E+02
 0.13064022418816E+02
 0.12657892359811E+02
 0.12279522584260E+02
 0.11926505303983E+02
 0.11596676727699E+02
 0.11288088776798E+02
 0.10998983543166E+02
 0.10727771006175E+02
 0.10473010741032E+02
 0.10233393924351E+02
 0.10007729303026E+02
 0.97949299741149E+01
 0.95940027993167E+01
 0.94040370676797E+01
 0.92241964019402E+01
 0.90537107468242E+01
 0.88918689096407E+01
 0.87380134927658E+01
 0.85915335463017E+01
 0.84518607077746E+01
 0.83184638690474E+01
 0.81908465152971E+01
 0.80685409355013E+01
 0.79511056173048E+01
 0.78381234632771E+01
 0.77291964707443E+01
 0.76241310088851E+01
 0.75222099886387E+01
 0.74232489582518E+01
 0.73269051580011E+01
 0.72328435501307E+01
 0.71407366087973E+01
 0.70502584791349E+01
 0.69610842580320E+01
 0.68728901598642E+01
 0.67853458517305E+01
 0.66981180222467E+01
 0.66108612614233E+01
 0.65232218222307E+01
 0.64348282296048E+01
 0.63453469979664E+01
 0.62542631981756E+01
 0.61611863251873E+01
 0.60656410644337E+01
 0.59671174307990E+01
 0.58650529443965E+01
 0.57588332715787E+01
 0.56477760082133E+01
 0.55311460812806E+01
 0.54080405920591E+01
 0.52775134867937E+01
 0.51384658899778E+01
 0.49896555335716E+01
 0.48296404580889E+01
 0.46568292108134E+01
 0.44694680131024E+01
 0.42657444691487E+01
 0.40440979024803E+01
 0.38038914418063E+01
 0.35468094919470E+01
 0.32790383595023E+01
 0.30130226943102E+01
 0.27651326578651E+01
 0.25484107715126E+01
 0.23671263489592E+01
 0.22183529184960E+01
 0.20963792902770E+01
 0.19955227871383E+01
 0.19111168945321E+01
 0.18395947153390E+01
 0.17782707412905E+01
 0.17251184455616E+01
 0.16786174290250E+01
 0.16375922280462E+01
 0.16011288980902E+01
 0.15685082675166E+01
 0.15391544446050E+01
 0.15126017128765E+01
 0.14884692970461E+01
 0.14664417740609E+01
 0.14462586983385E+01
 0.14276978686185E+01
 0.14105754129527E+01
 0.13947310700598E+01
 0.13800268576271E+01
 0.13663479453397E+01
 0.13535891728022E+01
 0.13416629543730E+01
 0.13304925468739E+01
 0.13200064267846E+01
 0.13101467977531E+01
 0.13008568528086E+01
 0.12920902898579E+01
 0.12838057958033E+01
 0.12759621496337E+01
 0.12685266361638E+01
 0.12614696067746E+01
 0.12547602611656E+01
 0.12483749261569E+01
 0.12422922491671E+01
 0.12364883135989E+01
 0.12309458077897E+01
 0.12256474697512E+01
 0.12205790395887E+01
 0.12157229410229E+01
 0.12110675439108E+01
 0.12066006577625E+01
 0.12023126157961E+01
 0.11981899262283E+01
 0.11942246618721E+01
 0.11904080014192E+01
 0.11867333547331E+01
 0.11831899137592E+01
 0.11797722877494E+01
 0.11764739355098E+01
 0.11732887625214E+01
 0.11702126899078E+01
 0.11672371332433E+01
 0.11643588283963E+01
 0.11615731265133E+01
 0.11588641760244E+01
 0.11562512855456E+01
 0.11537187369408E+01
 0.11512629399528E+01
 0.11488805159689E+01
 0.11465682838151E+01
 0.11443232463943E+01
 0.11421425739656E+01
 0.11400235975983E+01
 0.11379637943253E+01
 0.11359607781431E+01
 0.11340122906017E+01
 0.11321161922779E+01
 0.11302704552280E+01
 0.11284731549361E+01
 0.11267224647649E+01
 0.11250166491349E+01
 0.11233540578010E+01
 0.11217331208085E+01
 0.11201523431766E+01
 0.11186103016015E+01
 0.11171056385633E+01
 0.11156370595025E+01
 0.11142033289022E+01
 0.11128032669615E+01
 0.11114357464259E+01
 0.11100996896665E+01
 0.11087940651789E+01
 0.11075178880512E+01
 0.11062702131080E+01
 0.11050501356109E+01
 0.11038567884455E+01
 0.11026893401949E+01
 0.11015469932367E+01
 0.11004289821120E+01
 0.10993345707400E+01
 0.10982630553272E+01
 0.10972137563655E+01
 0.10961860216371E+01
 0.10951792238774E+01
 0.10941927595978E+01
 0.10932260479402E+01
 0.10922785296339E+01
 0.10913496645918E+01
 0.10904389365421E+01
 0.10895458438354E+01
 0.10886699040551E+01
 0.10878106519267E+01
 0.10869676385433E+01
 0.10861404305964E+01
 0.10853286097985E+01
 0.10845317721601E+01
 0.10837495274099E+01
 0.10829814967948E+01
 0.10822273190032E+01
 0.10814866399836E+01
 0.10807591188156E+01
 0.10800444257064E+01
 0.10793422415238E+01
 0.10786522573688E+01
 0.10779741741646E+01
 0.10773077022772E+01
 0.10766525611443E+01
 0.10760084771122E+01
 0.10753751903343E+01
 0.10747524436706E+01
 0.10741399894589E+01
 0.10735375875489E+01
 0.10729450049883E+01
 0.10723620157466E+01
 0.10717884004754E+01
 0.10712239462603E+01
 0.10706684463857E+01
 0.10701217001159E+01
 0.10695835105172E+01
 0.10690536920892E+01
 0.10685320589133E+01
 0.10680184320778E+01
 0.10675126377322E+01
 0.10670145068555E+01
 0.10665238750945E+01
 0.10660405826038E+01
 0.10655644738967E+01
 0.10650953976976E+01
 0.10646332068038E+01
 0.10641777579498E+01
 0.10637289095956E+01
 0.10632865300973E+01
 0.10628504852801E+01
 0.10624206463237E+01
 0.10619968878177E+01
 0.10615790884765E+01
 0.10611671274378E+01
 0.10607608896306E+01
 0.10603602619911E+01
 0.10599651343069E+01
 0.10595753991281E+01
 0.10591909516838E+01
 0.10588116897996E+01
 0.10584375138195E+01
 0.10580683243898E+01
