                  NaN
                  NaN
                  NaN
                  NaN
 0.10000000133514E-09
 0.10000000133514E-09
 0.10000000133514E-09
 0.10000000133514E-09
 0.10000000133514E-09
 0.10000000133517E-09
 0.10000000133557E-09
 0.10000000133950E-09
 0.10000000137269E-09
 0.10000000172750E-09
 0.10000000620425E-09
 0.10000005527573E-09
 0.10000047792323E-09
 0.10000335857513E-09
 0.10001934762589E-09
 0.10009372066412E-09
 0.10039089239304E-09
 0.10143221577032E-09
 0.10468789129576E-09
 0.11390172043290E-09
 0.13779379818568E-09
 0.19514517685172E-09
 0.32370610265881E-09
 0.59485195930033E-09
 0.11363883375396E-08
 0.21663192764382E-08
 0.15643044107885E-04
 0.15647362893150E-04
 0.15654203241668E-04
 0.35353105229977E-04
 0.35371894734631E-04
 0.56622109590242E-04
 0.70373667407959E-04
 0.86530425757740E-04
 0.10535258546729E-03
 0.12710997138730E-03
 0.15208248900017E-03
 0.18056004322804E-03
 0.21284262706206E-03
 0.24924049047465E-03
 0.29007445093263E-03
 0.33567629774611E-03
 0.38638924899734E-03
 0.44256850766502E-03
 0.50458184997125E-03
 0.57281027764277E-03
 0.64764865699093E-03
 0.72950639972429E-03
 0.81880814499260E-03
 0.91599448298085E-03
 0.10215225672519E-02
 0.11358668390593E-02
 0.12595196398006E-02
 0.13929919340345E-02
 0.15368138419069E-02
 0.16915353329973E-02
 0.18577268314577E-02
 0.20359797987308E-02
 0.22269074413748E-02
 0.24311452142303E-02
 0.26493515361023E-02
 0.28822084160692E-02
 0.31304221555799E-02
 0.33947241532210E-02
 0.36758714694977E-02
 0.39746478445358E-02
 0.42918644942510E-02
 0.46283610925407E-02
 0.49850067622669E-02
 0.53627013823040E-02
 0.57623766001401E-02
 0.61849973630715E-02
 0.66315633486243E-02
 0.71031106498892E-02
 0.76021482233651E-02
 0.81271348636144E-02
 0.86804771957416E-02
 0.92633804256066E-02
 0.98770977846631E-02
 0.10522933205219E-01
 0.11202244890272E-01
 0.11916448852194E-01
 0.12667022848751E-01
 0.13455510911687E-01
 0.14283528191357E-01
 0.15152766256832E-01
 0.16064999304240E-01
 0.17022090379093E-01
 0.18025999109183E-01
 0.19078789543842E-01
 0.20182639455349E-01
 0.21339850434057E-01
 0.22552858232414E-01
 0.23824246641454E-01
 0.25156760974628E-01
 0.26553324254483E-01
 0.28017052908164E-01
 0.29551280015761E-01
 0.31159576606585E-01
 0.32845774678440E-01
 0.34614001133992E-01
 0.36469713534475E-01
 0.38415923905940E-01
 0.40458695001314E-01
 0.42603719449143E-01
 0.44857210149538E-01
 0.47225959890179E-01
 0.49717436390719E-01
 0.52339871410350E-01
 0.55102357930892E-01
 0.58015010598505E-01
 0.61089088316809E-01
 0.64337222571528E-01
 0.67773603044565E-01
 0.71414294807904E-01
 0.75278580435722E-01
 0.79385636670468E-01
 0.83760280667359E-01
 0.88430419644886E-01
 0.93428568892931E-01
 0.98793054802993E-01
 0.10456930177591E+00
 0.11081173920790E+00
 0.11758764881213E+00
 0.12497548651400E+00
 0.13307610035325E+00
 0.14201479819528E+00
 0.15195240753084E+00
 0.16309247341049E+00
 0.17570448669570E+00
 0.19014546917443E+00
 0.20688475304210E+00
 0.22654649570160E+00
 0.24991368938232E+00
 0.27786481634480E+00
 0.31109423958622E+00
 0.34950070883328E+00
 0.39162821838971E+00
 0.43496947701485E+00
 0.47714971723759E+00
 0.51672210810554E+00
 0.55311800875031E+00
 0.58629836607539E+00
 0.61646007557539E+00
 0.64387276161294E+00
 0.66882097462379E+00
 0.69156900742649E+00
 0.71235028811132E+00
 0.73137205803999E+00
 0.74881672825356E+00
 0.76484150241008E+00
 0.77958514354130E+00
 0.79316963394290E+00
 0.80570266238527E+00
 0.81727960714848E+00
 0.82798593598505E+00
 0.83789767096915E+00
 0.84708234012555E+00
 0.85560175509649E+00
 0.86351184919710E+00
 0.87086210430302E+00
 0.87769895427223E+00
 0.88406349494028E+00
 0.88999319609798E+00
 0.89552328342057E+00
 0.90068452184001E+00
 0.90550646257273E+00
 0.91001504801969E+00
 0.91423404939874E+00
 0.91818626319092E+00
 0.92189141977746E+00
 0.92536800034986E+00
 0.92863354330809E+00
 0.93170327855711E+00
 0.93459117909086E+00
 0.93731107318299E+00
 0.93987466247240E+00
 0.94229302876632E+00
 0.94457604324897E+00
 0.94673372990792E+00
 0.94877436854425E+00
 0.95070590096392E+00
 0.95253533842566E+00
 0.95427005128187E+00
 0.95591594002178E+00
 0.95747874978548E+00
 0.95896349410783E+00
 0.96037568823616E+00
 0.96171956312743E+00
 0.96299932487808E+00
 0.96421887261835E+00
 0.96538154253084E+00
 0.96649126884579E+00
 0.96755087086119E+00
 0.96856325066549E+00
 0.96953302057815E+00
 0.97045878249826E+00
 0.97134488119985E+00
 0.97219350074357E+00
 0.97300668012417E+00
 0.97378632433129E+00
 0.97453421420653E+00
 0.97525201633124E+00
 0.97594129081384E+00
 0.97660349972821E+00
 0.97724001397294E+00
 0.97785212007670E+00
 0.97844102626418E+00
 0.97900786773497E+00
 0.97955371221572E+00
 0.98007956438988E+00
 0.98058637016755E+00
 0.98107502105152E+00
 0.98154635747470E+00
 0.98200117244144E+00
 0.98244021452043E+00
 0.98286419089569E+00
 0.98327376996396E+00
 0.98366958389092E+00
 0.98405223088549E+00
 0.98442227737647E+00
 0.98478025997881E+00
 0.98512668743621E+00
 0.98546204199191E+00
 0.98578678149984E+00
 0.98610134055690E+00
 0.98640613200429E+00
 0.98670154817107E+00
 0.98698796211398E+00
 0.98726572869142E+00
 0.98753518579072E+00
 0.98779665474791E+00
 0.98805044206111E+00
 0.98829683969633E+00
 0.98853612604482E+00
 0.98876856664258E+00
 0.98899441490008E+00
 0.98921391273946E+00
 0.98942729136856E+00
 0.98963477123962E+00
 0.98983656350304E+00
 0.99003286994457E+00
 0.99022388356899E+00
 0.99040978903375E+00
 0.99059076320309E+00
 0.99076697534471E+00
 0.99093858765850E+00
 0.99110575558001E+00
 0.99126862827449E+00
 0.99142734831615E+00
 0.99158205292712E+00
 0.99173287364125E+00
 0.99187993672400E+00
 0.99202336340859E+00
 0.99216327014017E+00
 0.99229976880753E+00
 0.99243296694063E+00
 0.99256296792028E+00
 0.99268987132593E+00
 0.99281377246492E+00
 0.99293476351724E+00
 0.99305293305554E+00
 0.99316836634885E+00
 0.99328114551237E+00
 0.99339134964735E+00
 0.99349905497082E+00
 0.99360433493422E+00
 0.99370726035163E+00
 0.99380789950517E+00
 0.99390631841278E+00
 0.99400258029071E+00
 0.99409674660562E+00
 0.99418887654243E+00
 0.99427902723210E+00
 0.99436725384680E+00
 0.99445360967427E+00
 0.99453814619719E+00
 0.99462091316373E+00
 0.99470195865556E+00
 0.99478132915566E+00
 0.99485906961120E+00
 0.99493522364733E+00
 0.99500983300553E+00
 0.99508293852018E+00
 0.99515457956958E+00
 0.99522479426565E+00
 0.99529361695043E+00
 0.99536108853224E+00
 0.99542724098183E+00
 0.99549210781884E+00
 0.99555572151954E+00
 0.99561811355410E+00
 0.99567931442468E+00
 0.99573935369994E+00
 0.99579826004971E+00
 0.99585606142090E+00
