-0.00000000000000E+00
-0.00000000000000E+00
-0.00000000000000E+00
-0.33667642357773E-06
-0.00000000000000E+00
 0.37034406593550E-05
 0.16497144755309E-03
 0.26503168064039E-02
 0.23893589104888E-01
 0.14331911339995E+00
 0.63756414332914E+00
 0.22620501077356E+01
 0.67330914655567E+01
 0.17436034971093E+02
 0.40350418205178E+02
 0.85153633609461E+02
 0.16644663604084E+03
 0.30503913296972E+03
 0.52923586281646E+03
 0.87632221973493E+03
 0.13926813274519E+04
 0.21364408532922E+04
 0.31771702939889E+04
 0.45972490158896E+04
 0.64924532428941E+04
 0.89721369139787E+04
 0.12160086771957E+05
 0.16194632549256E+05
 0.21228748644534E+05
 0.27430309456731E+05
 0.34982810452711E+05
 0.44084676486424E+05
 0.54949102912882E+05
 0.67804731397736E+05
 0.82894439070620E+05
 0.10047692693017E+06
 0.12082506340445E+06
 0.14422623433754E+06
 0.17098232842925E+06
 0.20140913013151E+06
 0.23583656038442E+06
 0.27460776380029E+06
 0.31807977876856E+06
 0.36662240230649E+06
 0.42061786605824E+06
 0.48046136972026E+06
 0.54655942488795E+06
 0.61933038337464E+06
 0.69920377175684E+06
 0.78661985386190E+06
 0.88202891877245E+06
 0.98589116716849E+06
 0.10986755811871E+07
 0.12208599066283E+07
 0.13529298479036E+07
 0.14953782686132E+07
 0.16487051373878E+07
 0.18134164357613E+07
 0.19900236860613E+07
 0.21790432780949E+07
 0.23809959125418E+07
 0.25964058952614E+07
 0.28258006343101E+07
 0.30697098356010E+07
 0.33286650821031E+07
 0.36031992128818E+07
 0.38938458559089E+07
 0.42011386251647E+07
 0.45256109664637E+07
 0.48677954917672E+07
 0.52282236004117E+07
 0.56074251292829E+07
 0.60059279439787E+07
 0.64242576883621E+07
 0.68629374926846E+07
 0.73224877700324E+07
 0.78034260266829E+07
 0.83062668422137E+07
 0.88315162274276E+07
 0.93796920570355E+07
 0.99512953380458E+07
 0.10546828387406E+08
 0.11166790851134E+08
 0.11811679585551E+08
 0.12481989303123E+08
 0.13178212535100E+08
 0.13900840087241E+08
 0.14650361733867E+08
 0.15427266222150E+08
 0.16232042083872E+08
 0.17065178056636E+08
 0.17927163986735E+08
 0.18818491077752E+08
 0.19739652845695E+08
 0.20691145781874E+08
 0.21673470005095E+08
 0.22687130802944E+08
 0.23732638339491E+08
 0.24810509195556E+08
 0.25921266876235E+08
 0.27065443878733E+08
 0.28243580696279E+08
 0.29456227573506E+08
 0.30703946517001E+08
 0.31987309774843E+08
 0.33306874940042E+08
 0.34663285407827E+08
 0.36057131106214E+08
 0.37489034552560E+08
 0.38959631010087E+08
 0.40469570858529E+08
 0.42019513878111E+08
 0.43610129713048E+08
 0.45242099433456E+08
 0.46916104677265E+08
 0.48632832568340E+08
 0.50392959922637E+08
 0.52197156178253E+08
 0.54046063317289E+08
 0.55940229534331E+08
 0.57880298756375E+08
 0.59866703361342E+08
 0.61899798768160E+08
 0.63979798711721E+08
 0.66106699101408E+08
 0.68280225163297E+08
 0.70499721920599E+08
 0.72763915803796E+08
 0.75071111270546E+08
 0.77418437198462E+08
 0.79801812548154E+08
 0.82215272215919E+08
 0.84650732151909E+08
 0.87096561617222E+08
 0.89536533590168E+08
 0.91948944340758E+08
 0.94304567865568E+08
 0.96568267341865E+08
 0.98705127906470E+08
 0.10069976577564E+09
 0.10259224902219E+09
 0.10450014229888E+09
 0.10658442536042E+09
 0.10897530547850E+09
 0.11173770119302E+09
 0.11488745517101E+09
 0.11841632402502E+09
 0.12230942447330E+09
 0.12655399630868E+09
 0.13113985821147E+09
 0.13606197860959E+09
 0.14131915002663E+09
 0.14691380236551E+09
 0.15285085842809E+09
 0.15913865263047E+09
 0.16578752127689E+09
 0.17280982012274E+09
 0.18021966539031E+09
 0.18803297102592E+09
 0.19626611012384E+09
 0.20493756251435E+09
 0.21406646316180E+09
 0.22367271717919E+09
 0.23377689526033E+09
 0.24440016637340E+09
 0.25556403101772E+09
 0.26729034585775E+09
 0.27960116446202E+09
 0.29251859377155E+09
 0.30606484826649E+09
 0.32026203787026E+09
 0.33513225050189E+09
 0.35069744578582E+09
 0.36697937753177E+09
 0.38399995576603E+09
 0.40178000985531E+09
 0.42034106075643E+09
 0.43970413940840E+09
 0.45989007129268E+09
 0.48091943563774E+09
 0.50281267172212E+09
 0.52559002039855E+09
 0.54927156691370E+09
 0.57387719524155E+09
 0.59942668979984E+09
 0.62593968775449E+09
 0.65343572382499E+09
 0.68193418192789E+09
 0.71145439932138E+09
 0.74201561692722E+09
 0.77363702233574E+09
 0.80633770113620E+09
 0.84013673704394E+09
 0.87505316166512E+09
 0.91110597774264E+09
 0.94831418332847E+09
 0.98669672529420E+09
 0.10262725883242E+10
 0.10670607450647E+10
 0.11090801063749E+10
 0.11523498247055E+10
 0.11968888408465E+10
 0.12427162049027E+10
 0.12898509978396E+10
 0.13383123348399E+10
 0.13881193730189E+10
 0.14392913100483E+10
 0.14918473943176E+10
 0.15458069226757E+10
 0.16011892472499E+10
 0.16580137753702E+10
 0.17162999716345E+10
 0.17760673661656E+10
 0.18373355463854E+10
 0.19001241683636E+10
 0.19644529577218E+10
 0.20303417050107E+10
 0.20978102744509E+10
 0.21668786029193E+10
 0.22375666964876E+10
 0.23098946410133E+10
 0.23838825976609E+10
 0.24595508047420E+10
 0.25369195796964E+10
 0.26160093192789E+10
 0.26968405012654E+10
 0.27794336864663E+10
 0.28638095144885E+10
 0.29499887121841E+10
 0.30379920899105E+10
 0.31278405422491E+10
 0.32195550501954E+10
 0.33131566807590E+10
 0.34086665888987E+10
 0.35061060172742E+10
 0.36054962948958E+10
 0.37068588416480E+10
 0.38102151669444E+10
 0.39155868696950E+10
 0.40229956399933E+10
 0.41324632583363E+10
 0.42440115969102E+10
 0.43576626204214E+10
 0.44734383842808E+10
 0.45913610391712E+10
 0.47114528270321E+10
 0.48337360842926E+10
 0.49582332435435E+10
 0.50849668260463E+10
 0.52139594541405E+10
 0.53452338424707E+10
 0.54788128012798E+10
 0.56147192373502E+10
 0.57529761513162E+10
 0.58936066431211E+10
 0.60366339085194E+10
 0.61820812397124E+10
 0.63299720269159E+10
 0.64803297580511E+10
 0.66331780183467E+10
 0.67885404917410E+10
 0.69464409603113E+10
 0.71069033056918E+10
 0.72699515063362E+10
 0.74356096419087E+10
 0.76039018907826E+10
 0.77748525310965E+10
 0.79484859408629E+10
 0.81248265980175E+10
 0.83038990806617E+10
 0.84857280679424E+10
 0.86703383391470E+10
 0.88577547746623E+10
 0.90480023569037E+10
 0.92411061670604E+10
 0.94370913901319E+10
 0.96359833117334E+10
 0.98378073197662E+10
 0.10042588903706E+11
 0.10250353655401E+11
 0.10461127268818E+11
 0.10674935540365E+11
 0.10891804369247E+11
 0.11111759757284E+11
 0.11334827809065E+11
 0.11561034733062E+11
 0.11790406838609E+11
 0.12022970540493E+11
 0.12258752356281E+11
 0.12497778906855E+11
 0.12740077369870E+11
 0.12985673664610E+11
 0.13234595179971E+11
 0.13486868952056E+11
 0.13742522121040E+11
 0.14001581931427E+11
 0.14264075731928E+11
 0.14530030975688E+11
 0.14799475220171E+11
 0.15072436128045E+11
