 0.10940782383175E+00
 0.10940782383175E+00
 0.10940782383175E+00
 0.10940782383175E+00
 0.10940782383175E+00
 0.10940782383173E+00
 0.10940782383111E+00
 0.10940782382286E+00
 0.10940782376052E+00
 0.10940782344698E+00
 0.10940782227389E+00
 0.10940781875831E+00
 0.10940780987376E+00
 0.10940779023010E+00
 0.10940775119397E+00
 0.10940768006462E+00
 0.10940755930445E+00
 0.10940736611104E+00
 0.10940707199651E+00
 0.10940664275491E+00
 0.10940603848718E+00
 0.10940521391219E+00
 0.10940411867860E+00
 0.10940269790152E+00
 0.10940089263192E+00
 0.10939864042606E+00
 0.10939587596712E+00
 0.10939253154941E+00
 0.10938853763674E+00
 0.10938382340750E+00
 0.10937831665813E+00
 0.10937194601844E+00
 0.10936463891981E+00
 0.10935632181122E+00
 0.10934692594241E+00
 0.10933637654158E+00
 0.10932460663913E+00
 0.10931154610964E+00
 0.10929712700613E+00
 0.10928128256565E+00
 0.10926394718995E+00
 0.10924505654064E+00
 0.10922454739648E+00
 0.10920235768568E+00
 0.10917842635877E+00
 0.10915269323019E+00
 0.10912509892288E+00
 0.10909558465298E+00
 0.10906409206204E+00
 0.10903056297176E+00
 0.10899493921998E+00
 0.10895716237392E+00
 0.10891717343495E+00
 0.10887491259838E+00
 0.10883031891296E+00
 0.10878332995668E+00
 0.10873388147604E+00
 0.10868190700412E+00
 0.10862733750462E+00
 0.10857010093466E+00
 0.10851012179889E+00
 0.10844732072901E+00
 0.10838161398520E+00
 0.10831291298238E+00
 0.10824112375036E+00
 0.10816614639330E+00
 0.10808787462059E+00
 0.10800619503531E+00
 0.10792098661723E+00
 0.10783212007554E+00
 0.10773945713315E+00
 0.10764285010533E+00
 0.10754214084059E+00
 0.10743716021163E+00
 0.10732772730700E+00
 0.10721364863352E+00
 0.10709471711541E+00
 0.10697071188498E+00
 0.10684134955627E+00
 0.10670646108416E+00
 0.10656573819014E+00
 0.10641889232435E+00
 0.10626561647599E+00
 0.10610558219227E+00
 0.10593843942641E+00
 0.10576381493664E+00
 0.10558131023368E+00
 0.10539050229565E+00
 0.10519093864314E+00
 0.10498213763190E+00
 0.10476358511720E+00
 0.10453473578422E+00
 0.10429500594156E+00
 0.10404377420426E+00
 0.10378037802621E+00
 0.10350410922474E+00
 0.10321421663092E+00
 0.10290989405391E+00
 0.10259028178088E+00
 0.10225445871945E+00
 0.10190144630101E+00
 0.10153019063303E+00
 0.10113956179186E+00
 0.10072835632306E+00
 0.10029527400860E+00
 0.99838808412930E-01
 0.99357649273960E-01
 0.98850095325162E-01
 0.98314394128143E-01
 0.97748648866343E-01
 0.97150820627268E-01
 0.96518680326771E-01
 0.95849800950517E-01
 0.95141557637111E-01
 0.94391052695740E-01
 0.93595141759220E-01
 0.92750337006603E-01
 0.91852829605865E-01
 0.90898381964841E-01
 0.89882120813485E-01
 0.88799108593262E-01
 0.87643386967196E-01
 0.86408364861113E-01
 0.85086667290900E-01
 0.83669870972781E-01
 0.82148434092247E-01
 0.80511412732436E-01
 0.78745934476076E-01
 0.76837818984584E-01
 0.74769891315545E-01
 0.72522284813677E-01
 0.70071417843419E-01
 0.67390359929255E-01
 0.64447200620798E-01
 0.61205396035117E-01
 0.57626154565681E-01
 0.53671649873151E-01
 0.49319361194612E-01
 0.44588585594513E-01
 0.39585949015108E-01
 0.34547948235233E-01
 0.29802806778929E-01
 0.25627290790984E-01
 0.22127443250383E-01
 0.19260476031745E-01
 0.16921129952575E-01
 0.14999900368611E-01
 0.13405160620599E-01
 0.12066238188536E-01
 0.10929515031890E-01
 0.99545275912863E-02
 0.91107924478071E-02
 0.83747739933245E-02
 0.77281482365702E-02
 0.71565407961361E-02
 0.66484457429880E-02
 0.61945723553933E-02
 0.57873360450183E-02
 0.54204746809295E-02
 0.50887918099235E-02
 0.47878995950235E-02
 0.45141424249633E-02
 0.42643546045474E-02
 0.40358166207692E-02
 0.38262462868232E-02
 0.36335856277951E-02
 0.34561022636430E-02
 0.32922803235094E-02
 0.31407324260985E-02
 0.30003114899183E-02
 0.28699259086576E-02
 0.27486664152260E-02
 0.26357240946290E-02
 0.25303204305938E-02
 0.24318192850174E-02
 0.23396433509521E-02
 0.22532256524977E-02
 0.21721102147885E-02
 0.20958873640682E-02
 0.20241286066548E-02
 0.19565046615826E-02
 0.18926982714816E-02
 0.18324410468423E-02
 0.17754316659941E-02
 0.17214531453666E-02
 0.16702886997011E-02
 0.16217599681468E-02
 0.15756467657411E-02
 0.15318041235882E-02
 0.14900806503747E-02
 0.14503568761147E-02
 0.14124653488252E-02
 0.13763089958865E-02
 0.13417797031117E-02
 0.13087777119649E-02
 0.12772302847375E-02
 0.12470125407210E-02
 0.12180661758179E-02
 0.11903179998774E-02
 0.11635628307920E-02
 0.11380172864177E-02
 0.11134803971329E-02
 0.10898977159647E-02
 0.10672184911056E-02
 0.10453953804349E-02
 0.10243841917446E-02
 0.10041435919343E-02
 0.98463494431275E-03
 0.96582205764996E-03
 0.94767101348647E-03
 0.93014999135892E-03
 0.91322911259729E-03
 0.89688030392196E-03
 0.88107715372828E-03
 0.86579480687501E-03
 0.85100984922236E-03
 0.83670020248597E-03
 0.82284503800469E-03
 0.80942468463875E-03
 0.79642056441380E-03
 0.78381510188463E-03
 0.77159166934686E-03
 0.75973452174588E-03
 0.74822874075234E-03
 0.73706018156977E-03
 0.72621542462008E-03
 0.71568172174313E-03
 0.70544698836527E-03
 0.69549971436347E-03
 0.68582896119728E-03
 0.67642431983998E-03
 0.66727588040888E-03
 0.65837420200896E-03
 0.64971028709595E-03
 0.64127554253481E-03
 0.63306180651426E-03
 0.62506125193279E-03
 0.61726641539775E-03
 0.60967016552575E-03
 0.60226568540503E-03
 0.59504645520517E-03
 0.58800623676480E-03
 0.58113904293528E-03
 0.57443918653519E-03
 0.56790117388308E-03
 0.56151975362903E-03
 0.55528989110308E-03
 0.54920675747509E-03
 0.54326571757362E-03
 0.53746232353083E-03
 0.53179230323023E-03
 0.52625155264098E-03
 0.52083610959939E-03
 0.51554221866765E-03
 0.51036621592980E-03
 0.50530459336037E-03
 0.50035397523044E-03
 0.49551111202554E-03
 0.49077287461626E-03
 0.48613624870614E-03
 0.48159832992088E-03
 0.47715631881912E-03
 0.47280749605691E-03
 0.46854929894987E-03
 0.46437919666409E-03
 0.46029476548335E-03
 0.45629366633487E-03
 0.45237364083363E-03
 0.44853250776677E-03
 0.44476816005406E-03
 0.44107856169656E-03
 0.43746174473806E-03
 0.43391580660804E-03
 0.43043888544140E-03
 0.42702924542183E-03
 0.42368514367816E-03
 0.42040491335014E-03
 0.41718694166144E-03
 0.41402966710629E-03
 0.41093157755840E-03
 0.40789120832357E-03
 0.40490714037997E-03
 0.40197799864834E-03
 0.39910245033728E-03
 0.39627920335187E-03
 0.39350698131023E-03
 0.39078461566706E-03
 0.38811090549952E-03
 0.38548470642536E-03
 0.38290490863837E-03
 0.38037047294445E-03
 0.37788027638583E-03
 0.37543334286396E-03
 0.37302868625578E-03
 0.37066534870638E-03
 0.36834239965418E-03
 0.36605893488482E-03
 0.36381407562598E-03
 0.36160696767748E-03
 0.35943675618478E-03
