-0.13642672644084E+01
-0.13642672644084E+01
-0.13642672644084E+01
-0.13642672644084E+01
-0.13642672644084E+01
-0.13642672644084E+01
-0.13642672644085E+01
-0.13642672644101E+01
-0.13642672644242E+01
-0.13642672645029E+01
-0.13642672648289E+01
-0.13642672659003E+01
-0.13642672688490E+01
-0.13642672759078E+01
-0.13642672910203E+01
-0.13642673205689E+01
-0.13642673741832E+01
-0.13642674655876E+01
-0.13642676134497E+01
-0.13642678423598E+01
-0.13642681829086E+01
-0.13642686734324E+01
-0.13642693598136E+01
-0.13642702963829E+01
-0.13642715463067E+01
-0.13642731817060E+01
-0.13642752842205E+01
-0.13642779450814E+01
-0.13642812651782E+01
-0.13642853552274E+01
-0.13642903362477E+01
-0.13642963391041E+01
-0.13643035044032E+01
-0.13643119829385E+01
-0.13643219348922E+01
-0.13643335308826E+01
-0.13643469508717E+01
-0.13643623843960E+01
-0.13643800305569E+01
-0.13644000976203E+01
-0.13644228031756E+01
-0.13644483735332E+01
-0.13644770441668E+01
-0.13645090589648E+01
-0.13645446700161E+01
-0.13645841379628E+01
-0.13646277309070E+01
-0.13646757247598E+01
-0.13647284028024E+01
-0.13647860553972E+01
-0.13648489795185E+01
-0.13649174786776E+01
-0.13649918621773E+01
-0.13650724451002E+01
-0.13651595477776E+01
-0.13652534952628E+01
-0.13653546172945E+01
-0.13654632475775E+01
-0.13655797234706E+01
-0.13657043855429E+01
-0.13658375772064E+01
-0.13659796442511E+01
-0.13661309345127E+01
-0.13662917973425E+01
-0.13664625833298E+01
-0.13666436438923E+01
-0.13668353309678E+01
-0.13670379964851E+01
-0.13672519922620E+01
-0.13674776695664E+01
-0.13677153788664E+01
-0.13679654695997E+01
-0.13682282899039E+01
-0.13685041864512E+01
-0.13687935042561E+01
-0.13690965865412E+01
-0.13694137746117E+01
-0.13697454078429E+01
-0.13700918199587E+01
-0.13704533525074E+01
-0.13708303359129E+01
-0.13712231014629E+01
-0.13716319786835E+01
-0.13720572952612E+01
-0.13724993774683E+01
-0.13729585501387E+01
-0.13734351369683E+01
-0.13739294609728E+01
-0.13744418444903E+01
-0.13749726097169E+01
-0.13755220789846E+01
-0.13760905753565E+01
-0.13766784227908E+01
-0.13772859467708E+01
-0.13779134747422E+01
-0.13785613365430E+01
-0.13792298654201E+01
-0.13799193978365E+01
-0.13806302744873E+01
-0.13813628406342E+01
-0.13821174474694E+01
-0.13828944514586E+01
-0.13836942154988E+01
-0.13845171102442E+01
-0.13853635131035E+01
-0.13862337918200E+01
-0.13871283707252E+01
-0.13880476388882E+01
-0.13889920068712E+01
-0.13899618936424E+01
-0.13909577281399E+01
-0.13919799455016E+01
-0.13930289873706E+01
-0.13941053029260E+01
-0.13952093417210E+01
-0.13963415569272E+01
-0.13975023949177E+01
-0.13986922972000E+01
-0.13999116871735E+01
-0.14011609263832E+01
-0.14024404395115E+01
-0.14037505117198E+01
-0.14050913774139E+01
-0.14064631775560E+01
-0.14078659094483E+01
-0.14092993918721E+01
-0.14107631928575E+01
-0.14122564724609E+01
-0.14137781124393E+01
-0.14153262192321E+01
-0.14168981013148E+01
-0.14184898245865E+01
-0.14200960574600E+01
-0.14217091292385E+01
-0.14233183378876E+01
-0.14249093693781E+01
-0.14264629485963E+01
-0.14279559021287E+01
-0.14293652029488E+01
-0.14306807051539E+01
-0.14319288344121E+01
-0.14331871268828E+01
-0.14345617518240E+01
-0.14361385834465E+01
-0.14379604367814E+01
-0.14400377603736E+01
-0.14423651175500E+01
-0.14449326924986E+01
-0.14477320696164E+01
-0.14507565341264E+01
-0.14540027676095E+01
-0.14574699737117E+01
-0.14611597550011E+01
-0.14650753581604E+01
-0.14692222798982E+01
-0.14736073372066E+01
-0.14782386789451E+01
-0.14831256150350E+01
-0.14882786410312E+01
-0.14937085553058E+01
-0.14994275456637E+01
-0.15054482319836E+01
-0.15117837420720E+01
-0.15184476426988E+01
-0.15254538952075E+01
-0.15328166795927E+01
-0.15405504107469E+01
-0.15486696334243E+01
-0.15571889275798E+01
-0.15661229440921E+01
-0.15754862648828E+01
-0.15852934573611E+01
-0.15955590043236E+01
-0.16062972528280E+01
-0.16175226529599E+01
-0.16292489420889E+01
-0.16414903137019E+01
-0.16542606381092E+01
-0.16675736501184E+01
-0.16814429221280E+01
-0.16958819342371E+01
-0.17109040356791E+01
-0.17265224730620E+01
-0.17427503602510E+01
-0.17596007454515E+01
-0.17770865797539E+01
-0.17952207466831E+01
-0.18140160303065E+01
-0.18334851839192E+01
-0.18536408972811E+01
-0.18744958249784E+01
-0.18960625543260E+01
-0.19183536714029E+01
-0.19413817279208E+01
-0.19651592565559E+01
-0.19896987868903E+01
-0.20150128147519E+01
-0.20411138609068E+01
-0.20680144381816E+01
-0.20957270186534E+01
-0.21242642337331E+01
-0.21536385752379E+01
-0.21838626070798E+01
-0.22149489135240E+01
-0.22469101014030E+01
-0.22797588052042E+01
-0.23135076861628E+01
-0.23481694389639E+01
-0.23837567902518E+01
-0.24202825031283E+01
-0.24577593771026E+01
-0.24962002494529E+01
-0.25356180006724E+01
-0.25760255490442E+01
-0.26174358581261E+01
-0.26598619373465E+01
-0.27033168389558E+01
-0.27478136637915E+01
-0.27933655606086E+01
-0.28399857237982E+01
-0.28876874003712E+01
-0.29364838870050E+01
-0.29863885312571E+01
-0.30374147328715E+01
-0.30895759439019E+01
-0.31428856698372E+01
-0.31973574709291E+01
-0.32530049593968E+01
-0.33098418049999E+01
-0.33678817325709E+01
-0.34271385224900E+01
-0.34876260121289E+01
-0.35493580955875E+01
-0.36123487249697E+01
-0.36766119102199E+01
-0.37421617182325E+01
-0.38090122758350E+01
-0.38771777689012E+01
-0.39466724423295E+01
-0.40175106011555E+01
-0.40897066100377E+01
-0.41632748941055E+01
-0.42382299395070E+01
-0.43145862922117E+01
-0.43923585610227E+01
-0.44715614149290E+01
-0.45522095852369E+01
-0.46343178666734E+01
-0.47179011124455E+01
-0.48029742424231E+01
-0.48895522373531E+01
-0.49776501410312E+01
-0.50672830609231E+01
-0.51584661663913E+01
-0.52512146922946E+01
-0.53455439366812E+01
-0.54414692612078E+01
-0.55390060921736E+01
-0.56381699203162E+01
-0.57389763005496E+01
-0.58414408528887E+01
-0.59455792620728E+01
-0.60514072785009E+01
-0.61589407164266E+01
-0.62681954568535E+01
-0.63791874458857E+01
-0.64919326954247E+01
-0.66064472832407E+01
-0.67227473530051E+01
-0.68408491144505E+01
-0.69607688439511E+01
-0.70825228839255E+01
-0.72061276434695E+01
-0.73315995989686E+01
-0.74589552919515E+01
-0.75882113324120E+01
-0.77193843967017E+01
-0.78524912286319E+01
-0.79875486390040E+01
-0.81245735061373E+01
-0.82635827756977E+01
-0.84045934609155E+01
-0.85476226428161E+01
-0.86926874701030E+01
-0.88398051592560E+01
-0.89889929952695E+01
-0.91402683296564E+01
-0.92936485834802E+01
-0.94491512455875E+01
-0.96067938729648E+01
-0.97665943898006E+01
-0.99285698903629E+01
-0.10092738438158E+02
-0.10259117864019E+02
-0.10427726067414E+02
-0.10598581016620E+02
-0.10771700748640E+02
-0.10947103369356E+02
-0.11124807053444E+02
-0.11304830044970E+02
