 0.11587392382076E+01
 0.11587392378048E+01
 0.11587392334473E+01
 0.11587392150514E+01
 0.11587391651446E+01
 0.11587390593203E+01
 0.11587388666334E+01
 0.11587385498858E+01
 0.11587380668223E+01
 0.11587373742778E+01
 0.11587364375962E+01
 0.11587352464270E+01
 0.11587338357909E+01
 0.11587323093648E+01
 0.11587308611605E+01
 0.11587299227752E+01
 0.11587296506465E+01
 0.11587308506995E+01
 0.11587340359729E+01
 0.11587400992566E+01
 0.11587497357821E+01
 0.11587640070655E+01
 0.11587837199566E+01
 0.11588100302615E+01
 0.11588438777222E+01
 0.11588860851288E+01
 0.11589377927838E+01
 0.11589998213559E+01
 0.11590728566713E+01
 0.11591578755762E+01
 0.11592553500528E+01
 0.11593661039914E+01
 0.11594905512457E+01
 0.11596289944529E+01
 0.11597820084136E+01
 0.11599496434876E+01
 0.11601323050015E+01
 0.11603298822731E+01
 0.11605425108407E+01
 0.11607703025838E+01
 0.11610129164032E+01
 0.11612704386207E+01
 0.11615424342776E+01
 0.11618287603447E+01
 0.11621292590794E+01
 0.11624433578246E+01
 0.11627708062308E+01
 0.11631112191043E+01
 0.11634643209420E+01
 0.11638294193591E+01
 0.11642061873250E+01
 0.11645943000203E+01
 0.11649930369657E+01
 0.11654020416049E+01
 0.11658208386188E+01
 0.11662489493789E+01
 0.11666860352645E+01
 0.11671313543397E+01
 0.11675845641968E+01
 0.11680452044295E+01
 0.11685129559513E+01
 0.11689871109370E+01
 0.11694673592616E+01
 0.11699532784224E+01
 0.11704444562655E+01
 0.11709406294189E+01
 0.11714411465501E+01
 0.11719457621344E+01
 0.11724541189837E+01
 0.11729658729370E+01
 0.11734808300676E+01
 0.11739984122325E+01
 0.11745184475594E+01
 0.11750406534128E+01
 0.11755647614831E+01
 0.11760905190409E+01
 0.11766178288909E+01
 0.11771461971349E+01
 0.11776755739671E+01
 0.11782057284210E+01
 0.11787365059169E+01
 0.11792678875270E+01
 0.11797994610442E+01
 0.11803312317816E+01
 0.11808630907708E+01
 0.11813949443582E+01
 0.11819268537209E+01
 0.11824584877063E+01
 0.11829899328496E+01
 0.11835211617743E+01
 0.11840522968907E+01
 0.11845830839150E+01
 0.11851136724323E+01
 0.11856441037166E+01
 0.11861744365354E+01
 0.11867048847536E+01
 0.11872352785486E+01
 0.11877658625094E+01
 0.11882967725140E+01
 0.11888282998055E+01
 0.11893603598066E+01
 0.11898932799342E+01
 0.11904274119044E+01
 0.11909627555285E+01
 0.11914997048219E+01
 0.11920386078344E+01
 0.11925798411721E+01
 0.11931235505591E+01
 0.11936702505503E+01
 0.11942204952085E+01
 0.11947745022921E+01
 0.11953328929064E+01
 0.11958963379639E+01
 0.11964651833197E+01
 0.11970403023849E+01
 0.11976221560667E+01
 0.11982117108734E+01
 0.11988095529604E+01
 0.11994166504780E+01
 0.12000341154535E+01
 0.12006627213775E+01
 0.12013034881691E+01
 0.12019577596688E+01
 0.12026265327723E+01
 0.12033112739396E+01
 0.12040131694202E+01
 0.12047335158306E+01
 0.12054736431867E+01
 0.12062345080637E+01
 0.12070169610363E+01
 0.12078212311747E+01
 0.12086466429668E+01
 0.12094907071966E+01
 0.12103480479543E+01
 0.12112084351735E+01
 0.12120533044334E+01
 0.12128498787714E+01
 0.12135425620036E+01
 0.12140422132413E+01
 0.12142220856670E+01
 0.12139429017209E+01
 0.12131211100012E+01
 0.12117890629717E+01
 0.12100704487458E+01
 0.12081043235216E+01
 0.12059987307604E+01
 0.12038239868314E+01
 0.12016225060520E+01
 0.11994195281382E+01
 0.11972293385424E+01
 0.11950604970451E+01
 0.11929179439841E+01
 0.11908045874948E+01
 0.11887219495802E+01
 0.11866711302838E+01
 0.11846527270485E+01
 0.11826671188090E+01
 0.11807145599995E+01
 0.11787952944464E+01
 0.11769092993861E+01
 0.11750567481978E+01
 0.11732377013066E+01
 0.11714521480605E+01
 0.11697000249892E+01
 0.11679812430311E+01
 0.11662956150669E+01
 0.11646429217829E+01
 0.11630228811317E+01
 0.11614351251027E+01
 0.11598792641879E+01
 0.11583548207156E+01
 0.11568612974185E+01
 0.11553981535841E+01
 0.11539647881069E+01
 0.11525606320307E+01
 0.11511849770220E+01
 0.11498371965443E+01
 0.11485166314283E+01
 0.11472226141643E+01
 0.11459544503136E+01
 0.11447114706760E+01
 0.11434930017516E+01
 0.11422983842834E+01
 0.11411269461123E+01
 0.11399780494696E+01
 0.11388510617261E+01
 0.11377453718894E+01
 0.11366603625528E+01
 0.11355954545870E+01
 0.11345500779170E+01
 0.11335236863941E+01
 0.11325157296583E+01
 0.11315256960237E+01
 0.11305530834385E+01
 0.11295974064896E+01
 0.11286582029227E+01
 0.11277350063018E+01
 0.11268273866116E+01
 0.11259349219014E+01
 0.11250572012014E+01
 0.11241938459722E+01
 0.11233444611153E+01
 0.11225086872893E+01
 0.11216861720213E+01
 0.11208765750876E+01
 0.11200795742643E+01
 0.11192948408157E+01
 0.11185220750912E+01
 0.11177609819298E+01
 0.11170112763599E+01
 0.11162726830839E+01
 0.11155449360685E+01
 0.11148277838276E+01
 0.11141209667162E+01
 0.11134242500676E+01
 0.11127374016050E+01
 0.11120601964153E+01
 0.11113924169195E+01
 0.11107338579740E+01
 0.11100843043037E+01
 0.11094435639197E+01
 0.11088114452788E+01
 0.11081877628391E+01
 0.11075723365228E+01
 0.11069649917053E+01
 0.11063655589678E+01
 0.11057738791097E+01
 0.11051897819228E+01
 0.11046131176941E+01
 0.11040437358937E+01
 0.11034814901881E+01
 0.11029262383032E+01
 0.11023778420814E+01
 0.11018361670043E+01
 0.11013010872829E+01
 0.11007724654956E+01
 0.11002501828265E+01
 0.10997341187436E+01
 0.10992241558109E+01
 0.10987201796556E+01
 0.10982220788377E+01
 0.10977297447656E+01
 0.10972430765217E+01
 0.10967619609833E+01
 0.10962863024734E+01
 0.10958160029024E+01
 0.10953509665266E+01
 0.10948910999522E+01
 0.10944363119424E+01
 0.10939865135335E+01
 0.10935416178211E+01
 0.10931015399435E+01
 0.10926662016638E+01
 0.10922355126671E+01
 0.10918093984607E+01
 0.10913877818182E+01
 0.10909705871710E+01
 0.10905577406541E+01
 0.10901491700482E+01
 0.10897448047241E+01
 0.10893445756115E+01
 0.10889484151428E+01
 0.10885562616862E+01
 0.10881680416121E+01
 0.10877836960144E+01
 0.10874031630409E+01
 0.10870263820544E+01
 0.10866532936908E+01
 0.10862838398191E+01
 0.10859179635159E+01
 0.10855556090364E+01
 0.10851967217730E+01
 0.10848412482338E+01
 0.10844891402745E+01
 0.10841403380348E+01
 0.10837947953259E+01
 0.10834524629397E+01
 0.10831132925417E+01
 0.10827772367451E+01
 0.10824442490941E+01
 0.10821142840397E+01
 0.10817872969180E+01
 0.10814632439304E+01
 0.10811420821206E+01
 0.10808237693540E+01
 0.10805082683434E+01
 0.10801955305062E+01
 0.10798855199199E+01
 0.10795781976864E+01
 0.10792735255095E+01
 0.10789714687428E+01
 0.10786719845345E+01
 0.10783750397019E+01
 0.10780805987025E+01
 0.10777886266457E+01
 0.10774990892785E+01
 0.10772119529700E+01
 0.10769271846994E+01
 0.10766447520410E+01
 0.10763646268931E+01
