 0.00000000000000E+00
 0.00000000000000E+00
-0.19327202798792E-25
-0.81536636807405E-26
 0.12758559762187E-25
 0.94681577755881E-25
 0.59515147578715E-24
 0.84431645485061E-23
 0.12439621505564E-21
 0.30740623991716E-21
 0.23061181710841E-12
-0.33103220424613E-11
-0.18590045076105E-05
 0.34750171159081E-05
 0.34111167977885E-05
-0.41953870722774E-07
 0.87186926089573E-06
 0.22294050236829E-05
-0.18079552661247E-05
-0.20359772734779E-05
 0.10169049020296E-05
 0.19521236751456E-05
 0.82138713272313E-06
 0.10245751208226E-05
-0.13294130883789E-05
 0.13947164908663E-05
 0.39461248782911E-06
 0.85520603350548E-06
-0.79044689808213E-07
 0.51195159429841E-07
 0.43542583931788E-06
 0.21298917177522E-06
 0.43012507846342E-06
-0.27588152935118E-06
-0.44642063207745E-07
 0.56552506579171E-08
-0.96981996911194E-08
 0.97677975016334E-07
-0.10920250644701E-06
 0.26051506709543E-06
-0.15906424201219E-06
 0.76871975136215E-07
 0.22552348802868E-06
 0.23061804196423E-06
 0.20546633849056E-06
 0.23960628221332E-06
 0.20473232742008E-06
 0.59547674858609E-06
 0.67410641437265E-06
 0.90662856613132E-06
 0.10762399805799E-05
 0.14054882537486E-05
 0.17382435492224E-05
 0.22116386139626E-05
 0.28664046832161E-05
 0.35242361624217E-05
 0.44614322753081E-05
 0.54440512726834E-05
 0.65112097118738E-05
 0.77959537034217E-05
 0.94572948195298E-05
 0.11279785744134E-04
 0.13237406311842E-04
 0.15720164673061E-04
 0.18480729745014E-04
 0.21591202758443E-04
 0.25115189167424E-04
 0.29039157046288E-04
 0.33610852582890E-04
 0.38615838871026E-04
 0.44318573578030E-04
 0.50606149174787E-04
 0.57627960752376E-04
 0.65359290410929E-04
 0.74033397523148E-04
 0.83498974925607E-04
 0.93809797070211E-04
 0.10535511408850E-03
 0.11804297653473E-03
 0.13168956279543E-03
 0.14661961802743E-03
 0.16288386847259E-03
 0.18070849841581E-03
 0.20006972676544E-03
 0.22104145847462E-03
 0.24357301628884E-03
 0.26798291895942E-03
 0.29432738176885E-03
 0.32277474655543E-03
 0.35337608480843E-03
 0.38627010507581E-03
 0.42156758881296E-03
 0.45939846766962E-03
 0.50000301542273E-03
 0.54340840797511E-03
 0.58979475902940E-03
 0.63937086249815E-03
 0.69224329056262E-03
 0.74865701179805E-03
 0.80868226275070E-03
 0.87263286425737E-03
 0.94067254640412E-03
 0.10128780435277E-02
 0.10897600885276E-02
 0.11713614050379E-02
 0.12577106870798E-02
 0.13493247736603E-02
 0.14466320699611E-02
 0.15495165717044E-02
 0.16581738595818E-02
 0.17736791113553E-02
 0.18954332352898E-02
 0.20240468468785E-02
 0.21601861640789E-02
 0.23037103945714E-02
 0.24554978975876E-02
 0.26153465790069E-02
 0.27840556582413E-02
 0.29619449634947E-02
 0.31493882477109E-02
 0.33472261307041E-02
 0.35554229674028E-02
 0.37746935236146E-02
 0.40056856247319E-02
 0.42487025301926E-02
 0.45043391075590E-02
 0.47735459519883E-02
 0.50570253462461E-02
 0.53547044951009E-02
 0.56679798205560E-02
 0.59971874723857E-02
 0.63432936352824E-02
 0.67071901352380E-02
 0.70899154177032E-02
 0.74919475676434E-02
 0.79136559315037E-02
 0.83576440961995E-02
 0.88237181421239E-02
 0.93134934046883E-02
 0.98278234355854E-02
 0.10368273635494E-01
 0.10935877434429E-01
 0.11531968195322E-01
 0.12157570575307E-01
 0.12815098518533E-01
 0.13505857403528E-01
 0.14230227765397E-01
 0.14991792317093E-01
 0.15790873315206E-01
 0.16630121260835E-01
 0.17511122574199E-01
 0.18436107822146E-01
 0.19407197620160E-01
 0.20426204579167E-01
 0.21495513980110E-01
 0.22617459588599E-01
 0.23793736695631E-01
 0.25026983575385E-01
 0.26319405191263E-01
 0.27672433047656E-01
 0.29088283361297E-01
 0.30569245956082E-01
 0.32115398561944E-01
 0.33727957119286E-01
 0.35407467323806E-01
 0.37151876276516E-01
 0.38962095993169E-01
 0.40834986088948E-01
 0.42767446217941E-01
 0.44754676715480E-01
 0.46791834075553E-01
 0.48873182383602E-01
 0.50990873882739E-01
 0.53137594289653E-01
 0.55304524978894E-01
 0.57483827004820E-01
 0.59665271317355E-01
 0.61841539654691E-01
 0.64002929317572E-01
 0.66143045117286E-01
 0.68252664895932E-01
 0.70325008236793E-01
 0.72354772427497E-01
 0.74335984875367E-01
 0.76263842823609E-01
 0.78133991572996E-01
 0.79943000683655E-01
 0.81688540922092E-01
 0.83367686340837E-01
 0.84979258926553E-01
 0.86522623482202E-01
 0.87996708111208E-01
 0.89402210832673E-01
 0.90738592600457E-01
 0.92008826982494E-01
 0.93212791606635E-01
 0.94352206690418E-01
 0.95428949124167E-01
 0.96445797039825E-01
 0.97404041297202E-01
 0.98306181956724E-01
 0.99155126201264E-01
 0.99952730985105E-01
 0.10070215894722E+00
 0.10140579993448E+00
 0.10206517728592E+00
 0.10268355125268E+00
 0.10326252008056E+00
 0.10380424533618E+00
 0.10431080799178E+00
 0.10478430362131E+00
 0.10522554269506E+00
 0.10563761072250E+00
 0.10602163146639E+00
 0.10637853413391E+00
 0.10671016339717E+00
 0.10701760354627E+00
 0.10730316907198E+00
 0.10756652728663E+00
 0.10780956221533E+00
 0.10803360171926E+00
 0.10823856811439E+00
 0.10842712315381E+00
 0.10859860973259E+00
 0.10875441771651E+00
 0.10889479177380E+00
 0.10902094578424E+00
 0.10913441358342E+00
 0.10923366631800E+00
 0.10932127635264E+00
 0.10939721576700E+00
 0.10946165076782E+00
 0.10951532568029E+00
 0.10955827571067E+00
 0.10959224455935E+00
 0.10961664129285E+00
 0.10963171486660E+00
 0.10963871777444E+00
 0.10963713185213E+00
 0.10962754862711E+00
 0.10961112235816E+00
 0.10958653884614E+00
 0.10955556292672E+00
 0.10951839942406E+00
 0.10947397083133E+00
 0.10942409002467E+00
 0.10936821130652E+00
 0.10930626898035E+00
 0.10923983543496E+00
 0.10916756966633E+00
 0.10909073159408E+00
 0.10900951091722E+00
 0.10892263623985E+00
 0.10883253668335E+00
 0.10873744951449E+00
 0.10863784190874E+00
 0.10853567999852E+00
 0.10842902473208E+00
 0.10831846848325E+00
 0.10820491640624E+00
 0.10808842090095E+00
 0.10796834102286E+00
 0.10784501877033E+00
 0.10771874061248E+00
 0.10759001673956E+00
 0.10745877508063E+00
 0.10732442468943E+00
 0.10718854515564E+00
 0.10704957031970E+00
 0.10690801270655E+00
 0.10676445296551E+00
 0.10661949069973E+00
 0.10647167511527E+00
 0.10632212625818E+00
 0.10617082129681E+00
 0.10601800883388E+00
 0.10586316182056E+00
 0.10570655988336E+00
 0.10554892372787E+00
 0.10538882420254E+00
 0.10522855014211E+00
 0.10506602959912E+00
 0.10490273966137E+00
 0.10473801018326E+00
 0.10457165304824E+00
 0.10440454190994E+00
 0.10423673375582E+00
 0.10406744760252E+00
 0.10389676354760E+00
 0.10372570746972E+00
 0.10355369830267E+00
 0.10338098743596E+00
 0.10320730008301E+00
 0.10303240753974E+00
 0.10285748323463E+00
 0.10268141755370E+00
 0.10250539982018E+00
 0.10232810444209E+00
 0.10215088438065E+00
 0.10197263654754E+00
