 0.00000000000000E+00
 0.00000000000000E+00
 0.64243100920189E-27
 0.48182325690142E-27
-0.22334984618981E-26
-0.13160829646454E-25
-0.12384079950949E-24
-0.35228755094507E-23
-0.78695997418794E-22
-0.22097836075197E-21
-0.14120034684761E-12
 0.25163872190519E-11
-0.12173947467935E-05
-0.26896639990454E-05
-0.20162143618345E-05
 0.15570840890900E-05
-0.12222517622367E-05
-0.16775266351783E-05
 0.42083204255288E-05
 0.28148212041079E-05
-0.11146727583297E-05
-0.32234932455767E-05
-0.26709116922633E-05
-0.26366261046414E-05
 0.43946376621696E-05
-0.46273116497458E-05
-0.70821849560135E-06
-0.22978881337079E-05
-0.33972608418615E-06
 0.28058926288407E-06
-0.31886260825768E-05
-0.32184725140495E-06
-0.17628990386875E-05
 0.67422866376704E-06
 0.33075642228483E-06
-0.26145678195724E-06
-0.92887261638987E-06
 0.11954310755469E-06
-0.35304620080058E-07
-0.25549392223389E-05
 0.14795387012654E-05
-0.31007201279656E-06
-0.57990949789236E-06
-0.31471467409933E-06
 0.27430993503977E-06
 0.95237836175799E-06
 0.25415259929677E-05
 0.15704967777357E-06
 0.68102367637514E-06
 0.30424356673760E-06
 0.17288351381111E-05
 0.20361064263946E-05
 0.24467126980967E-05
 0.27088125846220E-05
 0.30229117314473E-05
 0.35602095378581E-05
 0.30095359022396E-05
 0.40862356320712E-05
 0.58011928118320E-05
 0.82607760230566E-05
 0.86612025921958E-05
 0.99299415788904E-05
 0.13451395781756E-04
 0.15055802245611E-04
 0.17400475208466E-04
 0.20704018080010E-04
 0.24756666057235E-04
 0.30388309187666E-04
 0.33815397050832E-04
 0.39678730160056E-04
 0.44578208720594E-04
 0.51198715448554E-04
 0.57822448276747E-04
 0.65231059648609E-04
 0.73095066864461E-04
 0.82944853360690E-04
 0.96483256844862E-04
 0.10654703024751E-03
 0.11539453303153E-03
 0.12992665703744E-03
 0.14689732748000E-03
 0.16494600081475E-03
 0.18117797374717E-03
 0.19854430332423E-03
 0.21906576958106E-03
 0.24309815838808E-03
 0.26938646770028E-03
 0.29627666848118E-03
 0.32320891674643E-03
 0.35408924073914E-03
 0.38617008873691E-03
 0.42377099285714E-03
 0.46164768380971E-03
 0.50077882911974E-03
 0.54367290514259E-03
 0.59179365051999E-03
 0.64042226125322E-03
 0.69285272724536E-03
 0.75046604245433E-03
 0.81300689164053E-03
 0.87771845027827E-03
 0.94719863053970E-03
 0.10208139765762E-02
 0.10948912344926E-02
 0.11739082126178E-02
 0.12684953769467E-02
 0.13663403874634E-02
 0.14526597594964E-02
 0.15603382570400E-02
 0.16818375424985E-02
 0.17817187345185E-02
 0.19078507031412E-02
 0.20457287457060E-02
 0.21779428976510E-02
 0.23290961327515E-02
 0.24737546404305E-02
 0.26439721826592E-02
 0.28192901266155E-02
 0.30045334469985E-02
 0.32083410475104E-02
 0.33998917223043E-02
 0.36115227285621E-02
 0.38364291731130E-02
 0.40694823888529E-02
 0.43185399026459E-02
 0.45958008744265E-02
 0.48754099512533E-02
 0.51478250349763E-02
 0.54689085728572E-02
 0.57832907125154E-02
 0.61337110940028E-02
 0.65066186630530E-02
 0.68880548506283E-02
 0.72658457820309E-02
 0.76778682640224E-02
 0.81633766801370E-02
 0.86155183167787E-02
 0.91159286289318E-02
 0.96265005092322E-02
 0.10172164018273E-01
 0.10725977254556E-01
 0.11319664398318E-01
 0.11945368083159E-01
 0.12626602966202E-01
 0.13312459430109E-01
 0.14000071128287E-01
 0.14803976862738E-01
 0.15572926972841E-01
 0.16432190402788E-01
 0.17298806556296E-01
 0.18216914835969E-01
 0.19190832980808E-01
 0.20168543524606E-01
 0.21228901820639E-01
 0.22297066343647E-01
 0.23418927461355E-01
 0.24601000717698E-01
 0.25825457408332E-01
 0.27093451976639E-01
 0.28397741952937E-01
 0.29764299056577E-01
 0.31093151688910E-01
 0.32418982285206E-01
 0.33809822120028E-01
 0.35113282048506E-01
 0.36572540513062E-01
 0.37877364171850E-01
 0.39135033733701E-01
 0.40314504234385E-01
 0.41526075482453E-01
 0.42604141636978E-01
 0.43630906773311E-01
 0.44488835358510E-01
 0.45266117188384E-01
 0.45915820606434E-01
 0.46416585233585E-01
 0.46891459088542E-01
 0.47168959136723E-01
 0.47351245407508E-01
 0.47324675045886E-01
 0.47270020732696E-01
 0.47138572673417E-01
 0.46882450633853E-01
 0.46504861410470E-01
 0.46001971687542E-01
 0.45424740196492E-01
 0.44808805207413E-01
 0.44051728745285E-01
 0.43290051482383E-01
 0.42469716263304E-01
 0.41525831340728E-01
 0.40608766155371E-01
 0.39576308265612E-01
 0.38693801236157E-01
 0.37658999734565E-01
 0.36688939955889E-01
 0.35753516925854E-01
 0.34837951714908E-01
 0.33883562657493E-01
 0.32999473595326E-01
 0.32152516004374E-01
 0.31366230270150E-01
 0.30618779183585E-01
 0.29846415070236E-01
 0.29127189216768E-01
 0.28483742549812E-01
 0.27789374893930E-01
 0.27186225876821E-01
 0.26594445387534E-01
 0.26029695730929E-01
 0.25464847980759E-01
 0.25030882203048E-01
 0.24507566885522E-01
 0.23984901512106E-01
 0.23527176604375E-01
 0.23170812809233E-01
 0.22782012274544E-01
 0.22323687427490E-01
 0.21983571007148E-01
 0.21639004676314E-01
 0.21291012368350E-01
 0.21099896179050E-01
 0.20706415852093E-01
 0.20367707435673E-01
 0.20049599764921E-01
 0.19830454602854E-01
 0.19676361523455E-01
 0.19292801061487E-01
 0.19140388239679E-01
 0.18871345712699E-01
 0.18637821238741E-01
 0.18392489635752E-01
 0.18224495277065E-01
 0.18115235634463E-01
 0.17813375405801E-01
 0.17615374532508E-01
 0.17508866061420E-01
 0.17272819919966E-01
 0.17009423856456E-01
 0.16962573338144E-01
 0.16692089274377E-01
 0.16654343562369E-01
 0.16459347340265E-01
 0.16245365141668E-01
 0.16199847179734E-01
 0.15987184002393E-01
 0.15873388302352E-01
 0.15823275168543E-01
 0.15567217767203E-01
 0.15529405946181E-01
 0.15352039987934E-01
 0.15088151196120E-01
 0.15097163311657E-01
 0.14851658403970E-01
 0.14742657140504E-01
 0.14795649955179E-01
 0.14519725252437E-01
 0.14473782616388E-01
 0.14512162298677E-01
 0.14377284197503E-01
 0.14216320413029E-01
 0.14054865880262E-01
 0.14082093341851E-01
 0.14036361486476E-01
 0.13936304044781E-01
 0.13748402792741E-01
 0.13720205585579E-01
 0.13458624503738E-01
 0.13430050620698E-01
 0.13417974327978E-01
 0.13374301772045E-01
 0.13127405337055E-01
 0.13130979374122E-01
 0.13107557902348E-01
 0.13010451478778E-01
 0.12877132328258E-01
 0.12781906417154E-01
 0.12759799025695E-01
 0.12658039013550E-01
 0.12689241418770E-01
 0.12521686026678E-01
 0.12477288984541E-01
 0.12366861402700E-01
 0.12265875540174E-01
 0.12348668465408E-01
 0.12193355932313E-01
 0.11996437709086E-01
 0.12016394711247E-01
 0.12053927134802E-01
 0.11967026278986E-01
 0.11946559785132E-01
 0.11800855507296E-01
 0.11715940627030E-01
 0.11815723057032E-01
 0.11672312273425E-01
 0.11652210752750E-01
 0.11493148275456E-01
 0.11490043571138E-01
 0.11314649716725E-01
 0.11258638274220E-01
