 0.00000000000000E+00
 0.00000000000000E+00
 0.00000000000000E+00
 0.81536636807405E-26
 0.00000000000000E+00
 0.89469747787668E-25
 0.85771830334030E-24
 0.28519133586065E-22
-0.94878469110236E-23
-0.23216555791826E-12
 0.13400169396290E-07
 0.22361327880069E-06
-0.97191511015800E-06
-0.13307041699621E-05
-0.21685623074954E-07
-0.29355418068306E-06
 0.20097139835268E-06
-0.29429699964523E-07
 0.19443749302153E-06
 0.21541685808225E-06
-0.12483482989680E-06
 0.36291193511581E-08
 0.28007918007561E-07
 0.19823628817458E-06
 0.57467618925670E-07
-0.52909111363482E-07
 0.75544827026713E-08
-0.84314915978421E-07
-0.29771849253884E-07
 0.83170529605450E-07
-0.33007082682047E-07
 0.30270762826457E-07
-0.81906747273379E-07
-0.29177480621485E-07
-0.40836349817015E-07
 0.44140640521309E-07
 0.25591049129906E-07
-0.32794152103140E-08
 0.26992441439126E-07
 0.59631422673562E-07
 0.10891027117906E-06
 0.79588303929607E-07
 0.12645026885717E-06
 0.14239982671373E-06
 0.22230445570745E-06
 0.28652905374816E-06
 0.44504776210974E-06
 0.54022631662936E-06
 0.74989769200415E-06
 0.95722156540384E-06
 0.12386091417873E-05
 0.16005450390669E-05
 0.20150462869858E-05
 0.25171511461723E-05
 0.31758771194130E-05
 0.39189026638865E-05
 0.48312750339698E-05
 0.58780570742111E-05
 0.71280802305683E-05
 0.85943685513747E-05
 0.10302565540736E-04
 0.12266669299276E-04
 0.14545859565738E-04
 0.17155082193635E-04
 0.20117764005316E-04
 0.23495474918127E-04
 0.27302477105328E-04
 0.31621295222715E-04
 0.36455305891924E-04
 0.41890951989433E-04
 0.47927250317205E-04
 0.54684522343594E-04
 0.62167074070909E-04
 0.70464278314858E-04
 0.79638527576349E-04
 0.89665694430965E-04
 0.10073251937812E-03
 0.11296226599668E-03
 0.12627621578630E-03
 0.14074703294314E-03
 0.15649800165308E-03
 0.17369808448817E-03
 0.19252433724169E-03
 0.21279061100152E-03
 0.23475057777036E-03
 0.25850070987738E-03
 0.28411179097145E-03
 0.31175864797187E-03
 0.34147600916120E-03
 0.37342407078462E-03
 0.40776518477046E-03
 0.44461556181068E-03
 0.48406527539047E-03
 0.52627070236354E-03
 0.57139290076930E-03
 0.61964772538900E-03
 0.67112545721412E-03
 0.72604050400852E-03
 0.78448679179213E-03
 0.84677182910734E-03
 0.91299214781192E-03
 0.98337085608043E-03
 0.10582413366825E-02
 0.11377504982260E-02
 0.12219090408882E-02
 0.13113623559379E-02
 0.14060329097203E-02
 0.15063930414374E-02
 0.16126889576388E-02
 0.17250909527091E-02
 0.18439582272609E-02
 0.19697926278703E-02
 0.21026089500153E-02
 0.22430134697714E-02
 0.23912638312339E-02
 0.25478608651520E-02
 0.27130579544590E-02
 0.28872940919264E-02
 0.30710640047766E-02
 0.32649479070475E-02
 0.34693324610172E-02
 0.36849185021889E-02
 0.39118847045056E-02
 0.41511825581248E-02
 0.44030814897281E-02
 0.46684259769734E-02
 0.49478146568468E-02
 0.52421498689872E-02
 0.55518760211679E-02
 0.58779422953024E-02
 0.62210320393930E-02
 0.65823325343389E-02
 0.69625521181982E-02
 0.73627677163545E-02
 0.77838270835028E-02
 0.82268642920674E-02
 0.86932628281975E-02
 0.91841318166758E-02
 0.97004043041015E-02
 0.10243949091936E-01
 0.10815509204691E-01
 0.11417252694149E-01
 0.12051177967210E-01
 0.12717870117594E-01
 0.13420113246461E-01
 0.14159027972311E-01
 0.14937513079684E-01
 0.15756703543028E-01
 0.16619942460244E-01
 0.17528505632355E-01
 0.18485911420320E-01
 0.19494409632710E-01
 0.20556383503420E-01
 0.21675726257443E-01
 0.22854717528375E-01
 0.24096731271442E-01
 0.25405688969100E-01
 0.26784194230007E-01
 0.28235972005705E-01
 0.29764640318052E-01
 0.31373309254417E-01
 0.33065123532739E-01
 0.34843056572648E-01
 0.36709268142582E-01
 0.38666044667877E-01
 0.40713502391147E-01
 0.42850630905307E-01
 0.45078178494865E-01
 0.47392058812297E-01
 0.49786627566076E-01
 0.52250470010686E-01
 0.54770237150220E-01
 0.57334473322873E-01
 0.59928186537507E-01
 0.62530440827320E-01
 0.65124782876588E-01
 0.67689802244711E-01
 0.70205720967543E-01
 0.72652693610939E-01
 0.75019259147052E-01
 0.77291171445369E-01
 0.79460359831876E-01
 0.81520574425290E-01
 0.83470186314799E-01
 0.85307907475163E-01
 0.87036092389600E-01
 0.88658241433574E-01
 0.90178224808060E-01
 0.91600295731343E-01
 0.92931006988037E-01
 0.94174862382401E-01
 0.95337392288930E-01
 0.96424260410138E-01
 0.97440097276778E-01
 0.98390451098643E-01
 0.99278280997213E-01
 0.10010858210358E+00
 0.10088637965004E+00
 0.10161411340373E+00
 0.10229407733709E+00
 0.10293066915801E+00
 0.10352674284458E+00
 0.10408419906297E+00
 0.10460566503564E+00
 0.10509366273808E+00
 0.10554982699944E+00
 0.10597591383706E+00
 0.10637358151885E+00
 0.10674474330163E+00
 0.10709112088581E+00
 0.10741306941577E+00
 0.10771297408395E+00
 0.10799090872174E+00
 0.10824902729315E+00
 0.10848815507097E+00
 0.10870865959314E+00
 0.10891170038507E+00
 0.10909824349296E+00
 0.10926923505328E+00
 0.10942516646485E+00
 0.10956668164140E+00
 0.10969445715810E+00
 0.10980900312131E+00
 0.10991171268856E+00
 0.11000212217068E+00
 0.11008112495744E+00
 0.11014879631519E+00
 0.11020627086230E+00
 0.11025438254925E+00
 0.11029238704966E+00
 0.11032111622236E+00
 0.11034126642520E+00
 0.11035295106013E+00
 0.11035615049480E+00
 0.11035185580161E+00
 0.11034025841173E+00
 0.11032150878994E+00
 0.11029565593960E+00
 0.11026323213191E+00
 0.11022430836803E+00
 0.11017974706520E+00
 0.11012897560657E+00
 0.11007269467824E+00
 0.11001090589863E+00
 0.10994400108091E+00
 0.10987173246412E+00
 0.10979505700955E+00
 0.10971372212090E+00
 0.10962774046185E+00
 0.10953759841639E+00
 0.10944328517362E+00
 0.10934506117726E+00
 0.10924298764279E+00
 0.10913727387510E+00
 0.10902814249018E+00
 0.10891545666815E+00
 0.10879933903439E+00
 0.10868028898001E+00
 0.10855816756780E+00
 0.10843307169433E+00
 0.10830534227631E+00
 0.10817498484505E+00
 0.10804171938945E+00
 0.10790627894279E+00
 0.10776832456277E+00
 0.10762822190934E+00
 0.10748562880431E+00
 0.10734099881246E+00
 0.10719447118877E+00
 0.10704580252408E+00
 0.10689548200408E+00
 0.10674314161094E+00
 0.10658918377890E+00
 0.10643372898977E+00
 0.10627646838079E+00
 0.10611776906873E+00
 0.10595747930544E+00
 0.10579589291946E+00
 0.10563287441795E+00
 0.10546882893531E+00
 0.10530337015002E+00
 0.10513671066846E+00
 0.10496905522998E+00
 0.10480031197845E+00
 0.10463041164751E+00
 0.10445958804201E+00
 0.10428785120069E+00
 0.10411535340921E+00
 0.10394197218551E+00
 0.10376765702508E+00
 0.10359272881302E+00
 0.10341704719393E+00
 0.10324077004714E+00
 0.10306367880314E+00
 0.10288605531306E+00
 0.10270789302029E+00
 0.10252918436475E+00
 0.10234994225257E+00
 0.10217019628647E+00
 0.10199004433130E+00
