 0.00000000000000E+00
 0.00000000000000E+00
 0.00000000000000E+00
-0.48182325690142E-27
 0.00000000000000E+00
-0.18684535519965E-25
-0.29115762437869E-24
-0.67875297773710E-23
-0.60989397999565E-22
-0.41712416365416E-12
-0.10646660977538E-06
-0.46211344725485E-06
 0.98750576512417E-06
 0.10057407906979E-05
 0.80903844615289E-07
 0.47338478112692E-06
-0.27239384622449E-06
 0.16158748868770E-06
-0.72824496322590E-07
-0.29972983086609E-06
 0.37909275956314E-06
 0.19628151373296E-07
-0.13246050564039E-06
-0.48021877031160E-06
-0.11376494986819E-06
 0.26261322130551E-06
-0.39871479783178E-07
 0.20413879886068E-06
 0.33535671682391E-07
-0.28739293282950E-06
 0.72725979962826E-07
-0.26154227270124E-06
 0.23833702252685E-06
 0.13906676366813E-06
 0.25555600165059E-06
-0.11021038685614E-06
-0.90771369530363E-07
-0.79388149210612E-07
 0.70867071366448E-07
-0.51096959238677E-07
-0.22408594716776E-06
 0.89839663910612E-07
-0.28121163402496E-07
 0.23268138006302E-06
 0.24964587398887E-06
 0.51056731949270E-06
 0.21264594123617E-06
 0.60684500196363E-06
 0.50603955655168E-06
 0.92884719627937E-06
 0.12321298519208E-05
 0.13751964013252E-05
 0.21821687038805E-05
 0.27109292374251E-05
 0.30617297847753E-05
 0.39222869457489E-05
 0.47044203312022E-05
 0.59977082176737E-05
 0.71098006215198E-05
 0.87891826771252E-05
 0.10421561900351E-04
 0.12361464344403E-04
 0.14507570786721E-04
 0.17103545567705E-04
 0.20225421353998E-04
 0.23386493876089E-04
 0.27449992747824E-04
 0.31657777463180E-04
 0.36525913766050E-04
 0.41691556784683E-04
 0.48046757392257E-04
 0.54540676051729E-04
 0.62225652732048E-04
 0.70267566955315E-04
 0.78834747331859E-04
 0.90348875304757E-04
 0.10233090433432E-03
 0.11239564921475E-03
 0.12487589961726E-03
 0.13982542451567E-03
 0.15774868090553E-03
 0.17562165655173E-03
 0.19123724346428E-03
 0.21322658890750E-03
 0.23485157712194E-03
 0.25886644796706E-03
 0.28535649141295E-03
 0.31279199025638E-03
 0.34278436027016E-03
 0.37540761232578E-03
 0.40930327434831E-03
 0.44578196630999E-03
 0.48512667024259E-03
 0.52877780762580E-03
 0.57473502699570E-03
 0.62272104696122E-03
 0.67430878933273E-03
 0.72902898285231E-03
 0.78966212253426E-03
 0.85346162799506E-03
 0.92156563084822E-03
 0.99356732877159E-03
 0.10678537371150E-02
 0.11457028273284E-02
 0.12376120906215E-02
 0.13252225732775E-02
 0.14254042548043E-02
 0.15259016788530E-02
 0.16352241591707E-02
 0.17496985909755E-02
 0.18762388624842E-02
 0.20002736394155E-02
 0.21408203716944E-02
 0.22881822792373E-02
 0.24434820510627E-02
 0.26017731529928E-02
 0.27730203941331E-02
 0.29590844332486E-02
 0.31594496289162E-02
 0.33607789805706E-02
 0.35762758613563E-02
 0.37961745489518E-02
 0.40441353603354E-02
 0.42987095956168E-02
 0.45685224841153E-02
 0.48536892216841E-02
 0.51573619464105E-02
 0.54702143796228E-02
 0.58105030479127E-02
 0.61691070042520E-02
 0.65498310347754E-02
 0.69399968731476E-02
 0.73622678979922E-02
 0.77987830653397E-02
 0.82674590969717E-02
 0.87677731111362E-02
 0.92885517313492E-02
 0.98195726184671E-02
 0.10413562888701E-01
 0.11028325926027E-01
 0.11701815682051E-01
 0.12399552024454E-01
 0.13106126179624E-01
 0.13895018549789E-01
 0.14683965830954E-01
 0.15574591134458E-01
 0.16460090720239E-01
 0.17446279473406E-01
 0.18447514623058E-01
 0.19559398242786E-01
 0.20684349872650E-01
 0.21864043818775E-01
 0.23181692027015E-01
 0.24511637672295E-01
 0.25920886674249E-01
 0.27453002772116E-01
 0.29006457359201E-01
 0.30674654228446E-01
 0.32437470652559E-01
 0.34262839473187E-01
 0.36172685188278E-01
 0.38179039105242E-01
 0.40259014060351E-01
 0.42460755292922E-01
 0.44681091580784E-01
 0.47012474860540E-01
 0.49467618263994E-01
 0.51755626584650E-01
 0.53845721539517E-01
 0.55649753889522E-01
 0.57394866433797E-01
 0.59219091780442E-01
 0.60726808907464E-01
 0.61621015655508E-01
 0.62136995022984E-01
 0.61937864714466E-01
 0.61204957071498E-01
 0.60014535912814E-01
 0.58790628402839E-01
 0.56982183106475E-01
 0.55076995722845E-01
 0.53060786852191E-01
 0.51050622251049E-01
 0.48997368323597E-01
 0.47035782000997E-01
 0.45169848722427E-01
 0.43347064120307E-01
 0.41637306987429E-01
 0.40083322326548E-01
 0.38583353980769E-01
 0.37199853637835E-01
 0.35965937683936E-01
 0.34766300946868E-01
 0.33682188494408E-01
 0.32553066946511E-01
 0.31663300881640E-01
 0.30877099238834E-01
 0.29945841488312E-01
 0.29098667396297E-01
 0.28453426025591E-01
 0.27830150704554E-01
 0.27121625604353E-01
 0.26532895309485E-01
 0.26013982364754E-01
 0.25440563838341E-01
 0.24919005341848E-01
 0.24403058017575E-01
 0.24021196796708E-01
 0.23588132275548E-01
 0.23121922634485E-01
 0.22757340493796E-01
 0.22398614551171E-01
 0.22111856068980E-01
 0.21741631368075E-01
 0.21412275497920E-01
 0.21096449515751E-01
 0.20830394552317E-01
 0.20554978782418E-01
 0.20268151369352E-01
 0.20012838851096E-01
 0.19747202754421E-01
 0.19513612720841E-01
 0.19326857460287E-01
 0.19011240302241E-01
 0.18793480552841E-01
 0.18592695214552E-01
 0.18469084450364E-01
 0.18302111001211E-01
 0.17995086457559E-01
 0.17848862010999E-01
 0.17696892182629E-01
 0.17486597023808E-01
 0.17311973634452E-01
 0.17214284917750E-01
 0.17052034677822E-01
 0.16847245892762E-01
 0.16690845740025E-01
 0.16544796472804E-01
 0.16419645521597E-01
 0.16304867248820E-01
 0.16119094344232E-01
 0.15986063899743E-01
 0.15852172557916E-01
 0.15739055631796E-01
 0.15607698694656E-01
 0.15535573453536E-01
 0.15403966296829E-01
 0.15271791787531E-01
 0.15158430758942E-01
 0.15064439595627E-01
 0.14936565652933E-01
 0.14826414021120E-01
 0.14734650127539E-01
 0.14630485483668E-01
 0.14500059940852E-01
 0.14411064517349E-01
 0.14334465883887E-01
 0.14213498372457E-01
 0.14141713535279E-01
 0.14072789251144E-01
 0.13975308667336E-01
 0.13855672752122E-01
 0.13800169257253E-01
 0.13697759245461E-01
 0.13609322593587E-01
 0.13481756322204E-01
 0.13429649690268E-01
 0.13383205606376E-01
 0.13272895730959E-01
 0.13237169740759E-01
 0.13096354798673E-01
 0.13060235611877E-01
 0.13002509373306E-01
 0.12874774284147E-01
 0.12808495122063E-01
 0.12725314664166E-01
 0.12676979119910E-01
 0.12622729869244E-01
 0.12587281674600E-01
 0.12455738261719E-01
 0.12389174245309E-01
 0.12336605334609E-01
 0.12260777971645E-01
 0.12182742958079E-01
 0.12135976754673E-01
 0.12090937608955E-01
 0.12031179674710E-01
 0.11944711136209E-01
 0.11877318770190E-01
 0.11846920617855E-01
 0.11762554857363E-01
 0.11712750920752E-01
 0.11606270387606E-01
 0.11568715671062E-01
 0.11540327540001E-01
 0.11467727051978E-01
 0.11393088608802E-01
 0.11346292917186E-01
 0.11316955011106E-01
 0.11247891751171E-01
