 0.00000000000000E+00
 0.00000000000000E+00
 0.00000000000000E+00
-0.65229309445924E-25
-0.48032224987057E-25
-0.27796426497139E-25
 0.12171066485537E-25
 0.39870499256834E-24
 0.10014949517192E-22
 0.15524015115817E-21
 0.36260540696465E-21
 0.32608536066123E-12
-0.41355633488275E-11
 0.24239500743111E-10
 0.16439051050772E-10
 0.24195141852565E-10
 0.43564964624810E-12
 0.17160595981370E-10
-0.95285994280478E-11
 0.97836498144910E-11
-0.23494126106831E-11
 0.71853603157041E-11
-0.63808653923487E-11
-0.80814304215942E-14
 0.89166462298316E-10
-0.35962256743038E-09
 0.22365599687632E-08
 0.40875103243224E-08
-0.26221350130799E-08
 0.13962509799765E-09
 0.64045466483679E-09
 0.10037742785779E-08
 0.70217775455245E-10
 0.42352588289416E-09
 0.77048660885380E-09
 0.13524448416652E-08
 0.22955465371476E-08
 0.37845718911815E-08
 0.60839191129163E-08
 0.95423688196891E-08
 0.14632758336132E-07
 0.21972837943724E-07
 0.32366149927598E-07
 0.46820118017939E-07
 0.66601294096345E-07
 0.93267491472078E-07
 0.12871591497466E-06
 0.17521884664999E-06
 0.23548540192962E-06
 0.31268866443520E-06
 0.41053792980201E-06
 0.53330965808011E-06
 0.68600043816896E-06
 0.87389499735200E-06
 0.11035773842348E-05
 0.13819568619908E-05
 0.17169102234500E-05
 0.21170913956084E-05
 0.25923661304301E-05
 0.31524480526857E-05
 0.38097230099827E-05
 0.45759813184479E-05
 0.54650254936616E-05
 0.64916107844933E-05
 0.76704623487315E-05
 0.90191945351869E-05
 0.10555389675612E-04
 0.12298016802660E-04
 0.14267401428584E-04
 0.16484895362463E-04
 0.18973082610281E-04
 0.21756762517756E-04
 0.24860042353866E-04
 0.28310077961906E-04
 0.32136966857455E-04
 0.36363926676366E-04
 0.41027669647083E-04
 0.46159403987262E-04
 0.51787904834140E-04
 0.57960622024694E-04
 0.64678883460971E-04
 0.72072589314561E-04
 0.80065124772279E-04
 0.88653612993478E-04
 0.98022528625433E-04
 0.10836008606250E-03
 0.11941864959290E-03
 0.13132682268630E-03
 0.14417575027142E-03
 0.15800818589216E-03
 0.17288009067074E-03
 0.18884759495876E-03
 0.20596940218065E-03
 0.22431530008597E-03
 0.24394310104415E-03
 0.26492526548556E-03
 0.28732872396436E-03
 0.31122872979990E-03
 0.33670379572463E-03
 0.36383073545503E-03
 0.39269396237891E-03
 0.42337938785345E-03
 0.45597887487618E-03
 0.49058373020353E-03
 0.52729363525447E-03
 0.56620986432499E-03
 0.60743754156333E-03
 0.65108760869086E-03
 0.69727829937102E-03
 0.74612924623664E-03
 0.79776259757842E-03
 0.85231216690646E-03
 0.90991532478923E-03
 0.97070982551881E-03
 0.10348527725624E-02
 0.11024933339735E-02
 0.11737960581382E-02
 0.12489291485012E-02
 0.13280707931399E-02
 0.14114062810608E-02
 0.14991292746547E-02
 0.15914396975522E-02
 0.16885469135284E-02
 0.17906840208494E-02
 0.18980680528798E-02
 0.20109474211412E-02
 0.21295937917527E-02
 0.22541996731793E-02
 0.23851142842107E-02
 0.25226776452857E-02
 0.26670452047229E-02
 0.28184826360013E-02
 0.29775087275371E-02
 0.31447124470975E-02
 0.33199722380647E-02
 0.35038571809372E-02
 0.36967790718909E-02
 0.38991468180821E-02
 0.41114257895165E-02
 0.43340593989752E-02
 0.45675394736077E-02
 0.48123674244974E-02
 0.50690859425021E-02
 0.53382416929853E-02
 0.56204174991254E-02
 0.59162456741024E-02
 0.62263371197103E-02
 0.65513617480882E-02
 0.68920211711596E-02
 0.72490235443154E-02
 0.76231142359132E-02
 0.80150906610023E-02
 0.84257206358397E-02
 0.88558248160112E-02
 0.93062359068062E-02
 0.97777941620594E-02
 0.10271281711377E-01
 0.10787723148560E-01
 0.11327652448480E-01
 0.11891657978999E-01
 0.12481139897685E-01
 0.13096253979668E-01
 0.13737404147940E-01
 0.14404975752789E-01
 0.15099096878752E-01
 0.15819629820208E-01
 0.16566181159754E-01
 0.17337975498191E-01
 0.18133976273823E-01
 0.18952654463127E-01
 0.19792170085997E-01
 0.20650262360146E-01
 0.21524346072617E-01
 0.22411519585533E-01
 0.23308648725460E-01
 0.24212439225179E-01
 0.25119527804466E-01
 0.26026560604193E-01
 0.26930285285023E-01
 0.27827606701979E-01
 0.28715663852879E-01
 0.29591838289465E-01
 0.30453815675016E-01
 0.31299553560632E-01
 0.32127347254274E-01
 0.32935718434102E-01
 0.33723502804766E-01
 0.34489759989521E-01
 0.35233748767263E-01
 0.35954983659570E-01
 0.36653075411068E-01
 0.37327844057060E-01
 0.37979186908186E-01
 0.38607163447818E-01
 0.39211874999783E-01
 0.39793542239165E-01
 0.40352421889555E-01
 0.40888853606857E-01
 0.41403223753277E-01
 0.41895960187803E-01
 0.42367389059270E-01
 0.42818144371206E-01
 0.43248663946012E-01
 0.43659464349310E-01
 0.44051090676469E-01
 0.44424087008579E-01
 0.44779012676518E-01
 0.45116418137187E-01
 0.45436884203705E-01
 0.45740967150534E-01
 0.46029234277671E-01
 0.46302246938357E-01
 0.46560561704813E-01
 0.46804725031948E-01
 0.47035275734623E-01
 0.47252743372719E-01
 0.47457643193347E-01
 0.47650476779685E-01
 0.47831737650001E-01
 0.48001897791665E-01
 0.48161421154433E-01
 0.48310750240738E-01
 0.48450314042304E-01
 0.48580526189091E-01
 0.48701785357575E-01
 0.48814470609347E-01
 0.48918956036405E-01
 0.49015571271195E-01
 0.49104708202634E-01
 0.49186601785098E-01
 0.49261629860563E-01
 0.49330063109131E-01
 0.49392186733073E-01
 0.49448265980129E-01
 0.49498559377959E-01
 0.49543308784565E-01
 0.49582749797087E-01
 0.49617105521519E-01
 0.49646588924644E-01
 0.49671400690289E-01
 0.49691737453066E-01
 0.49707783774149E-01
 0.49719714223924E-01
 0.49727699449277E-01
 0.49731900140300E-01
 0.49732469532137E-01
 0.49729555443909E-01
 0.49723297631521E-01
 0.49713831044258E-01
 0.49701284108463E-01
 0.49685779378127E-01
 0.49667434888556E-01
 0.49646363249322E-01
 0.49622672111854E-01
 0.49596464683862E-01
 0.49567840282413E-01
 0.49536893440846E-01
 0.49503715305302E-01
 0.49468392990961E-01
 0.49431010394330E-01
 0.49391647767482E-01
 0.49350382359719E-01
 0.49307288118799E-01
 0.49262436158167E-01
 0.49215895042273E-01
 0.49167730542230E-01
 0.49118005701201E-01
 0.49066781414341E-01
 0.49014116158121E-01
 0.48960066241371E-01
 0.48904685852414E-01
 0.48848027189111E-01
 0.48790140517735E-01
 0.48731074146774E-01
 0.48670874861473E-01
 0.48609587400209E-01
 0.48547255426645E-01
 0.48483920539991E-01
 0.48419623020067E-01
 0.48354401806303E-01
 0.48288294466232E-01
 0.48221337145176E-01
 0.48153564763040E-01
 0.48085011092217E-01
 0.48015708686161E-01
 0.47945688976831E-01
 0.47874982505154E-01
 0.47803618503256E-01
 0.47731625291923E-01
 0.47659030389145E-01
 0.47585860158493E-01
 0.47512140417943E-01
 0.47437895766496E-01
 0.47363150163107E-01
 0.47287926999291E-01
 0.47212248029148E-01
 0.47136135651770E-01
 0.47059610259595E-01
 0.46982692573744E-01
 0.46905401767916E-01
