 0.00000000000000E+00
 0.00000000000000E+00
 0.00000000000000E+00
-0.55547135187540E-23
 0.10744050326052E-23
 0.17555637787667E-22
 0.25427524352516E-22
-0.10171297643230E-21
 0.45903670637724E-08
-0.47775973971261E-08
-0.11895273619179E-07
 0.13194499273002E-07
-0.30553798678402E-07
 0.43095269479277E-07
 0.60996228905794E-07
 0.34690990944162E-07
-0.30897077566156E-07
-0.49971330955263E-08
-0.76117534322726E-08
-0.28762447585815E-07
-0.75479743376948E-08
-0.10600618418603E-07
-0.79404254366564E-08
 0.57839381434037E-08
 0.16426670189986E-07
-0.16460762521307E-08
-0.77907184440445E-08
 0.87739107469042E-09
-0.11210556091688E-07
-0.22058156308841E-08
-0.20140078706334E-08
-0.76079503198109E-08
 0.15897508466169E-07
-0.10488378345866E-07
 0.96653699258199E-09
 0.21951096001493E-09
 0.47891987827123E-08
-0.56507344571518E-08
 0.71772997731245E-08
 0.21595453575433E-08
 0.14777883614681E-08
 0.82198303032457E-08
 0.16618096434420E-07
 0.10998263984317E-07
 0.32797866176318E-07
 0.47513670523002E-07
 0.66884823768091E-07
 0.87784170977954E-07
 0.12028350709278E-06
 0.17970861574445E-06
 0.23219272108452E-06
 0.29940891915048E-06
 0.37974729282549E-06
 0.49176427667618E-06
 0.60707466841182E-06
 0.77297893209531E-06
 0.97300810409281E-06
 0.12184837843046E-05
 0.15070777810770E-05
 0.18609783545264E-05
 0.22822692528716E-05
 0.27703359008536E-05
 0.33557409080378E-05
 0.40187505345474E-05
 0.48092087580076E-05
 0.57103388870085E-05
 0.67611101403178E-05
 0.79545649324408E-05
 0.93155473908967E-05
 0.10862427157257E-04
 0.12603263710910E-04
 0.14593339310120E-04
 0.16813845398025E-04
 0.19303358823785E-04
 0.22089438199163E-04
 0.25179196895447E-04
 0.28612336177673E-04
 0.32435381812103E-04
 0.36564955077254E-04
 0.41330365219215E-04
 0.46405671245742E-04
 0.52027314956762E-04
 0.58186426187097E-04
 0.64916576976037E-04
 0.72265866545825E-04
 0.80279310287575E-04
 0.88997624201504E-04
 0.98464394925254E-04
 0.10872650318020E-03
 0.11984555570202E-03
 0.13187974083207E-03
 0.14487269831709E-03
 0.15888505071560E-03
 0.17399476969601E-03
 0.19026925091400E-03
 0.20773810814981E-03
 0.22652824042399E-03
 0.24666105527146E-03
 0.26828118634002E-03
 0.29140771707059E-03
 0.31619549819473E-03
 0.34267358417909E-03
 0.37098559468595E-03
 0.40121823214102E-03
 0.43347331136818E-03
 0.46787913545648E-03
 0.50456786423272E-03
 0.54341557340416E-03
 0.58522421904611E-03
 0.62943009952932E-03
 0.67647163920294E-03
 0.72650082163271E-03
 0.77961514499788E-03
 0.83605332523077E-03
 0.89592395093178E-03
 0.95945051046137E-03
 0.10267637642159E-02
 0.10981150459886E-02
 0.11736840717110E-02
 0.12536761411275E-02
 0.13382017772781E-02
 0.14276437679692E-02
 0.15219719144903E-02
 0.16212174074738E-02
 0.17264373755072E-02
 0.18366370869519E-02
 0.19524723780259E-02
 0.20737526309387E-02
 0.22005089468554E-02
 0.23324279411862E-02
 0.24691451478436E-02
 0.26094294708139E-02
 0.27532028519518E-02
 0.28978913196237E-02
 0.30416082610746E-02
 0.31803867585258E-02
 0.33087809162754E-02
 0.34217059494911E-02
 0.35071035337127E-02
 0.35529911630825E-02
 0.35452064705964E-02
 0.34640725883116E-02
 0.33055003938461E-02
 0.31074780850500E-02
 0.29910309982549E-02
 0.31813094311137E-02
 0.39582921306347E-02
 0.54318098975062E-02
 0.74248044031924E-02
 0.96420609084735E-02
 0.11849002252953E-01
 0.13926473607290E-01
 0.15833216262382E-01
 0.17570778353466E-01
 0.19152086496609E-01
 0.20600728543454E-01
 0.21936075348109E-01
 0.23174851273358E-01
 0.24331358948824E-01
 0.25419935851909E-01
 0.26449478753300E-01
 0.27428672103781E-01
 0.28363590804665E-01
 0.29260574741600E-01
 0.30123094690733E-01
 0.30954070971007E-01
 0.31757572546571E-01
 0.32535085039163E-01
 0.33288338832043E-01
 0.34018595223958E-01
 0.34726792938372E-01
 0.35413824514045E-01
 0.36080047204823E-01
 0.36726108862405E-01
 0.37352154855734E-01
 0.37958567857928E-01
 0.38545580411515E-01
 0.39113262311452E-01
 0.39661980300038E-01
 0.40191894047813E-01
 0.40703184294169E-01
 0.41195993467554E-01
 0.41671253095048E-01
 0.42128006675014E-01
 0.42567536761037E-01
 0.42990022468102E-01
 0.43395701682244E-01
 0.43785016248114E-01
 0.44158323712199E-01
 0.44516077143295E-01
 0.44858617874539E-01
 0.45186433858112E-01
 0.45499922612829E-01
 0.45799550762189E-01
 0.46085669734096E-01
 0.46358768124163E-01
 0.46619240178318E-01
 0.46867528576104E-01
 0.47103986190853E-01
 0.47329059524050E-01
 0.47543119960876E-01
 0.47746548683284E-01
 0.47939727278650E-01
 0.48122986766114E-01
 0.48296697939659E-01
 0.48461204360568E-01
 0.48616817782976E-01
 0.48763869865777E-01
 0.48902643972577E-01
 0.49033465239323E-01
 0.49156598474111E-01
 0.49272325444406E-01
 0.49380906796835E-01
 0.49482611947161E-01
 0.49577662321944E-01
 0.49666312318356E-01
 0.49748784267349E-01
 0.49825302931868E-01
 0.49896074488049E-01
 0.49961314123105E-01
 0.50021194386791E-01
 0.50075925820721E-01
 0.50125676994491E-01
 0.50170629166163E-01
 0.50210952054931E-01
 0.50246799372615E-01
 0.50278341481832E-01
 0.50305705969838E-01
 0.50329054043450E-01
 0.50348522219608E-01
 0.50364244377267E-01
 0.50376347476154E-01
 0.50384957230864E-01
 0.50390200210951E-01
 0.50392171866969E-01
 0.50391006169162E-01
 0.50386800370686E-01
 0.50379659754723E-01
 0.50369685964579E-01
 0.50356972055921E-01
 0.50341611300315E-01
 0.50323703458670E-01
 0.50303316720510E-01
 0.50280552543672E-01
 0.50255482689619E-01
 0.50228187326547E-01
 0.50198741437250E-01
 0.50167222051043E-01
 0.50133694962863E-01
 0.50098228639751E-01
 0.50060893830372E-01
 0.50021745774769E-01
 0.49980851338581E-01
 0.49938274743214E-01
 0.49894063894567E-01
 0.49848280209623E-01
 0.49800980178797E-01
 0.49752210764360E-01
 0.49702022307268E-01
 0.49650473911908E-01
 0.49597598365966E-01
 0.49543447964946E-01
 0.49488071284188E-01
 0.49431507719717E-01
 0.49373794985596E-01
 0.49314981785368E-01
 0.49255102540696E-01
 0.49194196320639E-01
 0.49132297436152E-01
 0.49069446367561E-01
 0.49005672737244E-01
 0.48941015070537E-01
 0.48875500425926E-01
 0.48809165062488E-01
 0.48742037722004E-01
 0.48674148324173E-01
 0.48605523410096E-01
 0.48536196234060E-01
 0.48466187067056E-01
 0.48395529292773E-01
 0.48324243004171E-01
 0.48252357417737E-01
 0.48179889199459E-01
 0.48106870310344E-01
 0.48033316504137E-01
 0.47959257360222E-01
 0.47884706094022E-01
 0.47809688277004E-01
 0.47734222019983E-01
 0.47658330678401E-01
 0.47582027159717E-01
 0.47505333568316E-01
 0.47428266239243E-01
 0.47350847604477E-01
 0.47273084204183E-01
 0.47195000873810E-01
 0.47116612181730E-01
 0.47037933778861E-01
 0.46958977854735E-01
 0.46879760780505E-01
