 0.00000000000000E+00
 0.00000000000000E+00
 0.00000000000000E+00
-0.18336401678750E-22
-0.10737397663312E-22
 0.12314817917580E-21
 0.10752875286831E-21
-0.30768565175227E-21
-0.46213279661487E-08
-0.79381076132566E-09
 0.73685764559238E-08
-0.17959499021009E-07
 0.28205652003505E-07
-0.17997286920405E-07
-0.55861551598464E-07
 0.81271917574958E-08
 0.30813359287825E-08
 0.41957944954214E-07
 0.21320711813305E-08
-0.14356672913741E-07
 0.70479755007937E-08
 0.24739422468717E-07
-0.82141581287934E-08
-0.70379410600293E-08
-0.16046947850421E-07
-0.10593902696930E-07
 0.70430691535054E-08
-0.67950942981579E-08
-0.37232564634751E-08
 0.19843046200305E-10
 0.66121906803721E-08
 0.85747399803057E-08
 0.33258513967084E-08
-0.69024612508858E-08
-0.94064904505633E-08
 0.83968502324639E-09
 0.16739224051346E-07
 0.42339385014797E-08
-0.30402809036957E-08
-0.58380300012302E-08
 0.16205735814996E-07
 0.43177257163610E-08
 0.17784612395018E-07
 0.13188938713228E-07
 0.29591316710683E-07
 0.71375390394069E-07
 0.87612964025649E-07
 0.12506343139052E-06
 0.18230469143210E-06
 0.17845620892069E-06
 0.20441959752672E-06
 0.28914190584467E-06
 0.37631968015044E-06
 0.50223398459316E-06
 0.66707679188640E-06
 0.85642913065547E-06
 0.11076441666093E-05
 0.13906201100344E-05
 0.17526558335364E-05
 0.21671343979023E-05
 0.26409556307076E-05
 0.32566463912433E-05
 0.39581744712594E-05
 0.47739788521477E-05
 0.57610341156786E-05
 0.69010690468537E-05
 0.82313256025113E-05
 0.97265780368260E-05
 0.11479558071796E-04
 0.13484437151606E-04
 0.15773524891124E-04
 0.18386819504731E-04
 0.21340030645778E-04
 0.24628281019161E-04
 0.28386556900570E-04
 0.32566720170919E-04
 0.37456741931570E-04
 0.42723995534297E-04
 0.48120762924528E-04
 0.55066390081675E-04
 0.62230375227454E-04
 0.70302272055153E-04
 0.79148218713096E-04
 0.88889724024532E-04
 0.99690180083818E-04
 0.11152617013130E-03
 0.12453680009933E-03
 0.13874615102155E-03
 0.15426522686107E-03
 0.17129136946255E-03
 0.18985616470951E-03
 0.21001985007676E-03
 0.23197758660472E-03
 0.25587167546555E-03
 0.28173506453103E-03
 0.30978027310612E-03
 0.34020745416920E-03
 0.37307582605491E-03
 0.40862204591008E-03
 0.44692969741554E-03
 0.48825764741382E-03
 0.53292462772924E-03
 0.58091213394377E-03
 0.63267626512460E-03
 0.68806094880123E-03
 0.74840529210481E-03
 0.81181139719956E-03
 0.88092774443551E-03
 0.95570288509716E-03
 0.10343617709881E-02
 0.11193859369857E-02
 0.12101894731895E-02
 0.13076712388703E-02
 0.14115800796238E-02
 0.15229461931178E-02
 0.16416651032583E-02
 0.17685549664573E-02
 0.19040136142160E-02
 0.20483235544804E-02
 0.22019635939452E-02
 0.23658288745941E-02
 0.25403771521715E-02
 0.27233644409363E-02
 0.29209763758225E-02
 0.31285630010973E-02
 0.33476801705727E-02
 0.35789089420384E-02
 0.38221447614177E-02
 0.40755372067514E-02
 0.43409631635348E-02
 0.46116782453959E-02
 0.48902870319201E-02
 0.51745349064247E-02
 0.54513539227738E-02
 0.57166949573111E-02
 0.59538122602933E-02
 0.61535872978960E-02
 0.62842769124672E-02
 0.63025429100456E-02
 0.61653558740870E-02
 0.58026843623183E-02
 0.52065273862793E-02
 0.45295641917419E-02
 0.39708819797265E-02
 0.40647104542389E-02
 0.60584462628997E-02
 0.10664421370552E-01
 0.16854915815063E-01
 0.22996429069152E-01
 0.28294854885218E-01
 0.32696389120324E-01
 0.36415505696388E-01
 0.39693255937807E-01
 0.42645464123643E-01
 0.45377005370561E-01
 0.47955114338686E-01
 0.50406297930973E-01
 0.52751370275337E-01
 0.55028865609665E-01
 0.57235984754076E-01
 0.59395308119221E-01
 0.61505196983393E-01
 0.63582838818722E-01
 0.65627489731609E-01
 0.67633017244921E-01
 0.69623186726785E-01
 0.71584991593619E-01
 0.73524412102993E-01
 0.75442118051548E-01
 0.77336995543351E-01
 0.79211582395199E-01
 0.81063144593920E-01
 0.82893348093520E-01
 0.84700521729855E-01
 0.86483633204582E-01
 0.88244023565254E-01
 0.89979149131349E-01
 0.91689560042047E-01
 0.93374337673917E-01
 0.95032572377750E-01
 0.96664701104812E-01
 0.98271105210534E-01
 0.99849177034498E-01
 0.10140085399926E+00
 0.10292426081339E+00
 0.10442143501340E+00
 0.10589118293619E+00
 0.10733438953530E+00
 0.10875094629738E+00
 0.11014089331572E+00
 0.11150512392362E+00
 0.11284326152152E+00
 0.11415656943744E+00
 0.11544475962957E+00
 0.11670857528326E+00
 0.11794854147400E+00
 0.11916511288945E+00
 0.12035880492160E+00
 0.12152972915893E+00
 0.12267905828448E+00
 0.12380676814260E+00
 0.12491361987776E+00
 0.12600014922644E+00
 0.12706661404786E+00
 0.12811358590756E+00
 0.12914162194547E+00
 0.13015122520293E+00
 0.13114278839105E+00
 0.13211659349670E+00
 0.13307342134761E+00
 0.13401346649707E+00
 0.13493717984784E+00
 0.13584507640777E+00
 0.13673736909029E+00
 0.13761466796631E+00
 0.13847714435711E+00
 0.13932530875506E+00
 0.14015940674414E+00
 0.14097982366005E+00
 0.14178689200591E+00
 0.14258095450718E+00
 0.14336222011543E+00
 0.14413113504750E+00
 0.14488792237890E+00
 0.14563291703765E+00
 0.14636631963585E+00
 0.14708836537489E+00
 0.14779943920955E+00
 0.14849975342330E+00
 0.14918951874169E+00
 0.14986896788227E+00
 0.15053830197210E+00
 0.15119786020203E+00
 0.15184773801592E+00
 0.15248819596153E+00
 0.15311942727585E+00
 0.15374165568798E+00
 0.15435504925689E+00
 0.15495974273277E+00
 0.15555601580988E+00
 0.15614407500873E+00
 0.15672389430549E+00
 0.15729580722895E+00
 0.15785993172891E+00
 0.15841640205072E+00
 0.15896539661119E+00
 0.15950706184368E+00
 0.16004152607186E+00
 0.16056892138241E+00
 0.16108947281763E+00
 0.16160314584702E+00
 0.16211025860189E+00
 0.16261078332687E+00
 0.16310492373544E+00
 0.16359283233663E+00
 0.16407454885592E+00
 0.16455018332289E+00
 0.16501988346061E+00
 0.16548375982999E+00
 0.16594191507406E+00
 0.16639444894372E+00
 0.16684147216896E+00
 0.16728304060847E+00
 0.16771929962249E+00
 0.16815032412309E+00
 0.16857618630148E+00
 0.16899701053398E+00
 0.16941286697743E+00
 0.16982383802815E+00
 0.17023008326085E+00
 0.17063147512951E+00
 0.17102833919255E+00
 0.17142060827729E+00
 0.17180839730313E+00
 0.17219175206857E+00
 0.17257080021085E+00
 0.17294554741998E+00
 0.17331612777772E+00
 0.17368259764512E+00
 0.17404496506434E+00
 0.17440339826112E+00
 0.17475781746096E+00
 0.17510840374090E+00
 0.17545522938401E+00
 0.17579827766985E+00
 0.17613765019021E+00
 0.17647334472607E+00
 0.17680548613019E+00
 0.17713412518003E+00
 0.17745928257866E+00
 0.17778103140822E+00
 0.17809943710891E+00
 0.17841454730763E+00
 0.17872633806076E+00
 0.17903495497712E+00
 0.17934040925690E+00
 0.17964274482653E+00
 0.17994203680544E+00
 0.18023831277519E+00
 0.18053157821224E+00
