 0.00000000000000E+00
 0.00000000000000E+00
 0.00000000000000E+00
 0.87184895916148E-24
 0.20168072308314E-24
-0.79551840771682E-23
-0.14885958132327E-22
 0.44201691809054E-22
-0.46205941706855E-08
 0.18739552148484E-09
 0.15414306119854E-07
-0.11769809533184E-07
 0.43310705289896E-07
-0.67115415431218E-07
-0.84206273778004E-07
-0.87592787748089E-07
 0.61216325570983E-07
 0.12332353228349E-07
 0.33421945048752E-07
 0.87639694586161E-07
 0.30450264031231E-07
 0.36167133555831E-07
 0.51447210917982E-07
-0.17689355701960E-08
-0.37755728860017E-07
 0.29186881296222E-07
 0.49802921660668E-07
-0.25695608681590E-07
 0.97426179904635E-07
 0.13807005694179E-07
 0.32494955466200E-07
 0.38537897130827E-07
-0.11101041536290E-06
 0.12600280640088E-06
-0.41707383886866E-08
 0.17802752658790E-07
-0.32070550277549E-07
 0.76177843520109E-07
-0.46466614598803E-07
 0.32357521046379E-07
 0.85067627177986E-07
-0.12624872944554E-07
-0.98897735152207E-08
 0.14113533798076E-06
-0.47754904129633E-07
 0.48578657856878E-07
 0.81018961856996E-07
 0.15288029166702E-06
 0.21328199221571E-06
-0.65875326673133E-07
-0.72166436859181E-07
-0.37202076060384E-07
 0.15409100687342E-06
 0.58537567448427E-07
 0.55041808522336E-06
 0.70226918860343E-06
 0.92796939635241E-06
 0.11477041084671E-05
 0.15673854978324E-05
 0.18774869116535E-05
 0.21675057159235E-05
 0.27414130905148E-05
 0.32049881774057E-05
 0.41948336241547E-05
 0.48070424141752E-05
 0.59083923864004E-05
 0.66794718365899E-05
 0.79786869901948E-05
 0.93479694450256E-05
 0.10991012030007E-04
 0.12976408087162E-04
 0.14477508201412E-04
 0.16729676605197E-04
 0.19168639714931E-04
 0.21874284838198E-04
 0.25230736800427E-04
 0.29381445380929E-04
 0.33121928759241E-04
 0.38007431437780E-04
 0.39110333655533E-04
 0.46607650291733E-04
 0.52334998225049E-04
 0.58247889781137E-04
 0.65060108923706E-04
 0.72537871149943E-04
 0.80601650554755E-04
 0.89265815198926E-04
 0.99113879143615E-04
 0.10944528495106E-03
 0.12100182694330E-03
 0.13286868679865E-03
 0.14597941311357E-03
 0.16059041857081E-03
 0.17553342104455E-03
 0.19125085445485E-03
 0.20967902548150E-03
 0.22783963010893E-03
 0.24991433396209E-03
 0.27107596955565E-03
 0.29582113666808E-03
 0.31949027981261E-03
 0.34829531120024E-03
 0.37689541268557E-03
 0.40835393499986E-03
 0.44160095605756E-03
 0.47966002327590E-03
 0.51080839672784E-03
 0.56482993720550E-03
 0.59352881063128E-03
 0.64775908907487E-03
 0.69839204130151E-03
 0.74993448852026E-03
 0.80792180562816E-03
 0.86607417207810E-03
 0.93085135331647E-03
 0.99733529643884E-03
 0.10711295129712E-02
 0.11472407004899E-02
 0.12274679759057E-02
 0.13105800891613E-02
 0.14075240373043E-02
 0.14965586256446E-02
 0.15862983232051E-02
 0.17119958548237E-02
 0.17882995660354E-02
 0.19097965561407E-02
 0.20165947640504E-02
 0.21282965604614E-02
 0.22261195005646E-02
 0.23202889046330E-02
 0.23695971061845E-02
 0.24448672053991E-02
 0.24107979728666E-02
 0.23840980484373E-02
 0.22009302797246E-02
 0.18771464122736E-02
 0.14379432296549E-02
 0.51858178029245E-03
-0.73054066548991E-03
-0.26456771876012E-02
-0.55937183578654E-02
-0.87793522604271E-02
-0.11217717757735E-01
-0.11800588644364E-01
-0.70034482181955E-02
 0.99160026661922E-02
 0.33987683574604E-01
 0.52376807999673E-01
 0.60119751813916E-01
 0.60174724952964E-01
 0.56897016753374E-01
 0.52720967095727E-01
 0.48570191462038E-01
 0.44657871788576E-01
 0.41425106676691E-01
 0.38540514727852E-01
 0.35976113858929E-01
 0.33771827013445E-01
 0.31957198042555E-01
 0.30309326702501E-01
 0.28912551739944E-01
 0.27604824863204E-01
 0.26547743115742E-01
 0.25495725181824E-01
 0.24546507726318E-01
 0.23764134717115E-01
 0.23001856809250E-01
 0.22300505501270E-01
 0.21645274824031E-01
 0.21035924963036E-01
 0.20473554780026E-01
 0.19922473670326E-01
 0.19419388143737E-01
 0.18925732392194E-01
 0.18466217767697E-01
 0.18021567645247E-01
 0.17587842435619E-01
 0.17185532329673E-01
 0.16793254624118E-01
 0.16408245268452E-01
 0.16037202535981E-01
 0.15731890955197E-01
 0.15326748513304E-01
 0.15023342957463E-01
 0.14738469763596E-01
 0.14438320789094E-01
 0.14156228181969E-01
 0.13876634973420E-01
 0.13617001438521E-01
 0.13358961782959E-01
 0.13116858669692E-01
 0.12882146953635E-01
 0.12659387287714E-01
 0.12438513720165E-01
 0.12231953920989E-01
 0.12032230454261E-01
 0.11841393361692E-01
 0.11653260142053E-01
 0.11477860441298E-01
 0.11305162074600E-01
 0.11139219019301E-01
 0.10980402139302E-01
 0.10825055256348E-01
 0.10676994231395E-01
 0.10535166076599E-01
 0.10395763915796E-01
 0.10263016523385E-01
 0.10133204545440E-01
 0.10010361484138E-01
 0.98878242679764E-02
 0.97712907786941E-02
 0.96568094069023E-02
 0.95482361927901E-02
 0.94392476246166E-02
 0.93359681125763E-02
 0.92359598585676E-02
 0.91392486991956E-02
 0.90435767306305E-02
 0.89528587736416E-02
 0.88615819732768E-02
 0.87748084319063E-02
 0.86888476440333E-02
 0.86072109658397E-02
 0.85271341457165E-02
 0.84473759341946E-02
 0.83719354624878E-02
 0.82943991915921E-02
 0.82219903746680E-02
 0.81510837337202E-02
 0.80807565337629E-02
 0.80124591608528E-02
 0.79452553973082E-02
 0.78802002635934E-02
 0.78146769340103E-02
 0.77538038963111E-02
 0.76917400553116E-02
 0.76316270290873E-02
 0.75725608134691E-02
 0.75138888964852E-02
 0.74579374868977E-02
 0.74034788759621E-02
 0.73471736733482E-02
 0.72943388834391E-02
 0.72409763791739E-02
 0.71896519729551E-02
 0.71387182748601E-02
 0.70896533163580E-02
 0.70401119189339E-02
 0.69911548336328E-02
 0.69445657991950E-02
 0.68968186679049E-02
 0.68513734881557E-02
 0.68073892921387E-02
 0.67613022532539E-02
 0.67184610612692E-02
 0.66759435506969E-02
 0.66326692082156E-02
 0.65908415085887E-02
 0.65508001502838E-02
 0.65084392144525E-02
 0.64686918678881E-02
 0.64298650561186E-02
 0.63908699228328E-02
 0.63515373423831E-02
 0.63149566489623E-02
 0.62771656361648E-02
 0.62405969193430E-02
 0.62036587255120E-02
 0.61682810067125E-02
 0.61331311052222E-02
 0.60991786418003E-02
 0.60633103242724E-02
 0.60301658618126E-02
 0.59961303701162E-02
 0.59628262638326E-02
 0.59302772794598E-02
 0.58984002956398E-02
 0.58658736634334E-02
 0.58352005632281E-02
 0.58031034950014E-02
 0.57728141995521E-02
 0.57418045990606E-02
 0.57124217243309E-02
 0.56817652456829E-02
 0.56533490133700E-02
 0.56229542961772E-02
 0.55948773184737E-02
 0.55664035297563E-02
 0.55388120981834E-02
 0.55095467055757E-02
 0.54825165487505E-02
 0.54553552545902E-02
 0.54295552962909E-02
 0.54016203380680E-02
 0.53762461767938E-02
 0.53506430119989E-02
 0.53249251587406E-02
 0.52987702576769E-02
 0.52737956041792E-02
 0.52486283149791E-02
