 0.00000000000000E+00
 0.00000000000000E+00
 0.00000000000000E+00
 0.16222914304144E-23
 0.15462188769707E-23
-0.24965950562713E-22
-0.30513939576649E-22
 0.11028043468518E-21
 0.22889129848436E-08
 0.71029272729391E-09
-0.45797679276782E-08
 0.15079330632433E-07
-0.31382979785887E-07
 0.36394552502144E-07
 0.69258118199371E-07
-0.14797829337359E-07
-0.79848746091459E-08
-0.64608680534699E-07
 0.54851045221966E-09
 0.27638943924761E-07
-0.33454381859481E-07
-0.10499598657095E-06
 0.10381497452056E-07
-0.77797740079461E-08
 0.62130242580523E-07
 0.48937704152049E-07
-0.22928222146083E-07
 0.32825273800218E-07
 0.48646528385384E-07
-0.60774910162340E-08
-0.35273874651763E-07
-0.54226247810311E-07
-0.70332024525851E-07
 0.18186717010546E-08
 0.11054341325729E-06
-0.37212152520611E-08
-0.14376591638796E-06
-0.38361138130069E-07
 0.37670175020621E-07
 0.12950336688259E-06
-0.16791771888823E-06
 0.46278047904862E-07
-0.11025615527029E-07
 0.13893978608869E-06
 0.11820472352104E-06
-0.89584408389432E-07
-0.20875132352103E-07
-0.15590141212230E-06
-0.61012931403657E-06
-0.91733030849597E-07
 0.73877789038203E-06
 0.60668888979242E-06
 0.97651285535953E-06
 0.10157770548971E-05
 0.86731909363499E-06
 0.10834438131498E-05
 0.10019687744313E-05
 0.13855280192685E-05
 0.15320544158488E-05
 0.19746757865901E-05
 0.30989578748327E-05
 0.36083160596745E-05
 0.43262488343552E-05
 0.54266946771096E-05
 0.62116916493293E-05
 0.70200081464085E-05
 0.80618512897007E-05
 0.10392680671478E-04
 0.11853573506246E-04
 0.13886864424995E-04
 0.15623080166695E-04
 0.17912478505453E-04
 0.20666809008454E-04
 0.24951155037211E-04
 0.28653786750143E-04
 0.33763291423176E-04
 0.30996453188046E-04
 0.35858546754571E-04
 0.57670901761635E-04
 0.56527542560175E-04
 0.62714965415589E-04
 0.68997400652671E-04
 0.78713354480343E-04
 0.90643556208923E-04
 0.10022973580689E-03
 0.11225772166775E-03
 0.12444304581531E-03
 0.14051309964920E-03
 0.15774556231963E-03
 0.17371041794414E-03
 0.19016291724886E-03
 0.21364597991543E-03
 0.23468905870356E-03
 0.25583997288426E-03
 0.28445503246537E-03
 0.31371382604743E-03
 0.34271091991304E-03
 0.37791893992965E-03
 0.41343359643853E-03
 0.45679440434068E-03
 0.50177492233387E-03
 0.54653918216378E-03
 0.60119891084594E-03
 0.65236524456508E-03
 0.73151000647786E-03
 0.74432317578261E-03
 0.85437254972072E-03
 0.92670543656097E-03
 0.97547314249880E-03
 0.10758403430934E-02
 0.11600148049031E-02
 0.12649129769810E-02
 0.13588639837764E-02
 0.14834803935361E-02
 0.15928844478623E-02
 0.17359285292783E-02
 0.18718103908929E-02
 0.20160325192227E-02
 0.21759706235175E-02
 0.23456547053322E-02
 0.25154401660300E-02
 0.26184467541703E-02
 0.29533095077127E-02
 0.30458054993930E-02
 0.32887015495332E-02
 0.34557906908780E-02
 0.36353419699528E-02
 0.37479141763583E-02
 0.39927351201946E-02
 0.39144160292286E-02
 0.40895604389876E-02
 0.40286422063454E-02
 0.34916924522614E-02
 0.28891122953225E-02
 0.17164107278463E-02
 0.30967035949088E-03
-0.27070414697263E-02
-0.71316248025189E-02
-0.12912326728650E-01
-0.20246037230085E-01
-0.26415503779275E-01
-0.34834066508308E-01
-0.57848714906185E-01
-0.64139087186060E-01
 0.21158341427157E-01
 0.16516500537695E+00
 0.24575262437195E+00
 0.22992266110680E+00
 0.17661747589879E+00
 0.12814614774457E+00
 0.96497492817274E-01
 0.79424649640869E-01
 0.67761280657481E-01
 0.61564502985947E-01
 0.58000031143403E-01
 0.54827529348780E-01
 0.52296526580641E-01
 0.51427421879060E-01
 0.49613568481763E-01
 0.48989905265097E-01
 0.47499963449224E-01
 0.47161906412596E-01
 0.46037787934002E-01
 0.44697023133752E-01
 0.44890248779191E-01
 0.43778736587680E-01
 0.43142836301786E-01
 0.42514138438968E-01
 0.41810650850990E-01
 0.41302642170485E-01
 0.40584763941707E-01
 0.40067933264439E-01
 0.39429511115869E-01
 0.38833072825388E-01
 0.38399876327473E-01
 0.37781338336926E-01
 0.37264484370784E-01
 0.36733750622975E-01
 0.36221785915790E-01
 0.35791917753578E-01
 0.35275892917091E-01
 0.34775157185863E-01
 0.34215687616541E-01
 0.33688802935249E-01
 0.33423181189972E-01
 0.32959020739355E-01
 0.32572957431891E-01
 0.32170326152913E-01
 0.31776178981596E-01
 0.31418191034567E-01
 0.31015692641432E-01
 0.30727902236477E-01
 0.30355781824308E-01
 0.30039110729963E-01
 0.29744388280937E-01
 0.29433420359467E-01
 0.29142816664833E-01
 0.28840119548321E-01
 0.28603449750360E-01
 0.28329213704537E-01
 0.28092295583929E-01
 0.27855503146879E-01
 0.27591338676524E-01
 0.27372173221343E-01
 0.27179313330737E-01
 0.26970674681265E-01
 0.26765720980447E-01
 0.26556416060584E-01
 0.26394813385530E-01
 0.26208630246806E-01
 0.26036064420539E-01
 0.25877211612291E-01
 0.25709703840374E-01
 0.25567106660529E-01
 0.25401225413775E-01
 0.25258997196676E-01
 0.25106316151029E-01
 0.24970573372461E-01
 0.24843784301495E-01
 0.24710052904559E-01
 0.24580799408069E-01
 0.24474796295412E-01
 0.24354682563710E-01
 0.24241132886793E-01
 0.24125031063387E-01
 0.24015603087839E-01
 0.23921148132507E-01
 0.23819439590158E-01
 0.23711664794313E-01
 0.23609572907848E-01
 0.23517559511274E-01
 0.23441300340652E-01
 0.23342454485250E-01
 0.23257553862728E-01
 0.23177673152912E-01
 0.23095393903462E-01
 0.23013248062292E-01
 0.22929706358225E-01
 0.22870789568975E-01
 0.22794725826753E-01
 0.22702697658403E-01
 0.22642603709132E-01
 0.22570341384594E-01
 0.22500718739650E-01
 0.22435748483975E-01
 0.22373474632587E-01
 0.22308977786508E-01
 0.22245117333042E-01
 0.22199055001230E-01
 0.22125126809385E-01
 0.22075377791908E-01
 0.22006616770469E-01
 0.21960588689851E-01
 0.21908687737746E-01
 0.21837738847175E-01
 0.21780743290077E-01
 0.21733250390467E-01
 0.21683117935753E-01
 0.21641571321638E-01
 0.21589272763931E-01
 0.21535912682776E-01
 0.21484348703361E-01
 0.21440244452096E-01
 0.21393172400880E-01
 0.21351035688084E-01
 0.21311815899464E-01
 0.21267902012848E-01
 0.21224298197576E-01
 0.21187630612430E-01
 0.21116942362899E-01
 0.21099153585817E-01
 0.21043291899844E-01
 0.21005342320098E-01
 0.20964221967139E-01
 0.20932740759305E-01
 0.20891056305701E-01
 0.20863032507790E-01
 0.20823998397590E-01
 0.20776994977361E-01
 0.20755913143897E-01
 0.20707139796244E-01
 0.20685308717287E-01
 0.20657272386329E-01
 0.20607775312672E-01
 0.20567560952574E-01
 0.20529657424810E-01
 0.20507325128675E-01
 0.20478954204058E-01
 0.20441400041231E-01
 0.20412174208175E-01
 0.20388009378640E-01
 0.20348804272410E-01
 0.20311140441875E-01
 0.20294619501110E-01
 0.20263135240000E-01
 0.20234476517293E-01
 0.20209467962505E-01
 0.20172982585208E-01
 0.20134431585160E-01
 0.20111981865627E-01
