 0.00000000000000E+00
 0.00000000000000E+00
 0.00000000000000E+00
 0.84933996674380E-26
 0.00000000000000E+00
 0.93197653945487E-25
 0.89345656597948E-24
 0.29707430818818E-22
-0.98831738656496E-23
 0.70447263314350E-22
 0.84397587773618E-07
-0.25720948722374E-06
 0.14413415536938E-05
 0.37127939185571E-06
 0.22192443805976E-07
 0.32146711094500E-06
-0.31421190306611E-06
 0.20304457192799E-06
 0.37641578230829E-06
 0.22856124545124E-06
-0.37343928643229E-06
 0.27873202196807E-06
-0.38069007133579E-07
 0.44313178632823E-08
-0.19674190224416E-06
 0.50741759656901E-07
 0.24904060273090E-07
 0.10670639190248E-06
-0.32557246542941E-07
 0.20404561281772E-07
 0.98970912832543E-09
 0.31579266821821E-07
 0.19804552513973E-07
 0.49289512536010E-08
-0.29911745664080E-07
-0.43828070725150E-07
 0.68044758566983E-07
-0.84539827387299E-08
-0.14077839641553E-07
 0.57298924534138E-08
-0.76822925030536E-08
 0.54330576389949E-08
-0.93675065494351E-08
 0.39357453106597E-08
 0.17863478678760E-07
 0.51699844854387E-07
 0.28409629257265E-07
 0.91432649336923E-07
 0.10376564934957E-06
 0.14540456107288E-06
 0.20481360791587E-06
 0.26658494514736E-06
 0.34570423937252E-06
 0.44940547156056E-06
 0.56656664936534E-06
 0.73030852107216E-06
 0.94012114216619E-06
 0.11565893376214E-05
 0.14546018237231E-05
 0.17679843066660E-05
 0.21606690434562E-05
 0.26279639253393E-05
 0.31826023560150E-05
 0.38107422427040E-05
 0.45601267016570E-05
 0.54243558936040E-05
 0.64368458521261E-05
 0.75567751393552E-05
 0.88358203751992E-05
 0.10318751305314E-04
 0.12000536828154E-04
 0.13894778400988E-04
 0.15982405697806E-04
 0.18402371772118E-04
 0.21059924210922E-04
 0.24029972897085E-04
 0.27332990296237E-04
 0.30985713650399E-04
 0.35051618935447E-04
 0.39471904745197E-04
 0.44423879773022E-04
 0.49798331242731E-04
 0.55746688350405E-04
 0.62132315517477E-04
 0.69172677037023E-04
 0.76981214487757E-04
 0.85373593353443E-04
 0.94459281697804E-04
 0.10437360964275E-03
 0.11505097637579E-03
 0.12664719274075E-03
 0.13910922697092E-03
 0.15258411761448E-03
 0.16707959770533E-03
 0.18274901435256E-03
 0.19950755622811E-03
 0.21754498922737E-03
 0.23682565236766E-03
 0.25753149112406E-03
 0.27966164123871E-03
 0.30329766341574E-03
 0.32861036221934E-03
 0.35561730420377E-03
 0.38446650290849E-03
 0.41512048003257E-03
 0.44777858523913E-03
 0.48260113534688E-03
 0.51955674764593E-03
 0.55890979329603E-03
 0.60061265254041E-03
 0.64497036809765E-03
 0.69194713158659E-03
 0.74185315887224E-03
 0.79462965401146E-03
 0.85059772766402E-03
 0.91004546278977E-03
 0.97268517390192E-03
 0.10392714899198E-02
 0.11093852674049E-02
 0.11835667927062E-02
 0.12621793243353E-02
 0.13452217171269E-02
 0.14326813960935E-02
 0.15252020572350E-02
 0.16228648925612E-02
 0.17259683835262E-02
 0.18349217387059E-02
 0.19498347325274E-02
 0.20707697824156E-02
 0.21984131604795E-02
 0.23332145516347E-02
 0.24753044977503E-02
 0.26250365134198E-02
 0.27827989980795E-02
 0.29491202501957E-02
 0.31245779866640E-02
 0.33094667651807E-02
 0.35041652944622E-02
 0.37094387396182E-02
 0.39256102599101E-02
 0.41537574278069E-02
 0.43938945796228E-02
 0.46469602795419E-02
 0.49138815262073E-02
 0.51952995591686E-02
 0.54913668514130E-02
 0.58038718900605E-02
 0.61332851757500E-02
 0.64808572246919E-02
 0.68470799029634E-02
 0.72333045433342E-02
 0.76405521428447E-02
 0.80701225902922E-02
 0.85232546282953E-02
 0.90014257221636E-02
 0.95056359745613E-02
 0.10037848159186E-01
 0.10599219981814E-01
 0.11191099901351E-01
 0.11815897443155E-01
 0.12474460516183E-01
 0.13168878184476E-01
 0.13900518571805E-01
 0.14670664825199E-01
 0.15480805306279E-01
 0.16332081576682E-01
 0.17225429264086E-01
 0.18160001693843E-01
 0.19134920909467E-01
 0.20152944846624E-01
 0.21208832812944E-01
 0.22297228626042E-01
 0.23418284355476E-01
 0.24567437382960E-01
 0.25737660960659E-01
 0.26920920229184E-01
 0.28110642207273E-01
 0.29297853710069E-01
 0.30472354910501E-01
 0.31627144304411E-01
 0.32756430060412E-01
 0.33851728543404E-01
 0.34907373527905E-01
 0.35918827250324E-01
 0.36883309230911E-01
 0.37798099314220E-01
 0.38663140512680E-01
 0.39478403218547E-01
 0.40244577868564E-01
 0.40963556124498E-01
 0.41637032703478E-01
 0.42266983077491E-01
 0.42856649581076E-01
 0.43407943082190E-01
 0.43922821685107E-01
 0.44404312962214E-01
 0.44854539687520E-01
 0.45275118248607E-01
 0.45668403339637E-01
 0.46036661760222E-01
 0.46380949000317E-01
 0.46702543671236E-01
 0.47003648976334E-01
 0.47285577474732E-01
 0.47548977726096E-01
 0.47795862246627E-01
 0.48026189145074E-01
 0.48241967748747E-01
 0.48443674534802E-01
 0.48631936302709E-01
 0.48807511881369E-01
 0.48971482256441E-01
 0.49124156863207E-01
 0.49266419677581E-01
 0.49398438157002E-01
 0.49521237401507E-01
 0.49634648963384E-01
 0.49739983999594E-01
 0.49837178538104E-01
 0.49926468385987E-01
 0.50008365240782E-01
 0.50083460407532E-01
 0.50151883279758E-01
 0.50214063598200E-01
 0.50269644746118E-01
 0.50319651981667E-01
 0.50364176535381E-01
 0.50403849419650E-01
 0.50437672494776E-01
 0.50467085697815E-01
 0.50491779910831E-01
 0.50512035981005E-01
 0.50528066212992E-01
 0.50540161307861E-01
 0.50548299562001E-01
 0.50552176054633E-01
 0.50553120813025E-01
 0.50550242433425E-01
 0.50544045230966E-01
 0.50535068119155E-01
 0.50522338145660E-01
 0.50507167954870E-01
 0.50488890052792E-01
 0.50468284960730E-01
 0.50444853183257E-01
 0.50418690007739E-01
 0.50389962931565E-01
 0.50359336296784E-01
 0.50326365751231E-01
 0.50291371115399E-01
 0.50254247802107E-01
 0.50214989829613E-01
 0.50173798626059E-01
 0.50130867625968E-01
 0.50086217878420E-01
 0.50039741485767E-01
 0.49991765796424E-01
 0.49942173866734E-01
 0.49891079462332E-01
 0.49838398320945E-01
 0.49784349431125E-01
 0.49728859506022E-01
 0.49672309387404E-01
 0.49614261736709E-01
 0.49555192360818E-01
 0.49495071174842E-01
 0.49433530039541E-01
 0.49371077922600E-01
 0.49307521798800E-01
 0.49242823761903E-01
 0.49177706960814E-01
 0.49111302079862E-01
 0.49044008325056E-01
 0.48975879240101E-01
 0.48906960177840E-01
 0.48837278872128E-01
 0.48766902910869E-01
 0.48695560685199E-01
 0.48623960057404E-01
 0.48551443871571E-01
 0.48478181468183E-01
 0.48404458928458E-01
 0.48330201378136E-01
 0.48255440354784E-01
 0.48179979909981E-01
 0.48104199342148E-01
 0.48027697412149E-01
 0.47950866098779E-01
 0.47873609412406E-01
 0.47795932602401E-01
 0.47717834429467E-01
 0.47639275299667E-01
 0.47560519838518E-01
 0.47481343167131E-01
 0.47401799359796E-01
 0.47322022004692E-01
 0.47241930023246E-01
 0.47161542984493E-01
 0.47080827290836E-01
 0.46999851611537E-01
