 0.00000000000000E+00
 0.00000000000000E+00
 0.00000000000000E+00
 0.18908152667884E-25
 0.00000000000000E+00
 0.22530306633424E-24
 0.47948835707566E-23
 0.43414543635220E-22
 0.44737833698507E-21
 0.27410389725947E-20
 0.15830617867450E-07
 0.16370512723105E-06
 0.81625096165598E-06
-0.38759849896990E-06
-0.36123966994267E-06
-0.10132840161673E-06
-0.26652421052855E-06
 0.81923244989847E-07
-0.11889186764099E-06
 0.79656072922736E-07
 0.38565236939051E-06
-0.30452250475494E-07
-0.78676650352498E-07
-0.10106583926100E-06
 0.36713720980118E-07
 0.26001658962036E-06
 0.55762999792420E-07
-0.23532403133612E-06
-0.85712634178709E-07
-0.37461394449359E-07
 0.66423490616139E-07
 0.45579488095802E-07
 0.90017738737341E-07
 0.31131671977603E-07
-0.54357700043879E-08
-0.72087300558307E-08
 0.19864513006262E-07
-0.33602289731468E-07
-0.91297681370392E-07
-0.40220456372143E-07
-0.15040521481139E-07
 0.44799286702873E-07
-0.24928077329743E-07
 0.22262536703317E-07
 0.37656172029242E-07
 0.95669911729287E-07
 0.51399252420998E-07
 0.99328227954525E-07
 0.86987643195388E-07
 0.12453159533294E-06
 0.18026528105048E-06
 0.27592675437492E-06
 0.37664634957272E-06
 0.52400305217129E-06
 0.61683615418329E-06
 0.82464793840514E-06
 0.10477692219537E-05
 0.12956347742988E-05
 0.16978595865396E-05
 0.20644552430564E-05
 0.24660388867480E-05
 0.31014961060917E-05
 0.37517135355062E-05
 0.45465775257427E-05
 0.54624883871584E-05
 0.65670025198554E-05
 0.78033172421145E-05
 0.92447354728415E-05
 0.10919895719940E-04
 0.12848694655693E-04
 0.14967618220004E-04
 0.17466801553113E-04
 0.20306127330522E-04
 0.23529104457705E-04
 0.27000175519349E-04
 0.31094685498811E-04
 0.35480905381568E-04
 0.40618121827564E-04
 0.46254400567442E-04
 0.52685053265332E-04
 0.59408220394650E-04
 0.67447563507465E-04
 0.75757308842741E-04
 0.84848145809278E-04
 0.95671609160464E-04
 0.10673949833120E-03
 0.11939290848798E-03
 0.13306662052046E-03
 0.14796708443099E-03
 0.16444396850339E-03
 0.18224829253659E-03
 0.20141422154562E-03
 0.22259508993363E-03
 0.24542120594207E-03
 0.27048245542149E-03
 0.29724211885739E-03
 0.32626030983122E-03
 0.35791247965594E-03
 0.39186819684319E-03
 0.42820667042337E-03
 0.46779835050842E-03
 0.51037101475346E-03
 0.55608507269243E-03
 0.60508568307013E-03
 0.65768560641956E-03
 0.71457182208754E-03
 0.77515144744871E-03
 0.84032009217401E-03
 0.90980859849339E-03
 0.98461530686228E-03
 0.10643966035665E-02
 0.11494138857715E-02
 0.12398828021803E-02
 0.13380699116640E-02
 0.14408483151702E-02
 0.15518867014000E-02
 0.16703079090578E-02
 0.17955907129469E-02
 0.19289210766130E-02
 0.20723482210533E-02
 0.22244169226239E-02
 0.23856635505387E-02
 0.25563491490736E-02
 0.27394130828768E-02
 0.29336736070768E-02
 0.31391296799152E-02
 0.33585121776295E-02
 0.35915296199724E-02
 0.38389797765913E-02
 0.41008225147746E-02
 0.43799144566487E-02
 0.46743892144961E-02
 0.49882287056184E-02
 0.53202962468497E-02
 0.56736698461941E-02
 0.60473788277024E-02
 0.64426968474735E-02
 0.68655544730994E-02
 0.73107125456630E-02
 0.77847327883374E-02
 0.82853131586243E-02
 0.88166950305482E-02
 0.93804549432130E-02
 0.99790609732539E-02
 0.10610682019471E-01
 0.11281113018109E-01
 0.11994689878319E-01
 0.12749204534508E-01
 0.13549584881564E-01
 0.14397603504024E-01
 0.15296293951396E-01
 0.16250062281533E-01
 0.17261059107302E-01
 0.18332250863585E-01
 0.19470277443550E-01
 0.20676495573965E-01
 0.21956092635476E-01
 0.23310074273552E-01
 0.24746214471209E-01
 0.26271690874922E-01
 0.27884530318655E-01
 0.29593704584343E-01
 0.31403303509076E-01
 0.33315649482667E-01
 0.35335759945753E-01
 0.37467302840117E-01
 0.39709880201280E-01
 0.42064658951351E-01
 0.44555758790630E-01
 0.47133325810395E-01
 0.49801332931339E-01
 0.52583172950056E-01
 0.55465151670716E-01
 0.58438044313191E-01
 0.61478775766182E-01
 0.64535169017321E-01
 0.67610022585137E-01
 0.70694690709445E-01
 0.73751847993055E-01
 0.76774981086817E-01
 0.79757693346076E-01
 0.82663786511452E-01
 0.85480995929772E-01
 0.88207148107515E-01
 0.90839503994616E-01
 0.93366022441156E-01
 0.95792591562409E-01
 0.98123501163825E-01
 0.10035542449605E+00
 0.10249634014563E+00
 0.10454930314324E+00
 0.10651363087479E+00
 0.10840568152173E+00
 0.11021777861732E+00
 0.11196205630129E+00
 0.11364285899655E+00
 0.11526037425264E+00
 0.11681990768442E+00
 0.11833247043284E+00
 0.11979144165962E+00
 0.12119737744794E+00
 0.12256426824169E+00
 0.12389097050037E+00
 0.12517722520363E+00
 0.12642569824935E+00
 0.12763835914118E+00
 0.12881551884897E+00
 0.12996661288326E+00
 0.13108561522327E+00
 0.13217025369795E+00
 0.13323811252624E+00
 0.13427349078103E+00
 0.13528967258218E+00
 0.13627973122398E+00
 0.13724557657703E+00
 0.13819178234657E+00
 0.13911483671686E+00
 0.14001983076126E+00
 0.14090557214667E+00
 0.14177591259073E+00
 0.14262459340422E+00
 0.14345740623342E+00
 0.14427298496935E+00
 0.14507349082610E+00
 0.14586366543170E+00
 0.14663274664395E+00
 0.14739353517288E+00
 0.14813237036893E+00
 0.14886690709806E+00
 0.14958202338067E+00
 0.15028696739348E+00
 0.15097797760159E+00
 0.15165974926970E+00
 0.15233013344269E+00
 0.15298912181311E+00
 0.15363516815758E+00
 0.15427199246440E+00
 0.15489858234534E+00
 0.15551774270568E+00
 0.15612484338295E+00
 0.15672486012249E+00
 0.15731111585130E+00
 0.15789154395230E+00
 0.15846252974265E+00
 0.15902511815045E+00
 0.15957765357388E+00
 0.16012627844338E+00
 0.16066285374354E+00
 0.16119448531229E+00
 0.16172129208611E+00
 0.16223443149061E+00
 0.16274420017158E+00
 0.16324402521390E+00
 0.16373898409703E+00
 0.16422870860263E+00
 0.16470992738182E+00
 0.16518303836403E+00
 0.16565467177981E+00
 0.16611611683478E+00
 0.16657498859590E+00
 0.16702262225206E+00
 0.16746840140884E+00
 0.16790861696000E+00
 0.16833904695939E+00
 0.16876782522067E+00
 0.16919179492176E+00
 0.16960856291580E+00
 0.17002182817522E+00
 0.17042840912671E+00
 0.17083198513957E+00
 0.17122980666070E+00
 0.17162305813731E+00
 0.17201018340842E+00
 0.17239614747488E+00
 0.17277351078615E+00
 0.17314892091592E+00
 0.17351801811116E+00
 0.17388626059723E+00
 0.17424486293933E+00
 0.17460591804298E+00
 0.17495794200527E+00
 0.17530753964569E+00
 0.17565313676609E+00
 0.17599575524196E+00
 0.17633254229258E+00
 0.17666876984406E+00
 0.17699849840249E+00
 0.17732592547685E+00
 0.17764932227113E+00
 0.17796876218470E+00
 0.17828697736010E+00
 0.17860024672608E+00
 0.17891060487740E+00
 0.17921572347167E+00
 0.17951941632631E+00
 0.17981953504288E+00
 0.18011759323432E+00
 0.18041071220257E+00
 0.18070480355614E+00
 0.18099181442359E+00
