 0.00000000000000E+00
 0.00000000000000E+00
-0.19327202798792E-25
-0.81536636807405E-26
 0.12758559762187E-25
 0.94681577755881E-25
 0.59515147578715E-24
 0.84431645485061E-23
 0.12439621505564E-21
 0.30740623991716E-21
-0.19770078239601E-20
 0.15370311995858E-20
 0.68057530767278E-20
 0.17136464270961E-05
 0.98813863311190E-06
-0.53834539991033E-05
-0.22829532528193E-05
 0.21323378070573E-05
-0.13218723179069E-05
-0.46284344796707E-06
-0.16584772193102E-05
 0.95629419296564E-06
 0.54931878487160E-06
-0.23700236044640E-06
-0.87912420886585E-06
-0.69085515536651E-06
 0.12447804507042E-06
-0.12138585104751E-06
 0.30719416287677E-06
-0.16610505048578E-06
 0.23571477332888E-06
-0.10765605248371E-07
 0.72110419246281E-06
 0.25497655025124E-06
-0.19383617925912E-06
-0.50898325667025E-06
-0.27839416818055E-06
-0.17283981095372E-06
-0.60537844467404E-07
-0.19506237834770E-06
-0.14357380958254E-06
 0.12063641548908E-06
-0.16348414513518E-06
-0.85313416255187E-07
 0.11535904199806E-06
 0.11455542392686E-07
 0.21985684889939E-06
-0.39270847424636E-07
-0.80784918380894E-07
 0.14505019729028E-06
 0.11091400303449E-06
-0.66100872147206E-07
-0.19617485714046E-07
 0.14602012981726E-06
 0.16044103681283E-06
 0.27767137660692E-06
 0.11674743399897E-06
 0.33267160581125E-06
 0.36870632549901E-06
 0.47782265215798E-06
 0.54979764442416E-06
 0.57545607969166E-06
 0.73689081155206E-06
 0.92565877824374E-06
 0.11045421328503E-05
 0.13309550534767E-05
 0.14986523577594E-05
 0.19548747323656E-05
 0.22165315533212E-05
 0.26134402183037E-05
 0.31020644996977E-05
 0.34727263872652E-05
 0.40388676197770E-05
 0.47247251910625E-05
 0.53811755492099E-05
 0.62934750846539E-05
 0.71193068322948E-05
 0.81376451243568E-05
 0.92421609835874E-05
 0.10409297643931E-04
 0.11725756913391E-04
 0.13277538539222E-04
 0.14965406701263E-04
 0.16758199583947E-04
 0.18668365247710E-04
 0.20961235885609E-04
 0.23118008091664E-04
 0.25810622762466E-04
 0.28557967993986E-04
 0.31578359655421E-04
 0.34926972725124E-04
 0.38508065452339E-04
 0.42293616694309E-04
 0.46616075168561E-04
 0.50931201755933E-04
 0.55921898855789E-04
 0.61103217064715E-04
 0.66765273452670E-04
 0.72778175391566E-04
 0.79217735127257E-04
 0.86174559496918E-04
 0.93610389405494E-04
 0.10147856158393E-03
 0.10995056533459E-03
 0.11882056850294E-03
 0.12867502764515E-03
 0.13885449234260E-03
 0.14987858452624E-03
 0.16148049021707E-03
 0.17381548876355E-03
 0.18712046680875E-03
 0.20100350926820E-03
 0.21600208325129E-03
 0.23166997209649E-03
 0.24842548727983E-03
 0.26619160697038E-03
 0.28499852356283E-03
 0.30478694834600E-03
 0.32589471855343E-03
 0.34805958189760E-03
 0.37182511554820E-03
 0.39642230592339E-03
 0.42299332403471E-03
 0.45072625604843E-03
 0.48005650648762E-03
 0.51103238467941E-03
 0.54375959338856E-03
 0.57824475293602E-03
 0.61463868422608E-03
 0.65315833299288E-03
 0.69329659176383E-03
 0.73613130782616E-03
 0.78109112441714E-03
 0.82831358288671E-03
 0.87802597626885E-03
 0.93071381119526E-03
 0.98599541040766E-03
 0.10443934180413E-02
 0.11058942709262E-02
 0.11701759116893E-02
 0.12382091548490E-02
 0.13101694068397E-02
 0.13852914778289E-02
 0.14643499029235E-02
 0.15481625558479E-02
 0.16358584692588E-02
 0.17284092053620E-02
 0.18254633012090E-02
 0.19280118039354E-02
 0.20357108217915E-02
 0.21488222204818E-02
 0.22684516099033E-02
 0.23934719421876E-02
 0.25253569584033E-02
 0.26645541847548E-02
 0.28107170361760E-02
 0.29640316926110E-02
 0.31258162898500E-02
 0.32954361272415E-02
 0.34737861963073E-02
 0.36614932970381E-02
 0.38584517598639E-02
 0.40648191256086E-02
 0.42808753689828E-02
 0.45076030190871E-02
 0.47444759034758E-02
 0.49924270803452E-02
 0.52501287935153E-02
 0.55176921862170E-02
 0.57957614286128E-02
 0.60830808397976E-02
 0.63790260244502E-02
 0.66834528979327E-02
 0.69942031445159E-02
 0.73101836677597E-02
 0.76314882823252E-02
 0.79567072774265E-02
 0.82825614289928E-02
 0.86088208126027E-02
 0.89351231555903E-02
 0.92591376907087E-02
 0.95799009349659E-02
 0.98952186353604E-02
 0.10205780370174E-01
 0.10509669530110E-01
 0.10806516917425E-01
 0.11095168438019E-01
 0.11376333537282E-01
 0.11648018554462E-01
 0.11910703367568E-01
 0.12163773666945E-01
 0.12406994506315E-01
 0.12640399960978E-01
 0.12863752370463E-01
 0.13077114306686E-01
 0.13280780512308E-01
 0.13474294586277E-01
 0.13658106171550E-01
 0.13832530792851E-01
 0.13997989856667E-01
 0.14154135461370E-01
 0.14302252522497E-01
 0.14440818103693E-01
 0.14572448758162E-01
 0.14696797079580E-01
 0.14812337844180E-01
 0.14921586350009E-01
 0.15024472419629E-01
 0.15120477295353E-01
 0.15210853266396E-01
 0.15295720544887E-01
 0.15374946281335E-01
 0.15448433388310E-01
 0.15517598825260E-01
 0.15582950719160E-01
 0.15642599368308E-01
 0.15699018290683E-01
 0.15751655094269E-01
 0.15799991823216E-01
 0.15845270908782E-01
 0.15887117196023E-01
 0.15925957771372E-01
 0.15961942674934E-01
 0.15995005761934E-01
 0.16025208905024E-01
 0.16053035808382E-01
 0.16078326632435E-01
 0.16100958827197E-01
 0.16121934011244E-01
 0.16140628267164E-01
 0.16158065734659E-01
 0.16172379676980E-01
 0.16185534543873E-01
 0.16196903749406E-01
 0.16206512589598E-01
 0.16215075954212E-01
 0.16221259591462E-01
 0.16226654252966E-01
 0.16230699503067E-01
 0.16233215089385E-01
 0.16234626181878E-01
 0.16234432490899E-01
 0.16233795419881E-01
 0.16231536399027E-01
 0.16228122954664E-01
 0.16223696345566E-01
 0.16218425374947E-01
 0.16212473780036E-01
 0.16205375052022E-01
 0.16197361936839E-01
 0.16188708390881E-01
 0.16179840807498E-01
 0.16169354178627E-01
 0.16158261330789E-01
 0.16146773956866E-01
 0.16133705522275E-01
 0.16121705903150E-01
 0.16107301752412E-01
 0.16093127892091E-01
 0.16078349932127E-01
 0.16063056408215E-01
 0.16047609492332E-01
 0.16031603034760E-01
 0.16014177501119E-01
 0.15996948417108E-01
 0.15979462191362E-01
 0.15961701836844E-01
 0.15942726226361E-01
 0.15923920927673E-01
 0.15904197537858E-01
 0.15884639369862E-01
 0.15864591950635E-01
 0.15844594484019E-01
 0.15822683583065E-01
 0.15802186500131E-01
 0.15780783324555E-01
 0.15759264131844E-01
 0.15737316237507E-01
 0.15715061553885E-01
 0.15693039251386E-01
 0.15669845900713E-01
 0.15647223619481E-01
 0.15623336552191E-01
 0.15600539311458E-01
 0.15577124622260E-01
 0.15553602810397E-01
 0.15529113941412E-01
 0.15505523974515E-01
 0.15481287717147E-01
 0.15456830794458E-01
 0.15432517040022E-01
 0.15407562956760E-01
 0.15382546454054E-01
 0.15357587679330E-01
 0.15332426657775E-01
 0.15306653674250E-01
 0.15281512250367E-01
 0.15256040500843E-01
 0.15230859475641E-01
 0.15204629535017E-01
