 0.00000000000000E+00
 0.00000000000000E+00
-0.30979117331062E-25
-0.17425753498722E-25
 0.82675467258972E-25
 0.21214232702617E-24
 0.55246861230011E-23
 0.74978303204796E-22
 0.52585442719657E-21
 0.26441855132715E-20
 0.77655389188463E-20
 0.18143799404889E-19
 0.62435262330840E-19
-0.14293075463640E-05
-0.81380425881581E-07
-0.87175915676000E-07
-0.31852935847581E-05
 0.88050830856805E-06
-0.18307977918330E-05
 0.62761431232928E-06
-0.13656376015016E-05
 0.34547230213354E-06
-0.95461631543620E-07
 0.88042271573977E-06
-0.40350354935544E-06
-0.63930277688259E-06
-0.93941644307814E-06
 0.10009414659058E-05
 0.17107635718117E-06
 0.15854241137534E-05
-0.60868960708490E-06
-0.26550065545302E-07
-0.32346689522562E-06
-0.40749576039368E-06
 0.66498959027099E-06
 0.38151228546990E-06
-0.32289576367234E-06
-0.81787516626444E-07
-0.29122070363910E-06
 0.82814909546955E-08
-0.33957629709579E-06
-0.45422119626314E-08
 0.44021564846360E-06
 0.19106493017455E-06
 0.56471708684007E-06
-0.48352803150037E-07
-0.61330284216458E-07
 0.13087946856106E-06
-0.82335162755912E-07
-0.41131895528815E-07
 0.21738841812800E-06
 0.69452373063193E-07
 0.28245172940330E-06
-0.16809661809753E-07
 0.21790235233601E-06
 0.24895539761341E-06
 0.23444299636639E-06
 0.67888785057224E-06
 0.82502377693732E-06
 0.10093838612975E-05
 0.12386976860300E-05
 0.16924531124414E-05
 0.21021636361495E-05
 0.24893849970704E-05
 0.28281879828522E-05
 0.34783833695691E-05
 0.44527708033365E-05
 0.52236839986757E-05
 0.62782030027943E-05
 0.74058839372008E-05
 0.87804119759333E-05
 0.10756588332982E-04
 0.12227151959473E-04
 0.14325104904517E-04
 0.16661569793389E-04
 0.19239083396613E-04
 0.22682898538224E-04
 0.25816678137298E-04
 0.29670296965530E-04
 0.34356684764881E-04
 0.39103573119311E-04
 0.44240420282285E-04
 0.50522024659293E-04
 0.57279877544517E-04
 0.64993078434633E-04
 0.72604689228791E-04
 0.82101018502484E-04
 0.92171753494324E-04
 0.10278783191163E-03
 0.11582633791749E-03
 0.12868380631686E-03
 0.14338738720922E-03
 0.15949364792896E-03
 0.17754704055062E-03
 0.19625767905985E-03
 0.21718009837863E-03
 0.23977330264925E-03
 0.26424963634437E-03
 0.29072135040672E-03
 0.31911783596992E-03
 0.35112491139555E-03
 0.38514668869834E-03
 0.42111143158536E-03
 0.46062164367891E-03
 0.50329243817728E-03
 0.54895452236616E-03
 0.59827355163046E-03
 0.65108891742856E-03
 0.70778998755612E-03
 0.76914440169887E-03
 0.83449153201392E-03
 0.90565223554974E-03
 0.98090965181602E-03
 0.10612421500001E-02
 0.11476066253921E-02
 0.12396192795548E-02
 0.13380404668399E-02
 0.14423426993931E-02
 0.15553449746499E-02
 0.16757211470229E-02
 0.18037850044348E-02
 0.19402564495685E-02
 0.20851043769094E-02
 0.22395782814483E-02
 0.24042719615055E-02
 0.25797056510157E-02
 0.27656195328305E-02
 0.29625949173829E-02
 0.31752467476677E-02
 0.33975424487380E-02
 0.36350750034694E-02
 0.38870563119938E-02
 0.41554232594700E-02
 0.44403967798703E-02
 0.47411654968545E-02
 0.50618897177646E-02
 0.54005988064154E-02
 0.57604673922129E-02
 0.61449544410603E-02
 0.65492231362520E-02
 0.69761270493840E-02
 0.74322006879197E-02
 0.79127960865232E-02
 0.84219609417824E-02
 0.89651567999100E-02
 0.95367478462173E-02
 0.10144900082956E-01
 0.10785888793427E-01
 0.11466948851087E-01
 0.12185515995768E-01
 0.12945877189446E-01
 0.13755358774748E-01
 0.14608325329484E-01
 0.15513115381116E-01
 0.16470304512207E-01
 0.17486493672958E-01
 0.18555441622592E-01
 0.19691640821173E-01
 0.20889630931917E-01
 0.22154218846492E-01
 0.23497652879041E-01
 0.24907037212598E-01
 0.26402004414698E-01
 0.27973086229197E-01
 0.29627994275926E-01
 0.31372583100223E-01
 0.33198432881897E-01
 0.35118634105900E-01
 0.37120758438165E-01
 0.39218954788028E-01
 0.41396314912906E-01
 0.43652815960885E-01
 0.45992840665557E-01
 0.48399508044104E-01
 0.50869784863902E-01
 0.53400848374090E-01
 0.55975766794926E-01
 0.58587039134296E-01
 0.61228912670507E-01
 0.63887548908812E-01
 0.66557599953934E-01
 0.69229600561160E-01
 0.71890705243845E-01
 0.74537361811045E-01
 0.77159590669319E-01
 0.79754632044256E-01
 0.82316889904412E-01
 0.84833525850570E-01
 0.87309740059295E-01
 0.89737391945003E-01
 0.92113216115836E-01
 0.94434196704197E-01
 0.96699023870841E-01
 0.98905405730203E-01
 0.10105277895128E+00
 0.10313772777505E+00
 0.10516585634796E+00
 0.10713003927090E+00
 0.10903576452171E+00
 0.11088350247256E+00
 0.11267137227059E+00
 0.11440468546263E+00
 0.11608002208262E+00
 0.11770396242397E+00
 0.11927900043354E+00
 0.12079511401453E+00
 0.12227058644828E+00
 0.12369936286248E+00
 0.12508283420785E+00
 0.12642140400053E+00
 0.12772859970479E+00
 0.12899175519208E+00
 0.13021586489864E+00
 0.13140655233478E+00
 0.13256947655902E+00
 0.13369529615231E+00
 0.13479563615136E+00
 0.13586106987073E+00
 0.13690386569864E+00
 0.13791490225548E+00
 0.13890697859031E+00
 0.13987348103615E+00
 0.14081630811510E+00
 0.14173546988661E+00
 0.14263404751001E+00
 0.14351750370492E+00
 0.14436931754895E+00
 0.14520880254691E+00
 0.14603578965105E+00
 0.14684364699207E+00
 0.14763281892215E+00
 0.14840124853076E+00
 0.14917009940073E+00
 0.14990105110781E+00
 0.15063600896894E+00
 0.15134512613889E+00
 0.15205231692572E+00
 0.15273901676088E+00
 0.15341300618028E+00
 0.15407797475368E+00
 0.15473733475098E+00
 0.15537586190733E+00
 0.15600263772314E+00
 0.15662373116360E+00
 0.15723105285155E+00
 0.15782702860531E+00
 0.15841806507944E+00
 0.15900230107298E+00
 0.15957226426882E+00
 0.16013418005089E+00
 0.16068706100778E+00
 0.16123116217874E+00
 0.16176869222113E+00
 0.16229896470627E+00
 0.16282051630478E+00
 0.16332576397388E+00
 0.16383266054511E+00
 0.16433210694138E+00
 0.16482584495856E+00
 0.16530480141636E+00
 0.16578136460396E+00
 0.16625260260034E+00
 0.16671531926816E+00
 0.16717456561143E+00
 0.16762649656910E+00
 0.16807001596401E+00
 0.16851270402392E+00
 0.16894029410791E+00
 0.16937411030435E+00
 0.16979634259121E+00
 0.17021025585149E+00
 0.17062370759107E+00
 0.17103098495682E+00
 0.17143108600727E+00
 0.17182480888681E+00
 0.17221527935959E+00
 0.17259787270472E+00
 0.17298584431026E+00
 0.17336207780295E+00
 0.17372867663556E+00
 0.17409823230279E+00
 0.17446523971323E+00
 0.17482481543190E+00
 0.17517753094747E+00
 0.17552417582449E+00
 0.17587783517436E+00
 0.17622271452320E+00
 0.17655785392034E+00
 0.17689355370605E+00
 0.17722277449286E+00
 0.17755043230701E+00
 0.17788173278857E+00
 0.17819627494774E+00
 0.17851389469115E+00
 0.17882585454592E+00
 0.17913388381517E+00
 0.17944597390933E+00
 0.17974591889057E+00
 0.18004254722158E+00
 0.18034594516448E+00
