 0.00000000000000E+00
 0.00000000000000E+00
 0.64243100920189E-27
 0.48182325690142E-27
-0.22334984618981E-26
-0.13160829646454E-25
-0.12384079950949E-24
-0.35228755094507E-23
-0.78695997418794E-22
-0.22097836075197E-21
 0.67306540337820E-21
-0.18887039380511E-20
-0.69736760789578E-20
-0.20555892958199E-05
-0.11133573119717E-05
 0.29043259038578E-05
 0.23546948599969E-05
-0.41413591796359E-05
 0.19090087887417E-05
 0.21705319026114E-05
 0.28793707990644E-05
-0.21883434702835E-06
-0.23725309652894E-05
 0.70823422305189E-06
 0.19361305529732E-05
 0.18524332625943E-05
 0.10193394191745E-05
-0.97404210930444E-06
-0.11828128977375E-05
-0.76617799709551E-07
-0.19799188372333E-05
 0.11687282905658E-05
-0.21412947947031E-05
-0.14629392951328E-05
 0.16786859079279E-05
 0.35295938507224E-05
 0.14067973062519E-05
 0.67765845207184E-06
 0.79726146769631E-06
 0.13361877808048E-05
 0.77159186892998E-06
-0.12052475521747E-05
 0.58617346394816E-06
 0.11566879319132E-05
-0.25342627467086E-06
 0.17691551684406E-06
-0.13037482878929E-05
 0.21109275743638E-06
 0.13108993452478E-05
-0.10836242270001E-05
-0.36529486001093E-06
 0.13487873842974E-05
 0.13648301671644E-05
-0.17968797658534E-06
-0.13553270074466E-06
-0.13226327685949E-05
 0.11435444088792E-05
-0.17785660170900E-06
-0.33985059459268E-06
-0.60842973569851E-06
-0.19472292723611E-06
 0.13619605137613E-05
 0.11328578175459E-05
 0.98379829379182E-06
 0.45679014975345E-06
 0.12378362202028E-05
 0.31124400591428E-05
 0.34289499157611E-06
 0.23838504212161E-05
 0.21591777672455E-05
 0.17578427699490E-05
 0.40914468901588E-05
 0.45788310891199E-05
 0.45104175562161E-05
 0.63860303756289E-05
 0.45316706009935E-05
 0.71216654348069E-05
 0.69150946268002E-05
 0.85445495418460E-05
 0.10788777350447E-04
 0.13165525945706E-04
 0.14078116447301E-04
 0.14184363132274E-04
 0.15253835977654E-04
 0.19248691491027E-04
 0.17674473448061E-04
 0.24682363048842E-04
 0.25179429180191E-04
 0.28042122692261E-04
 0.32436798226093E-04
 0.34257829226687E-04
 0.37049113991308E-04
 0.44601142063433E-04
 0.43588074881890E-04
 0.54295312335873E-04
 0.54150801413430E-04
 0.60788891779678E-04
 0.66266593024959E-04
 0.71682493663505E-04
 0.79355819382624E-04
 0.84562604875003E-04
 0.89872464520782E-04
 0.10185894846196E-03
 0.10827656990841E-03
 0.12531533817945E-03
 0.12508770173926E-03
 0.13926481171351E-03
 0.14665869604353E-03
 0.16170432525238E-03
 0.17594707713256E-03
 0.18389649834754E-03
 0.20664416920991E-03
 0.20910509057145E-03
 0.23252154246672E-03
 0.24748995263885E-03
 0.26743640958894E-03
 0.28551332597385E-03
 0.30929057973938E-03
 0.32556776628660E-03
 0.35256521087206E-03
 0.36508253909213E-03
 0.40585866185107E-03
 0.41864809142609E-03
 0.45074196256267E-03
 0.48152373586934E-03
 0.51306681146307E-03
 0.54465596957046E-03
 0.57875179839249E-03
 0.61642123572164E-03
 0.64433582342206E-03
 0.70049562507450E-03
 0.73330676037412E-03
 0.77975049230436E-03
 0.84218987541655E-03
 0.90089281322132E-03
 0.94782443354465E-03
 0.10113112732981E-02
 0.10617336421373E-02
 0.11155381617179E-02
 0.12102215331490E-02
 0.12671683579770E-02
 0.13172732180269E-02
 0.14121386915836E-02
 0.15130796559378E-02
 0.15685287169792E-02
 0.16706597103534E-02
 0.17536358567043E-02
 0.18779658639427E-02
 0.19625870216613E-02
 0.20691562087494E-02
 0.21972330481632E-02
 0.23010131088922E-02
 0.24673745572530E-02
 0.26134507807766E-02
 0.27199149362058E-02
 0.28674679451616E-02
 0.30447016991202E-02
 0.31762863046417E-02
 0.33687744232597E-02
 0.35620154411217E-02
 0.37118499714738E-02
 0.38950648094583E-02
 0.40886277093481E-02
 0.43317721686263E-02
 0.45138339039716E-02
 0.47297912009019E-02
 0.48832461410775E-02
 0.50831695182536E-02
 0.53095387905013E-02
 0.54965420350290E-02
 0.56724534349543E-02
 0.58684824312395E-02
 0.59907862241129E-02
 0.61351886822196E-02
 0.63812263839301E-02
 0.64858959098414E-02
 0.65215656197900E-02
 0.66697557176170E-02
 0.67791105541135E-02
 0.68093776199222E-02
 0.68075271302901E-02
 0.67958870748427E-02
 0.68620191116105E-02
 0.68398527130633E-02
 0.68112912339612E-02
 0.67886708952619E-02
 0.67989547425590E-02
 0.66591043060268E-02
 0.66122484013163E-02
 0.65226047070976E-02
 0.64284480018871E-02
 0.63371853134592E-02
 0.62302562892523E-02
 0.61261557287471E-02
 0.60182965293184E-02
 0.58441469513791E-02
 0.57576033522608E-02
 0.56410664076662E-02
 0.55491509831013E-02
 0.54052075854525E-02
 0.52773187525813E-02
 0.51071036532117E-02
 0.50583948152319E-02
 0.48824996242261E-02
 0.47067297727515E-02
 0.47030354273500E-02
 0.45607926418770E-02
 0.43800254278086E-02
 0.43139764746559E-02
 0.42028597153005E-02
 0.40621011732673E-02
 0.39478855707381E-02
 0.39373504704567E-02
 0.38954504741995E-02
 0.37033874153666E-02
 0.37650919448138E-02
 0.36491120915009E-02
 0.35352719106235E-02
 0.35009028331037E-02
 0.34251274137392E-02
 0.33914958521826E-02
 0.32876157107918E-02
 0.31963050367685E-02
 0.31591952417977E-02
 0.30765133763281E-02
 0.30258116325383E-02
 0.30105296404551E-02
 0.29970682276016E-02
 0.29887352803453E-02
 0.29413250513700E-02
 0.28112867585255E-02
 0.28569434784077E-02
 0.28011227054490E-02
 0.27612101890012E-02
 0.27390529887465E-02
 0.26230247795900E-02
 0.27132086004441E-02
 0.26365668569498E-02
 0.26113386594234E-02
 0.26098445389799E-02
 0.24930124281626E-02
 0.25282230225135E-02
 0.24004865010123E-02
 0.23934755112639E-02
 0.24250994364560E-02
 0.24691292614214E-02
 0.24665420007438E-02
 0.23397326009796E-02
 0.23577069326753E-02
 0.24579698963099E-02
 0.23711581343368E-02
 0.21702919903149E-02
 0.22497154807075E-02
 0.22434699136087E-02
 0.21966617067385E-02
 0.23789187786264E-02
 0.20975002887344E-02
 0.23192492668982E-02
 0.22464077417366E-02
 0.22803416924455E-02
 0.22263670114603E-02
 0.21246808859440E-02
 0.20107001374632E-02
 0.21715365697073E-02
 0.21376653120054E-02
 0.20279372579846E-02
 0.19032850757108E-02
 0.20596945680900E-02
 0.19676769093526E-02
 0.20824479296032E-02
 0.19831696936763E-02
 0.19492534302737E-02
 0.17933290336471E-02
 0.21948816769970E-02
 0.20246171025416E-02
 0.19803785718357E-02
 0.19054882702345E-02
 0.19852289444224E-02
 0.19359763834447E-02
 0.18446953481150E-02
 0.19505639838279E-02
 0.19287576573994E-02
 0.20795014856904E-02
 0.18766208526202E-02
 0.18917796507262E-02
 0.17973778985775E-02
 0.19066903416602E-02
 0.17956067219504E-02
 0.17480187474740E-02
 0.18036405169601E-02
 0.16524314773500E-02
 0.17507551055258E-02
 0.16729432355491E-02
 0.17209622111740E-02
 0.17364440812955E-02
 0.18936203125757E-02
 0.18141763102516E-02
 0.17996385417712E-02
 0.15913373438381E-02
 0.17892558454551E-02
