 0.00000000000000E+00
 0.00000000000000E+00
 0.93951032074683E-27
 0.93951032074683E-27
-0.68705294621486E-26
-0.24955238556475E-25
-0.90952899016771E-24
-0.15591251008612E-22
-0.14369259560692E-21
-0.89025948823975E-21
-0.31935717147718E-20
-0.82776605233751E-20
-0.34889952299460E-19
 0.12343044172321E-05
-0.13540657427281E-06
-0.59291934513559E-06
 0.40482242955672E-05
-0.14426998764941E-05
 0.27780377869583E-05
-0.99584703367785E-06
 0.21575184444717E-05
 0.19048815836592E-08
 0.41829471138372E-06
-0.18709712320017E-05
-0.39980784304615E-06
 0.28702842335022E-06
 0.18230172582175E-05
-0.18177146848784E-05
-0.14395931983313E-05
-0.41678369642573E-05
 0.11573652270867E-05
 0.31941291555733E-06
 0.77934304230100E-06
 0.12971731773173E-05
-0.23833436169505E-05
-0.12512882217577E-05
 0.10992779660498E-05
 0.13807638992646E-05
 0.15322894573932E-05
-0.87901743711284E-06
 0.16339134623281E-05
 0.41028227324003E-06
-0.28940209964596E-05
-0.11877075280087E-05
-0.40049441910399E-05
-0.11347529104714E-06
 0.15203656467849E-05
-0.65158408490855E-06
 0.13692626209582E-05
 0.10404183249842E-05
-0.29602019799253E-06
 0.79220669718334E-06
-0.67701940094055E-06
 0.23678837702395E-05
 0.22361899396964E-06
 0.20137027812201E-05
 0.30725508288283E-05
-0.63781854437349E-07
 0.96044003258917E-06
 0.14480650451095E-05
 0.29824603316123E-05
 0.45346422830030E-06
 0.49337700916530E-06
 0.17277961399839E-05
 0.48574750214614E-05
 0.57660054132304E-05
 0.26107013575536E-05
 0.53914297089722E-05
 0.45568799131563E-05
 0.87027227288980E-05
 0.10318908382343E-04
 0.48176841166016E-05
 0.12191827241746E-04
 0.14359887339477E-04
 0.18264434964865E-04
 0.21208123932543E-04
 0.16971441296925E-04
 0.26167323522043E-04
 0.31868631348431E-04
 0.27762516159318E-04
 0.36788370425344E-04
 0.46974857518764E-04
 0.48516754141455E-04
 0.56445223085260E-04
 0.55034417166510E-04
 0.78163936190187E-04
 0.78459051365073E-04
 0.88837128946363E-04
 0.11342066628388E-03
 0.10273311915682E-03
 0.13376833100193E-03
 0.14528248637555E-03
 0.16024978639815E-03
 0.15955883854300E-03
 0.19512230204325E-03
 0.20787178008938E-03
 0.23115745527523E-03
 0.25904898613331E-03
 0.29234293736356E-03
 0.33903761351949E-03
 0.34490184133211E-03
 0.37613076565955E-03
 0.42620681692662E-03
 0.46191347328297E-03
 0.50294464962427E-03
 0.55813911956834E-03
 0.60468047401297E-03
 0.65429588630146E-03
 0.72299129204884E-03
 0.78398034306156E-03
 0.85619963920305E-03
 0.89325138333609E-03
 0.96658023873936E-03
 0.10601176158729E-02
 0.11394030863613E-02
 0.12407801779028E-02
 0.13587907041871E-02
 0.15014786073961E-02
 0.15825938531207E-02
 0.16876142833923E-02
 0.18128243676600E-02
 0.19311813957104E-02
 0.20920223212341E-02
 0.22619935346874E-02
 0.24229407657752E-02
 0.25722779785937E-02
 0.27995139501799E-02
 0.30464659850850E-02
 0.31337294188464E-02
 0.34465786805494E-02
 0.36654379186921E-02
 0.39694090655089E-02
 0.42257354345219E-02
 0.44748575699121E-02
 0.48421920873797E-02
 0.51181710751528E-02
 0.55369685394848E-02
 0.59187899514183E-02
 0.61337607791463E-02
 0.65800447424600E-02
 0.71538064623112E-02
 0.75255535415874E-02
 0.80558683718844E-02
 0.86859038232467E-02
 0.90532724236971E-02
 0.97236617393218E-02
 0.10229065530780E-01
 0.10986989757270E-01
 0.11650927920786E-01
 0.12478346494814E-01
 0.13465786117447E-01
 0.14104680501438E-01
 0.15092770593519E-01
 0.16039165362596E-01
 0.16933905762362E-01
 0.17698165974816E-01
 0.18970018372316E-01
 0.19981998585336E-01
 0.21214242294574E-01
 0.22677594263134E-01
 0.23459819376649E-01
 0.25305134783197E-01
 0.26335687864308E-01
 0.27912759024518E-01
 0.29488749096092E-01
 0.30751490110987E-01
 0.32600744850519E-01
 0.33928353152332E-01
 0.35795207509027E-01
 0.36910976261484E-01
 0.38444210770863E-01
 0.40348476933988E-01
 0.41490451760189E-01
 0.42814318015946E-01
 0.44362754897920E-01
 0.45076320428267E-01
 0.46117238925378E-01
 0.47160132563573E-01
 0.47824438967989E-01
 0.48537534965121E-01
 0.48971039703289E-01
 0.49202594804176E-01
 0.49486632354273E-01
 0.49647282888772E-01
 0.49904968156401E-01
 0.49905000675604E-01
 0.49561132354272E-01
 0.49744092157114E-01
 0.49345833220286E-01
 0.48964195414325E-01
 0.48533841470979E-01
 0.48053972115044E-01
 0.47499225104649E-01
 0.46883076006650E-01
 0.46158280028233E-01
 0.45614063847469E-01
 0.44467617166717E-01
 0.43970569301815E-01
 0.43405696686411E-01
 0.42397853775624E-01
 0.41682100676729E-01
 0.40615647414696E-01
 0.39918055102141E-01
 0.39293714027362E-01
 0.38112123952109E-01
 0.38174298751657E-01
 0.36960391373312E-01
 0.36122741786599E-01
 0.35436115553464E-01
 0.35302188731409E-01
 0.33984608748718E-01
 0.33453066924068E-01
 0.33203568033701E-01
 0.33169812097378E-01
 0.31968144001447E-01
 0.31465686380815E-01
 0.30661345849855E-01
 0.30597535849770E-01
 0.29666077639479E-01
 0.30108933006235E-01
 0.29498892852636E-01
 0.28511859976839E-01
 0.28222399591113E-01
 0.27915847704352E-01
 0.27666732255629E-01
 0.26666630150625E-01
 0.27806878764532E-01
 0.27931315610473E-01
 0.26785380344920E-01
 0.26308788454528E-01
 0.26175123287881E-01
 0.26570552954344E-01
 0.24362099169301E-01
 0.26717289818527E-01
 0.25123008795821E-01
 0.26045453685916E-01
 0.25071816806655E-01
 0.25241221593411E-01
 0.25343584903823E-01
 0.25295540584573E-01
 0.23625673280569E-01
 0.23891637752098E-01
 0.24723356166460E-01
 0.24394948148873E-01
 0.24541023202087E-01
 0.24952448263213E-01
 0.24691209116550E-01
 0.23627185637233E-01
 0.23676594947197E-01
 0.23740342506968E-01
 0.22984424174982E-01
 0.23487500721373E-01
 0.23002138537966E-01
 0.22326978898798E-01
 0.22341129969563E-01
 0.23455522968706E-01
 0.23018574296694E-01
 0.22131419147092E-01
 0.21716157562710E-01
 0.22573489963145E-01
 0.22693094235136E-01
 0.22331262261378E-01
 0.22567363962399E-01
 0.22028085176294E-01
 0.21668298243308E-01
 0.22162040761729E-01
 0.21325794933973E-01
 0.22721789723201E-01
 0.20825888997607E-01
 0.20810134720623E-01
 0.21019317489380E-01
 0.20815632920123E-01
 0.20579324971845E-01
 0.21026623051853E-01
 0.21175827426538E-01
 0.21255411155918E-01
 0.22527182611172E-01
 0.20661175403825E-01
 0.20368873848749E-01
 0.22116070606696E-01
 0.21481278856259E-01
 0.20125556859266E-01
 0.20592785512499E-01
 0.20944334642765E-01
 0.21916171306640E-01
 0.20156972440074E-01
 0.19893381872238E-01
 0.20932623751479E-01
 0.20649550381390E-01
 0.21013023596059E-01
 0.21193059319129E-01
 0.18710893145186E-01
 0.20839660282602E-01
 0.20155107528341E-01
 0.20282900686603E-01
 0.20737953332757E-01
 0.19359049402712E-01
 0.20276458229644E-01
 0.21285771954410E-01
 0.19471194532065E-01
