 0.00000000000000E+00
 0.00000000000000E+00
 0.77308811195169E-25
-0.23453234856961E-25
-0.16698703218157E-25
 0.93812939427846E-25
 0.18904811583827E-23
 0.50658987291037E-23
 0.46385029342782E-22
-0.61481247983433E-22
 0.18661475721493E-20
 0.26186457474425E-20
 0.10745925910623E-19
 0.23520243195419E-05
 0.10590820772964E-05
-0.19217348271278E-06
-0.34537783509801E-05
 0.41589686550549E-05
 0.80361213631337E-06
-0.11644809828368E-05
-0.14869555802652E-05
 0.89758396653316E-06
-0.95913549611617E-06
-0.81978839153951E-06
-0.83846234364210E-06
-0.82989017950763E-06
 0.21457803411196E-06
-0.36073514780802E-06
 0.35259140896577E-06
-0.92858180589310E-07
 0.58621013829394E-06
 0.51594581520314E-06
 0.96968428526646E-07
-0.71390313885920E-07
-0.23705406343128E-06
-0.16618498854350E-06
 0.99728591176590E-07
-0.11624725082996E-07
-0.15453150505124E-06
 0.30234548534372E-06
-0.48093463151322E-06
 0.22526524590745E-06
-0.26302932173023E-06
 0.10931061834627E-07
 0.24409209111571E-06
 0.17399023270554E-06
-0.93673161971373E-07
-0.19696246708062E-06
-0.61295601505817E-08
 0.24430189276649E-06
-0.33760741983344E-07
 0.14918167887963E-06
-0.46055640543357E-07
 0.22217357962645E-07
 0.18247588991174E-06
 0.20710583503197E-06
 0.29368906793923E-06
 0.16759410961157E-06
 0.27801063077842E-06
 0.38675708255988E-06
 0.45496518849146E-06
 0.55256779202287E-06
 0.74226246293204E-06
 0.82211036922919E-06
 0.10742836314682E-05
 0.11819821618265E-05
 0.14046542709821E-05
 0.18482696069014E-05
 0.21588103764232E-05
 0.24854955321182E-05
 0.29198226610622E-05
 0.33930239154080E-05
 0.39313352863443E-05
 0.45617754851797E-05
 0.51843896170180E-05
 0.59484181525460E-05
 0.68460972274041E-05
 0.77820670814549E-05
 0.87784183880179E-05
 0.10030765408027E-04
 0.11364321894626E-04
 0.12824054035154E-04
 0.14396755397989E-04
 0.16148830662268E-04
 0.18073113079538E-04
 0.20210313137388E-04
 0.22439266546219E-04
 0.24832322620654E-04
 0.27668348988574E-04
 0.30624691569971E-04
 0.33928523607931E-04
 0.37359560941204E-04
 0.41142265457488E-04
 0.45275790668611E-04
 0.49623541190001E-04
 0.54347615363181E-04
 0.59371938766355E-04
 0.64960470303628E-04
 0.70805284884978E-04
 0.77182528596392E-04
 0.83921619481716E-04
 0.91121390404019E-04
 0.99009382317152E-04
 0.10717346827408E-03
 0.11611919786001E-03
 0.12566781026125E-03
 0.13557876609573E-03
 0.14627964436022E-03
 0.15785644672314E-03
 0.16999327217982E-03
 0.18300814447115E-03
 0.19663137509755E-03
 0.21139882142652E-03
 0.22681827955798E-03
 0.24309377632755E-03
 0.26064435399248E-03
 0.27906393162363E-03
 0.29854690384435E-03
 0.31928932754474E-03
 0.34107409267140E-03
 0.36436242713538E-03
 0.38895164775175E-03
 0.41470971795357E-03
 0.44208909008990E-03
 0.47084762855930E-03
 0.50136069235709E-03
 0.53324727092199E-03
 0.56719203199301E-03
 0.60270691247123E-03
 0.64056810892463E-03
 0.68010286959331E-03
 0.72204521664338E-03
 0.76619286447531E-03
 0.81219983502099E-03
 0.86154141934712E-03
 0.91279817223669E-03
 0.96690464167049E-03
 0.10239923426928E-02
 0.10841197772957E-02
 0.11470412904443E-02
 0.12134448250854E-02
 0.12833116179975E-02
 0.13569223531012E-02
 0.14342743211591E-02
 0.15154890193160E-02
 0.16009204752197E-02
 0.16905836626466E-02
 0.17852557152878E-02
 0.18844124224714E-02
 0.19890902628644E-02
 0.20986341356196E-02
 0.22142780278405E-02
 0.23357158070866E-02
 0.24629901831096E-02
 0.25970103900561E-02
 0.27374454304556E-02
 0.28852323036116E-02
 0.30400101243194E-02
 0.32028784741948E-02
 0.33740679826008E-02
 0.35533616740844E-02
 0.37410791150423E-02
 0.39378393772898E-02
 0.41433773812423E-02
 0.43584503021720E-02
 0.45830869736533E-02
 0.48163449602309E-02
 0.50601090842470E-02
 0.53124024670288E-02
 0.55735941499414E-02
 0.58431007761765E-02
 0.61205509360022E-02
 0.64055511708515E-02
 0.66958113593073E-02
 0.69925573775901E-02
 0.72936865524727E-02
 0.75966824065108E-02
 0.79018122180191E-02
 0.82071594461024E-02
 0.85125534771422E-02
 0.88159569109007E-02
 0.91163719214391E-02
 0.94133917196550E-02
 0.97055790478264E-02
 0.99938379485120E-02
 0.10276031170942E-01
 0.10550950253694E-01
 0.10819052196565E-01
 0.11080296457870E-01
 0.11333297301416E-01
 0.11578974413556E-01
 0.11817680328602E-01
 0.12048395846561E-01
 0.12270043137943E-01
 0.12484948629688E-01
 0.12689927024898E-01
 0.12888722095919E-01
 0.13078626365631E-01
 0.13262042932388E-01
 0.13434931276853E-01
 0.13603134895664E-01
 0.13759842996673E-01
 0.13913123477279E-01
 0.14057845644875E-01
 0.14195355751784E-01
 0.14325628679453E-01
 0.14449255359334E-01
 0.14568114954636E-01
 0.14679256659535E-01
 0.14784608393249E-01
 0.14884421616717E-01
 0.14978718986653E-01
 0.15066756439374E-01
 0.15150158196742E-01
 0.15229268637737E-01
 0.15302981814395E-01
 0.15372322976294E-01
 0.15437524383662E-01
 0.15498180165435E-01
 0.15555469739368E-01
 0.15608458384598E-01
 0.15658168889364E-01
 0.15704472140518E-01
 0.15747348302915E-01
 0.15787633570339E-01
 0.15824555263694E-01
 0.15858704319077E-01
 0.15890328922095E-01
 0.15919280985290E-01
 0.15945805201473E-01
 0.15970107273129E-01
 0.15992169414051E-01
 0.16011987574167E-01
 0.16029816957184E-01
 0.16045835913595E-01
 0.16059943232763E-01
 0.16072330926632E-01
 0.16083077767343E-01
 0.16092163516320E-01
 0.16099707901155E-01
 0.16105795309988E-01
 0.16110526035659E-01
 0.16113891834565E-01
 0.16115965700471E-01
 0.16116823111434E-01
 0.16116504674261E-01
 0.16115100088578E-01
 0.16112524292224E-01
 0.16109012594385E-01
 0.16104403325985E-01
 0.16098875955093E-01
 0.16092475236989E-01
 0.16085237235883E-01
 0.16077082612471E-01
 0.16068155772509E-01
 0.16058404645022E-01
 0.16047964601584E-01
 0.16036789566679E-01
 0.16025003971909E-01
 0.16012473226847E-01
 0.15999370444900E-01
 0.15985510407217E-01
 0.15971254000103E-01
 0.15956267663196E-01
 0.15940775811069E-01
 0.15925011711129E-01
 0.15908486232261E-01
 0.15891559474339E-01
 0.15874354741769E-01
 0.15856485596661E-01
 0.15838275174064E-01
 0.15819659425845E-01
 0.15800770533101E-01
 0.15781306392615E-01
 0.15761612921550E-01
 0.15741480989266E-01
 0.15720943829017E-01
 0.15700340459914E-01
 0.15679203723643E-01
 0.15657944267047E-01
 0.15636380317827E-01
 0.15614376441045E-01
 0.15592304060260E-01
 0.15570018053457E-01
 0.15547107456164E-01
 0.15524640506253E-01
 0.15501392317956E-01
 0.15478133746000E-01
 0.15454911296318E-01
 0.15431256042920E-01
 0.15407246872493E-01
 0.15383423358525E-01
 0.15358993780355E-01
 0.15334894989982E-01
 0.15310453259146E-01
 0.15285829581325E-01
 0.15261034607853E-01
 0.15236117910346E-01
 0.15211009975137E-01
 0.15185918925408E-01
