 0.00000000000000E+00
 0.00000000000000E+00
 0.12391646932425E-24
-0.22196141468628E-24
-0.44609928956729E-25
 0.37525175771138E-24
 0.52894262455135E-23
 0.76851559979291E-22
 0.53010498261271E-21
 0.22349663266938E-20
 0.83118582397702E-20
 0.17641019421380E-19
 0.69960276048519E-19
-0.26060023582265E-05
 0.77176087649150E-06
-0.85446702942698E-06
 0.32748719468897E-06
-0.11135369571359E-05
 0.82075857927409E-06
-0.15777407770212E-05
-0.10261327589289E-05
-0.59247669456884E-06
 0.18990769533657E-05
-0.19014681609147E-05
-0.16774828389090E-05
-0.51808710418634E-06
-0.92310438933190E-06
-0.35359180681790E-06
-0.10380456744750E-05
-0.43632205338518E-06
 0.11740625329981E-05
-0.42706593135419E-06
 0.17495722666829E-06
-0.33290622920321E-06
 0.58141674598496E-06
-0.22212872408511E-06
-0.31072069783676E-06
 0.15158498902142E-06
-0.11839021597147E-05
-0.34562017664133E-06
 0.99276174883304E-06
 0.84246889509413E-06
-0.50439297261548E-07
-0.64647447372020E-06
 0.58231469374713E-07
 0.63195787308101E-09
 0.20654351229497E-07
 0.62314337688633E-06
 0.38543452661079E-06
 0.30201214973578E-06
-0.14398251962367E-06
 0.24496224757266E-06
-0.50483616167432E-07
-0.62350798884117E-07
 0.32823934720642E-07
 0.18943841527892E-06
 0.55068676732905E-06
 0.72719083487679E-06
 0.79723383290210E-06
 0.10416826317122E-05
 0.11621818126279E-05
 0.15046627685307E-05
 0.19984152117130E-05
 0.24675432505970E-05
 0.27999398716479E-05
 0.36760150969087E-05
 0.42869332425706E-05
 0.50564386904085E-05
 0.60339314078664E-05
 0.70804396460177E-05
 0.84929241148469E-05
 0.10020008273079E-04
 0.11970391452550E-04
 0.13766513066660E-04
 0.15976650308691E-04
 0.18645118649669E-04
 0.21489302565856E-04
 0.24860545017860E-04
 0.28823988362109E-04
 0.32731410084782E-04
 0.37541743665723E-04
 0.42439734119429E-04
 0.48710658905637E-04
 0.54772205907048E-04
 0.62256014854033E-04
 0.70410027661960E-04
 0.79268856586816E-04
 0.88766802283107E-04
 0.99824141902462E-04
 0.11177074369110E-03
 0.12496770299053E-03
 0.13937003330790E-03
 0.15523632660188E-03
 0.17214266916065E-03
 0.19086761172540E-03
 0.21080741933328E-03
 0.23298137587335E-03
 0.25716579429693E-03
 0.28309091278522E-03
 0.31150804061508E-03
 0.34181251635504E-03
 0.37545295358621E-03
 0.41077689199363E-03
 0.44948514262570E-03
 0.49096646753835E-03
 0.53603249435690E-03
 0.58403039997398E-03
 0.63632495342471E-03
 0.69200810473098E-03
 0.75203723437885E-03
 0.81669635424319E-03
 0.88528474790927E-03
 0.95981893099075E-03
 0.10390872983962E-02
 0.11241857547666E-02
 0.12141862938601E-02
 0.13105992643684E-02
 0.14142690578613E-02
 0.15256818019169E-02
 0.16416447326810E-02
 0.17683995333310E-02
 0.19024438807463E-02
 0.20445757015715E-02
 0.21963431331858E-02
 0.23574753630304E-02
 0.25297994474659E-02
 0.27131447656786E-02
 0.29059637732702E-02
 0.31129227575027E-02
 0.33325785236467E-02
 0.35673423083271E-02
 0.38150420489986E-02
 0.40758540371724E-02
 0.43544965742001E-02
 0.46505997218378E-02
 0.49640252290266E-02
 0.52955306630579E-02
 0.56495503809069E-02
 0.60204582186522E-02
 0.64173829037371E-02
 0.68347806535597E-02
 0.72795613939674E-02
 0.77489317258923E-02
 0.82478112527306E-02
 0.87732190484107E-02
 0.93330633126965E-02
 0.99206548479225E-02
 0.10544070214964E-01
 0.11206680702887E-01
 0.11905137052021E-01
 0.12643453258758E-01
 0.13426712158875E-01
 0.14252675108691E-01
 0.15128611430469E-01
 0.16050510158314E-01
 0.17028262930389E-01
 0.18062784576892E-01
 0.19149421778651E-01
 0.20296469588567E-01
 0.21511994408593E-01
 0.22793062164431E-01
 0.24144215767877E-01
 0.25568347393186E-01
 0.27067379807454E-01
 0.28639787163228E-01
 0.30289709153200E-01
 0.32023467123584E-01
 0.33837713607037E-01
 0.35725594194781E-01
 0.37706968846650E-01
 0.39753288656479E-01
 0.41871419386043E-01
 0.44070652393338E-01
 0.46325759525521E-01
 0.48643567533366E-01
 0.51017003058929E-01
 0.53424382625345E-01
 0.55872249466697E-01
 0.58352637371105E-01
 0.60847806528081E-01
 0.63360353873190E-01
 0.65863097588222E-01
 0.68377674990040E-01
 0.70877403442314E-01
 0.73361866691324E-01
 0.75820245338232E-01
 0.78256252793274E-01
 0.80662568851632E-01
 0.83032215161255E-01
 0.85371527239245E-01
 0.87677257720313E-01
 0.89943398972161E-01
 0.92164470809847E-01
 0.94330426680739E-01
 0.96470242252953E-01
 0.98554876510031E-01
 0.10059023400928E+00
 0.10257388506181E+00
 0.10452336301907E+00
 0.10643507993893E+00
 0.10827802468703E+00
 0.11007488957693E+00
 0.11185178062120E+00
 0.11355462085376E+00
 0.11521949300912E+00
 0.11683972034182E+00
 0.11842112050536E+00
 0.11995001847738E+00
 0.12143978465992E+00
 0.12289196530277E+00
 0.12430215041021E+00
 0.12567473474412E+00
 0.12700859747397E+00
 0.12830980147265E+00
 0.12957357044643E+00
 0.13080096127955E+00
 0.13199780312223E+00
 0.13316107116319E+00
 0.13429890934680E+00
 0.13540072852997E+00
 0.13647704263306E+00
 0.13753068802784E+00
 0.13855346787105E+00
 0.13955336167639E+00
 0.14052766649650E+00
 0.14147987939738E+00
 0.14240756378630E+00
 0.14331721793654E+00
 0.14420496262411E+00
 0.14507576627377E+00
 0.14592473874995E+00
 0.14675521634709E+00
 0.14756876317139E+00
 0.14836404030721E+00
 0.14914521965531E+00
 0.14990932133745E+00
 0.15065830555289E+00
 0.15139310412850E+00
 0.15211281468735E+00
 0.15281930629645E+00
 0.15351205691967E+00
 0.15419248232413E+00
 0.15486023878656E+00
 0.15551602700802E+00
 0.15615990076337E+00
 0.15679274215291E+00
 0.15741446502387E+00
 0.15802515729550E+00
 0.15862565412527E+00
 0.15921639714215E+00
 0.15979738160211E+00
 0.16036772099353E+00
 0.16093074369523E+00
 0.16148379191747E+00
 0.16202787723595E+00
 0.16256367605738E+00
 0.16309207129766E+00
 0.16361164350919E+00
 0.16412194390464E+00
 0.16462727072684E+00
 0.16512476805601E+00
 0.16561287075163E+00
 0.16609483354348E+00
 0.16657142353948E+00
 0.16703744847121E+00
 0.16750102334017E+00
 0.16795656046623E+00
 0.16840441466578E+00
 0.16884800999825E+00
 0.16928448704325E+00
 0.16971671400424E+00
 0.17014075316545E+00
 0.17055853484134E+00
 0.17097189664108E+00
 0.17138316675776E+00
 0.17178345484318E+00
 0.17218113691919E+00
 0.17257631345301E+00
 0.17296739565401E+00
 0.17334856763412E+00
 0.17372547484259E+00
 0.17409942595210E+00
 0.17446702937583E+00
 0.17483587430738E+00
 0.17519151995579E+00
 0.17555067770932E+00
 0.17589869820284E+00
 0.17624947886442E+00
 0.17659107163013E+00
 0.17693014434239E+00
 0.17726701676021E+00
 0.17759989791396E+00
 0.17792689258503E+00
 0.17825002320743E+00
 0.17856990878426E+00
 0.17888876093455E+00
 0.17920070026176E+00
 0.17951049261030E+00
 0.17981749316300E+00
 0.18011791177540E+00
