 0.00000000000000E+00
 0.00000000000000E+00
-0.61958234662124E-25
-0.11098070734314E-24
-0.22304964478365E-25
 0.22965407571937E-24
 0.55325281189173E-23
-0.20058257154595E-20
-0.16030666140865E-20
-0.28089583777817E-11
 0.34530995308585E-12
 0.69802946804330E-07
-0.73307493259328E-06
 0.68181442648092E-06
 0.13699078312737E-06
-0.32923953785806E-06
-0.10470917209699E-06
 0.11706710352667E-06
-0.17819983046592E-06
 0.12356130345210E-06
 0.61246173714035E-07
 0.52417074307403E-07
-0.97930045987396E-09
-0.94655614318795E-07
-0.10464228458209E-06
-0.22742323058898E-06
 0.68851164223490E-07
 0.14317028611591E-06
-0.21112447164965E-07
 0.65509429240965E-07
 0.69625522907781E-07
 0.83434496207435E-07
-0.19944924840693E-08
 0.30418338377344E-07
-0.29228104908124E-07
 0.11919960408815E-07
-0.16036874115493E-07
-0.14853073334128E-07
 0.30001686171350E-07
-0.34030491003749E-08
 0.26236123264857E-07
-0.14170611060961E-07
-0.11791222162896E-08
-0.23814109345745E-07
 0.25273047703040E-07
 0.11503155910353E-07
 0.35803940225130E-07
 0.69091527617570E-07
 0.50751676286141E-07
 0.63194429355862E-07
 0.67825745975955E-07
 0.15182832666061E-06
 0.18591233692221E-06
 0.22930120507308E-06
 0.34150018691099E-06
 0.35496060479760E-06
 0.52400316410739E-06
 0.68357172615816E-06
 0.84166966576248E-06
 0.10344668482858E-05
 0.13498095598540E-05
 0.16623402396982E-05
 0.20211971078494E-05
 0.25267448925434E-05
 0.30502838717485E-05
 0.37125943690609E-05
 0.44692869244978E-05
 0.53891221426539E-05
 0.64095938894012E-05
 0.76663704903972E-05
 0.91103999620319E-05
 0.10741314405386E-04
 0.12578019001571E-04
 0.14707271616196E-04
 0.17095973719983E-04
 0.19922666211731E-04
 0.23045245244303E-04
 0.26468603358406E-04
 0.30469783299895E-04
 0.34970387345088E-04
 0.39857131375400E-04
 0.45439801376190E-04
 0.51595392802991E-04
 0.58073218443867E-04
 0.66153872895739E-04
 0.74573937349388E-04
 0.83885162452449E-04
 0.94299664488518E-04
 0.10545570265363E-03
 0.11801852869158E-03
 0.13172626757542E-03
 0.14658787649750E-03
 0.16292985821392E-03
 0.18072321338439E-03
 0.20025390861137E-03
 0.22132025200333E-03
 0.24450844015148E-03
 0.26936137155427E-03
 0.29658911796421E-03
 0.32596365236297E-03
 0.35783671099199E-03
 0.39225668196372E-03
 0.42950706774739E-03
 0.46946251359345E-03
 0.51285689978908E-03
 0.55961860193473E-03
 0.60996733655093E-03
 0.66385892322961E-03
 0.72187134768165E-03
 0.78440362747274E-03
 0.85152541865829E-03
 0.92329133249225E-03
 0.10004947314568E-02
 0.10829094487684E-02
 0.11714840359706E-02
 0.12659573358492E-02
 0.13669277248310E-02
 0.14753344938198E-02
 0.15911542172308E-02
 0.17134327509710E-02
 0.18466330153444E-02
 0.19875442840759E-02
 0.21375289074111E-02
 0.22974645866533E-02
 0.24686325659092E-02
 0.26509522386638E-02
 0.28454931764328E-02
 0.30515354585929E-02
 0.32721419813639E-02
 0.35067314431967E-02
 0.37567078686245E-02
 0.40219451549411E-02
 0.43051026044918E-02
 0.46066100472346E-02
 0.49270668005074E-02
 0.52672597586510E-02
 0.56307210184118E-02
 0.60152623696965E-02
 0.64257104652525E-02
 0.68602432536909E-02
 0.73253276011328E-02
 0.78184900038925E-02
 0.83429542184262E-02
 0.89012464878628E-02
 0.94935584624442E-02
 0.10124790416747E-01
 0.10794534005551E-01
 0.11507616448807E-01
 0.12266425821009E-01
 0.13073823933472E-01
 0.13928430013438E-01
 0.14842393158519E-01
 0.15813488881087E-01
 0.16846696433489E-01
 0.17946950984801E-01
 0.19119185209948E-01
 0.20371744135493E-01
 0.21702687626926E-01
 0.23133874726811E-01
 0.24667192190376E-01
 0.26315227590141E-01
 0.28105542425749E-01
 0.30046321280258E-01
 0.32167772953488E-01
 0.34493698295725E-01
 0.37045250692687E-01
 0.39842272305638E-01
 0.42879239585667E-01
 0.46139860538739E-01
 0.49580366877888E-01
 0.53143251601009E-01
 0.56768469323335E-01
 0.60392656749800E-01
 0.63952451819152E-01
 0.67422072182257E-01
 0.70768021771391E-01
 0.73976531973601E-01
 0.77041901578465E-01
 0.79959474397297E-01
 0.82738549005907E-01
 0.85381931213474E-01
 0.87901679423520E-01
 0.90303070155880E-01
 0.92595425724830E-01
 0.94793405100974E-01
 0.96890744419051E-01
 0.98909073577755E-01
 0.10084415170367E+00
 0.10270617367802E+00
 0.10449954937766E+00
 0.10623089372587E+00
 0.10790588312885E+00
 0.10952313350438E+00
 0.11108928745524E+00
 0.11260887953381E+00
 0.11408303471847E+00
 0.11551562522031E+00
 0.11690371483603E+00
 0.11825357414416E+00
 0.11957192722194E+00
 0.12085238452137E+00
 0.12210316568050E+00
 0.12332134309290E+00
 0.12451174876202E+00
 0.12567009561033E+00
 0.12680477101366E+00
 0.12791111657729E+00
 0.12899315074443E+00
 0.13005375842885E+00
 0.13109221921378E+00
 0.13210582245509E+00
 0.13310064694325E+00
 0.13407500320426E+00
 0.13502975088577E+00
 0.13596207663966E+00
 0.13688071421818E+00
 0.13777786820929E+00
 0.13866078539298E+00
 0.13952879542314E+00
 0.14037864627074E+00
 0.14121293135048E+00
 0.14203336339693E+00
 0.14283768169985E+00
 0.14362926238326E+00
 0.14440674472715E+00
 0.14517084857999E+00
 0.14592274778751E+00
 0.14666172462291E+00
 0.14738767960673E+00
 0.14810407358074E+00
 0.14880748439970E+00
 0.14949913333009E+00
 0.15018096664420E+00
 0.15085182320031E+00
 0.15151176374623E+00
 0.15216217566970E+00
 0.15280337680618E+00
 0.15343468693368E+00
 0.15405510181579E+00
 0.15466752865454E+00
 0.15527050718140E+00
 0.15586524013290E+00
 0.15645130596807E+00
 0.15702884444736E+00
 0.15759877293203E+00
 0.15815986771761E+00
 0.15871395439822E+00
 0.15925995868841E+00
 0.15979833994232E+00
 0.16032945000999E+00
 0.16085396217033E+00
 0.16137082975144E+00
 0.16188136176761E+00
 0.16238456186642E+00
 0.16288170216807E+00
 0.16337203472276E+00
 0.16385614716077E+00
 0.16433409720619E+00
 0.16480597228140E+00
 0.16527169216882E+00
 0.16573175474889E+00
 0.16618595534552E+00
 0.16663455478263E+00
 0.16707760902947E+00
 0.16751526893559E+00
 0.16794758716833E+00
 0.16837465193127E+00
 0.16879650151441E+00
 0.16921345959053E+00
 0.16962543421180E+00
 0.17003239267778E+00
 0.17043486805173E+00
 0.17083239462893E+00
 0.17122539813535E+00
 0.17161380978577E+00
 0.17199783112930E+00
 0.17237756537459E+00
 0.17275274164554E+00
 0.17312388350302E+00
 0.17349079701208E+00
 0.17385355400676E+00
 0.17421214137436E+00
 0.17456684870486E+00
 0.17491805569580E+00
 0.17526502055731E+00
 0.17560866589070E+00
 0.17594810743677E+00
 0.17628419735909E+00
 0.17661626321901E+00
 0.17694504911849E+00
 0.17727065391619E+00
 0.17759254449427E+00
 0.17791101883094E+00
 0.17822608410722E+00
 0.17853845605453E+00
 0.17884728728062E+00
 0.17915248777074E+00
 0.17945534576937E+00
 0.17975421723291E+00
 0.18005107129473E+00
