 0.00000000000000E+00
 0.00000000000000E+00
 0.12848620184038E-26
 0.49353111174201E-26
 0.77091721104226E-27
-0.74449948729938E-26
-0.32145909659909E-24
 0.11332223628306E-21
 0.16893407445901E-21
-0.18367645797547E-21
-0.88597384730395E-21
-0.54646500607611E-20
-0.98096376844006E-20
-0.30219263008817E-19
-0.29977508904746E-19
-0.10818496157156E-18
-0.97270474814263E-19
-0.46201895444591E-18
-0.24837053218194E-18
-0.98055464611009E-18
-0.84360670220423E-18
-0.92833575963086E-18
-0.26841012180631E-17
-0.10056970729334E-17
-0.33172531144143E-17
-0.33324873422646E-17
-0.46531397334584E-17
-0.37575495032677E-17
-0.12377810128411E-16
-0.36720836714287E-17
-0.54282244436060E-08
-0.21916822361995E-07
 0.50625478486194E-07
 0.18501357915982E-07
-0.42200582767196E-07
-0.67191650824557E-07
 0.85181468968560E-07
 0.13975910068615E-07
-0.76795943695845E-07
-0.47759728387732E-07
 0.70007567113077E-07
-0.13003015066074E-06
 0.30216709799003E-07
 0.27303171706780E-07
-0.57321648168142E-07
-0.56105996307643E-07
 0.36886742276098E-07
 0.12844196201912E-06
-0.16829825376041E-07
-0.35380001947353E-07
 0.12965227300726E-07
-0.12758996643088E-06
 0.42706571259865E-07
-0.95723591212422E-07
-0.31614244213874E-07
 0.63429630094801E-08
-0.24741395523852E-07
-0.86010436423325E-07
-0.13717760970003E-06
-0.47354711900529E-07
 0.60009720179228E-07
 0.63842399940765E-07
 0.17243669677805E-06
-0.11885414020835E-06
-0.21221153573007E-08
 0.22155685534786E-06
-0.61648416734015E-07
-0.26025879497110E-06
 0.42199260981050E-07
-0.94999277737432E-07
-0.13751594334672E-06
 0.74460531412223E-07
-0.82939652381370E-07
 0.40340941861813E-06
-0.13129785176249E-06
-0.17133381757412E-07
 0.56858002109018E-07
-0.23827598683845E-07
 0.20832819983394E-06
-0.32034242862962E-06
-0.10057845250312E-06
-0.75961390896913E-07
-0.54344555792762E-06
 0.63419024521136E-07
 0.21722618509783E-06
-0.69216080625368E-06
-0.19703783833267E-06
-0.58099181280919E-06
 0.62881293507173E-06
-0.31377410231646E-06
 0.17952643810451E-06
-0.50657954097585E-06
 0.24092124197911E-06
-0.72716339963268E-06
-0.21345976133311E-06
-0.84310322937440E-06
-0.84938933519781E-06
 0.92291348541841E-06
 0.18526630300803E-06
 0.17506351442747E-06
 0.16543286277007E-06
 0.93072652093491E-06
-0.99340382733931E-06
 0.53036791676391E-06
-0.63120980302496E-06
 0.14425492464489E-05
 0.47087685934266E-06
-0.25868089597387E-06
-0.65981676622840E-06
 0.50123024892590E-06
-0.20539182610553E-05
 0.30039403160576E-06
-0.49708394806445E-06
 0.15643538253120E-05
 0.71388495268676E-06
-0.30570528980385E-06
-0.63377478003452E-06
 0.16706644287303E-06
-0.17423955396231E-05
-0.66884345591856E-06
 0.13075941955570E-05
-0.92334142436610E-06
-0.47448407865630E-06
 0.12506461427782E-05
-0.18663630046533E-05
-0.23699261725774E-05
-0.31324570168519E-05
 0.16506621445191E-05
-0.34333267477217E-05
 0.14145650013326E-05
-0.16475577800368E-05
-0.43199900337854E-07
-0.96250053632290E-07
 0.10558914248056E-05
 0.11984461051750E-06
 0.87974103444445E-06
-0.36667004895430E-06
-0.86040516264825E-06
 0.18068488349209E-05
-0.21801830191207E-05
 0.55156344096675E-05
-0.22363591340543E-06
-0.22639866360746E-05
 0.24059408359619E-05
-0.16516787271742E-06
-0.11967933319092E-05
-0.66703882916157E-07
-0.22409941661658E-05
-0.65490673342684E-05
-0.17259209722195E-06
-0.12293018287442E-05
-0.66367262846682E-05
 0.48726665428274E-05
-0.55574925800272E-05
 0.10037836979166E-05
-0.12064319228966E-06
-0.48473671489907E-06
-0.14608513432126E-05
 0.20143837350773E-05
-0.16817264405887E-05
-0.56445672426816E-05
 0.77542247357508E-06
 0.49028900708298E-05
-0.11147551465595E-04
 0.49643238207817E-05
 0.56459551737054E-05
 0.11680591983641E-05
 0.72630376602103E-05
-0.36701593011915E-05
-0.11871228747036E-04
-0.43826475884500E-05
-0.13446293342600E-04
 0.16175393660675E-04
 0.26671275981312E-05
-0.56021675591285E-05
 0.22161583919701E-05
-0.79035203930405E-05
 0.61869228486472E-05
-0.20924503428650E-05
 0.57839503502142E-05
-0.10276339728930E-04
-0.11775231230452E-04
 0.68992993759903E-05
-0.68456325332620E-05
 0.11841209872018E-04
 0.16309099888934E-05
-0.40043559139050E-05
-0.24071539563629E-06
 0.11761456978411E-04
-0.91649355375725E-05
-0.84868886421318E-05
-0.82922150818049E-05
-0.30813561235010E-06
-0.10369557998538E-04
 0.84739773135028E-05
 0.36919452176030E-06
-0.29482631358050E-05
-0.21840354829164E-05
-0.20896169521573E-05
-0.43138087451588E-06
 0.25073889270302E-07
-0.15122764577664E-04
-0.18324939488121E-04
-0.27012074307319E-05
 0.15708640479061E-05
 0.36222755635177E-05
 0.80855895776570E-05
-0.22975576681156E-04
-0.71770597875417E-05
 0.12708629755510E-05
-0.69961149453758E-05
 0.20980571589996E-05
-0.24167402650941E-06
-0.78731152067011E-05
 0.21720443366968E-04
-0.14899466552750E-06
-0.11737357098643E-04
 0.62278335167645E-05
 0.23395859652553E-05
 0.61446518020587E-05
-0.49702236651210E-05
 0.59432991952465E-05
-0.10143988108518E-04
 0.27291033344109E-05
 0.17275224601123E-04
 0.19498010910631E-05
-0.37595398206634E-05
 0.55581376378047E-06
 0.20960528807082E-06
-0.70827614369419E-05
 0.12646543493052E-05
 0.26206144837061E-06
-0.75211180816709E-05
-0.43990535615880E-05
 0.11257503898138E-05
 0.37825756031256E-06
 0.66457629056847E-05
 0.15359189173309E-05
-0.35033042588470E-05
 0.15034970573568E-05
-0.30499193579073E-06
-0.43367008861395E-05
-0.29257593451673E-05
 0.12290508486505E-05
-0.16188582364014E-05
-0.19747287257267E-05
 0.68778958872446E-06
-0.78124209679929E-06
-0.12249750770559E-05
 0.59568194789341E-06
 0.49659083023817E-05
 0.31409354457606E-05
 0.72539077387695E-06
-0.31943776373704E-05
-0.10112467092828E-05
-0.36955190426380E-06
-0.12650920876339E-05
-0.11981519130437E-05
 0.26608572540023E-06
 0.60216993580802E-06
-0.77110066333240E-06
 0.97226418985032E-07
-0.47984830723736E-07
-0.25252454855188E-06
 0.82573728945626E-06
-0.11629637072016E-06
-0.46306125848792E-06
 0.14359864336245E-05
-0.37204068958404E-06
-0.33573614096857E-06
 0.58020452640431E-06
-0.17947261509326E-05
-0.14853498685586E-05
-0.15373257693300E-05
 0.19842459351282E-05
 0.41541893988040E-06
-0.14871714713081E-05
-0.11625984626530E-06
-0.41314047645021E-06
-0.34406011754266E-05
 0.32106795344781E-05
-0.76543015202056E-06
 0.43002755528830E-06
 0.12322866604250E-05
 0.48255563033438E-05
-0.25069390634778E-05
 0.53656751514103E-06
 0.68186027810462E-06
 0.28627538974332E-05
 0.81665302519218E-06
 0.81175354746484E-06
-0.44363481152189E-05
-0.21647230557951E-05
 0.70793771906504E-06
 0.53943683226748E-05
 0.71839339017799E-06
 0.83444821034523E-06
 0.12868563692489E-05
 0.21529058973844E-05
-0.20147754014009E-05
