 0.00000000000000E+00
 0.00000000000000E+00
 0.12391646932425E-24
-0.22196141468628E-24
-0.44609928956729E-25
 0.37525175771138E-24
 0.52894262455135E-23
 0.76851559979291E-22
 0.53010498261271E-21
 0.22349663266938E-20
-0.34085855590105E-11
-0.21518545472718E-11
 0.12795416353514E-05
 0.20377406831350E-05
-0.17305342479812E-05
 0.57528211205854E-06
-0.91408696945650E-06
-0.11533944310691E-05
 0.37433062710975E-05
 0.31292233363137E-05
-0.78862577068472E-06
-0.52800580541385E-06
 0.22364340410206E-05
-0.88776831505974E-06
 0.42280805975330E-06
-0.86186400492410E-06
-0.34617219395519E-06
 0.16747514026572E-05
 0.71293581904331E-06
-0.46423600323065E-07
-0.22055301589205E-06
-0.26377667678396E-06
-0.70536371316935E-06
-0.21704409342990E-06
-0.11087565677920E-05
-0.30483786238071E-06
 0.46676631661165E-06
 0.10512176623935E-06
-0.26789666429821E-06
-0.18859409908767E-06
-0.56022670081394E-06
-0.15737504875028E-06
-0.86913160614378E-07
-0.18937485483756E-06
 0.18758638227395E-06
 0.25510087562489E-06
 0.39394118776533E-06
 0.60231409704227E-06
 0.77734757635615E-06
 0.81399140701607E-06
 0.57941155392817E-06
 0.13541734996217E-05
 0.17368229775973E-05
 0.18809143880206E-05
 0.23235207249300E-05
 0.31945063704692E-05
 0.39352329698533E-05
 0.48732515671383E-05
 0.62137892645568E-05
 0.73354246116072E-05
 0.92147872872963E-05
 0.10811480246681E-04
 0.12685548469637E-04
 0.15115049827948E-04
 0.17909451588566E-04
 0.20698890834504E-04
 0.24202607672401E-04
 0.28288829102524E-04
 0.32707581011349E-04
 0.37428319180795E-04
 0.42978892213596E-04
 0.49368008161635E-04
 0.56245792670394E-04
 0.63980827439412E-04
 0.72411368025520E-04
 0.82057639823583E-04
 0.92522769211654E-04
 0.10434370243504E-03
 0.11652363396845E-03
 0.13043099226338E-03
 0.14574352507713E-03
 0.16219207317606E-03
 0.18058543262525E-03
 0.20043562168730E-03
 0.22167929624202E-03
 0.24475561359043E-03
 0.27014704029259E-03
 0.29747189479234E-03
 0.32699553153164E-03
 0.35908892276221E-03
 0.39330870356352E-03
 0.43034554162979E-03
 0.47039822339332E-03
 0.51340382364498E-03
 0.55939579038630E-03
 0.60906457222848E-03
 0.66185244828130E-03
 0.71825543826174E-03
 0.77899101248141E-03
 0.84392722648192E-03
 0.91271869791629E-03
 0.98723948138344E-03
 0.10661963698925E-02
 0.11503269930872E-02
 0.12393414790505E-02
 0.13355371008421E-02
 0.14365541376502E-02
 0.15450047691350E-02
 0.16597036622133E-02
 0.17817820610488E-02
 0.19101429789436E-02
 0.20479093182521E-02
 0.21936662541553E-02
 0.23484915817533E-02
 0.25116050905474E-02
 0.26847918367451E-02
 0.28682203208392E-02
 0.30625941521675E-02
 0.32695071853672E-02
 0.34869444873730E-02
 0.37170667568101E-02
 0.39598446042454E-02
 0.42159232973058E-02
 0.44874953652182E-02
 0.47763544833546E-02
 0.50777749456589E-02
 0.53972726647198E-02
 0.57348437274957E-02
 0.60912372700017E-02
 0.64680930887035E-02
 0.68650780119773E-02
 0.72813267855860E-02
 0.77219236744814E-02
 0.81876833532083E-02
 0.86778774000323E-02
 0.91932038276443E-02
 0.97381329419012E-02
 0.10309922876716E-01
 0.10912946935412E-01
 0.11548739497316E-01
 0.12217123305543E-01
 0.12922541593554E-01
 0.13666585590996E-01
 0.14445868117049E-01
 0.15266902081773E-01
 0.16132693662183E-01
 0.17040051295351E-01
 0.17996995949634E-01
 0.19003074870924E-01
 0.20061749477161E-01
 0.21173016624559E-01
 0.22336468206120E-01
 0.23562886656787E-01
 0.24854704642524E-01
 0.26202228235470E-01
 0.27618631416596E-01
 0.29105802602568E-01
 0.30661114894653E-01
 0.32286225956673E-01
 0.33981859448685E-01
 0.35758396626605E-01
 0.37610171419579E-01
 0.39533665578324E-01
 0.41530681526107E-01
 0.43598074314822E-01
 0.45732100548212E-01
 0.47938135468969E-01
 0.50203122450466E-01
 0.52527245211149E-01
 0.54892691406112E-01
 0.57306953463895E-01
 0.59759143858402E-01
 0.62229110629315E-01
 0.64727422891744E-01
 0.67235004054564E-01
 0.69746457712093E-01
 0.72251372255864E-01
 0.74755693943173E-01
 0.77243987009532E-01
 0.79707228765064E-01
 0.82146129817608E-01
 0.84562471442418E-01
 0.86948046675676E-01
 0.89293614686876E-01
 0.91590526645436E-01
 0.93866932852317E-01
 0.96105445747099E-01
 0.98284338980804E-01
 0.10041016545418E+00
 0.10248687760528E+00
 0.10451685521396E+00
 0.10649774875629E+00
 0.10844025726987E+00
 0.11033245234923E+00
 0.11216755424498E+00
 0.11394783864810E+00
 0.11566547593333E+00
 0.11734033179559E+00
 0.11895379505487E+00
 0.12053108265498E+00
 0.12206962081880E+00
 0.12356303214806E+00
 0.12499914822862E+00
 0.12640300917168E+00
 0.12775931912815E+00
 0.12907696773490E+00
 0.13035634864415E+00
 0.13159818582380E+00
 0.13280472945498E+00
 0.13398071052557E+00
 0.13511800249510E+00
 0.13623425285943E+00
 0.13731514234684E+00
 0.13836834604790E+00
 0.13939648437563E+00
 0.14039588828197E+00
 0.14137478045217E+00
 0.14232889596339E+00
 0.14325853631329E+00
 0.14417383358914E+00
 0.14505935852224E+00
 0.14593137056427E+00
 0.14678104011102E+00
 0.14761267923312E+00
 0.14842853105358E+00
 0.14922575524281E+00
 0.15000610796378E+00
 0.15077191168320E+00
 0.15152182836610E+00
 0.15225870042501E+00
 0.15298011898108E+00
 0.15368797378095E+00
 0.15438148547452E+00
 0.15506289103854E+00
 0.15573213705434E+00
 0.15638960377999E+00
 0.15703526158623E+00
 0.15766975153241E+00
 0.15829231076722E+00
 0.15890410022791E+00
 0.15950602683722E+00
 0.16009813522818E+00
 0.16067964697563E+00
 0.16125196881213E+00
 0.16181537717848E+00
 0.16236902097991E+00
 0.16291545933403E+00
 0.16345180839886E+00
 0.16398016228167E+00
 0.16449967626709E+00
 0.16501227273682E+00
 0.16551682829262E+00
 0.16601355214416E+00
 0.16650349635395E+00
 0.16698429781612E+00
 0.16746217421062E+00
 0.16793034422078E+00
 0.16839127712851E+00
 0.16884707244288E+00
 0.16929711012682E+00
 0.16973863295144E+00
 0.17017457028960E+00
 0.17060581040367E+00
 0.17102990449199E+00
 0.17144986617673E+00
 0.17186312764465E+00
 0.17227088489794E+00
 0.17267292327076E+00
 0.17307007054548E+00
 0.17346009933026E+00
 0.17385090203671E+00
 0.17423223298354E+00
 0.17461084131497E+00
 0.17498355017993E+00
 0.17534955866530E+00
 0.17571358769027E+00
 0.17607157694789E+00
 0.17642612582627E+00
 0.17677788745694E+00
 0.17712341238245E+00
 0.17746478034183E+00
 0.17780243051649E+00
 0.17813631609457E+00
 0.17846638550301E+00
 0.17879059061312E+00
 0.17911225936294E+00
 0.17943385191727E+00
 0.17975067629657E+00
 0.18005944660544E+00
 0.18036828562780E+00
 0.18067250001550E+00
 0.18097194220755E+00
 0.18127213338468E+00
 0.18156647808175E+00
 0.18185975535858E+00
 0.18214666288539E+00
 0.18243175051651E+00
 0.18271174131327E+00
 0.18299092449513E+00
 0.18326774128945E+00
