 0.00000000000000E+00
 0.00000000000000E+00
-0.25697240368075E-26
 0.98706222348402E-26
 0.15418344220845E-26
-0.19405018894771E-25
-0.44529989610858E-24
-0.35228755094507E-23
-0.36724798795437E-22
-0.45328894513225E-22
-0.31121645622567E-11
-0.27409704173677E-11
 0.17205794377655E-05
-0.13701437751068E-05
 0.27709467815928E-06
 0.12022283555633E-05
-0.20013835668701E-05
-0.10593468486477E-05
-0.79686176396119E-06
 0.19894613381703E-05
 0.39844818137931E-05
-0.19967830011171E-07
 0.12647123405762E-05
 0.10827894589275E-05
-0.12606443868889E-05
 0.13778574514919E-05
 0.12558486266046E-05
 0.10907799734408E-05
-0.20331561231547E-05
-0.30054795725000E-06
-0.12128818596863E-05
 0.11095314981013E-05
-0.15526810580849E-05
 0.57721051550642E-07
 0.67607071835863E-06
-0.44376323780533E-06
-0.12006944527909E-05
-0.13252719352536E-05
 0.11205065215916E-05
-0.12523276504324E-05
 0.61989783888214E-06
-0.13277524280791E-06
 0.24277512934592E-06
 0.10754196041494E-05
-0.83421704888675E-06
-0.42543181652206E-06
-0.16326320862659E-05
 0.12890871764865E-05
 0.18543284752224E-05
 0.11822726747913E-06
 0.15773220978977E-05
-0.20670757672864E-06
-0.22109773055789E-07
 0.33855700738585E-05
 0.31270251096400E-05
 0.24712625681853E-05
 0.39640971924365E-05
 0.58415166906044E-05
 0.65654529350215E-05
 0.72885379745155E-05
 0.84952394913208E-05
 0.10334435985246E-04
 0.13290112698106E-04
 0.14780474195338E-04
 0.17819014633710E-04
 0.20169647884953E-04
 0.23999425408912E-04
 0.27959576112177E-04
 0.31293132397210E-04
 0.36000617104585E-04
 0.41922013966011E-04
 0.48018751595624E-04
 0.54578885887381E-04
 0.62964372181706E-04
 0.70117835431873E-04
 0.79725570681003E-04
 0.91379622202995E-04
 0.10286703790780E-03
 0.11367749578325E-03
 0.12751679764761E-03
 0.14037704902016E-03
 0.15836086571611E-03
 0.17634131789510E-03
 0.19160653833823E-03
 0.21388639373112E-03
 0.23578243678812E-03
 0.25891895829399E-03
 0.28661078194504E-03
 0.31294459205755E-03
 0.34364822804630E-03
 0.37296340972853E-03
 0.41039705133577E-03
 0.44435870819362E-03
 0.48453005045812E-03
 0.52746613406061E-03
 0.57774002107580E-03
 0.62362425490253E-03
 0.67617763435430E-03
 0.73220018750916E-03
 0.78751452096035E-03
 0.85034127009645E-03
 0.91877539122333E-03
 0.98666658061884E-03
 0.10696300920975E-02
 0.11513501424912E-02
 0.12358753227493E-02
 0.13219047774019E-02
 0.14176465099974E-02
 0.15200861423108E-02
 0.16217578165681E-02
 0.17439154092174E-02
 0.18695109340918E-02
 0.19933877193892E-02
 0.21215900197391E-02
 0.22680722489215E-02
 0.24173987268647E-02
 0.25741351749732E-02
 0.27487571181399E-02
 0.29246730197328E-02
 0.31087501597617E-02
 0.33056175086941E-02
 0.35203527368983E-02
 0.37321585095900E-02
 0.39589840661403E-02
 0.42053703306449E-02
 0.44561186711617E-02
 0.47352306796980E-02
 0.50151011956263E-02
 0.53190716994333E-02
 0.56224245234411E-02
 0.59426252145554E-02
 0.63027512382383E-02
 0.66832266435270E-02
 0.70440911846732E-02
 0.74374428921902E-02
 0.78849410568149E-02
 0.83349085792593E-02
 0.87763556114930E-02
 0.92602794929958E-02
 0.97516919281873E-02
 0.10286657338993E-01
 0.10868695204276E-01
 0.11421145706152E-01
 0.12047674414880E-01
 0.12714995595764E-01
 0.13370770326030E-01
 0.14073183283180E-01
 0.14832634053608E-01
 0.15610876708319E-01
 0.16364694314741E-01
 0.17219039187038E-01
 0.18071971426266E-01
 0.18986572226656E-01
 0.19957774133181E-01
 0.20917580029247E-01
 0.21905092981059E-01
 0.22915221578104E-01
 0.24023484257026E-01
 0.25088408961468E-01
 0.26220245616235E-01
 0.27361840967089E-01
 0.28503442577493E-01
 0.29635357946479E-01
 0.30805119267929E-01
 0.31845438571000E-01
 0.33076616849688E-01
 0.34175766700328E-01
 0.35109612670771E-01
 0.36193946651726E-01
 0.37071235662984E-01
 0.37877577830478E-01
 0.38720300353813E-01
 0.39379130566639E-01
 0.39994887536427E-01
 0.40504627553745E-01
 0.40866097622059E-01
 0.41190871853609E-01
 0.41482965076976E-01
 0.41642847093576E-01
 0.41747803068951E-01
 0.41708573578298E-01
 0.41672334198456E-01
 0.41625802680169E-01
 0.41419339612555E-01
 0.41065960075308E-01
 0.40966731971428E-01
 0.40678529426185E-01
 0.40287233306741E-01
 0.39813064804519E-01
 0.39355790575701E-01
 0.38803749050179E-01
 0.38333514680587E-01
 0.37953704922755E-01
 0.37456190033346E-01
 0.36831137383495E-01
 0.36153092128712E-01
 0.35480062986002E-01
 0.34579034412559E-01
 0.34107581082877E-01
 0.33629492719340E-01
 0.33037902412440E-01
 0.32322693392976E-01
 0.31627062889661E-01
 0.31002141354526E-01
 0.30329104473384E-01
 0.29770871265561E-01
 0.29098979565296E-01
 0.28610390499674E-01
 0.27998458200900E-01
 0.27456308717191E-01
 0.26835442390018E-01
 0.26403344544942E-01
 0.25856442699167E-01
 0.25418584703386E-01
 0.24876774211613E-01
 0.24455563368191E-01
 0.24022888109250E-01
 0.23614691743566E-01
 0.23203295338118E-01
 0.22806192059229E-01
 0.22410509701499E-01
 0.22081585674338E-01
 0.21740882102006E-01
 0.21424690370435E-01
 0.21072344451868E-01
 0.20764137126637E-01
 0.20465641523644E-01
 0.20192852236977E-01
 0.19960510608963E-01
 0.19691754273133E-01
 0.19411841889375E-01
 0.19172247987376E-01
 0.18923530198532E-01
 0.18694203474514E-01
 0.18478869378686E-01
 0.18279507041009E-01
 0.18073364975340E-01
 0.17860330890344E-01
 0.17667213698922E-01
 0.17479206654994E-01
 0.17289050130270E-01
 0.17122641612758E-01
 0.16946021096920E-01
 0.16778494081116E-01
 0.16621997396539E-01
 0.16460390609497E-01
 0.16304490585484E-01
 0.16152675824838E-01
 0.15984601599128E-01
 0.15875374743087E-01
 0.15709294636641E-01
 0.15587123586470E-01
 0.15482563210927E-01
 0.15325313739291E-01
 0.15208779804826E-01
 0.15072426677845E-01
 0.14975032685116E-01
 0.14857782069767E-01
 0.14732071047712E-01
 0.14608018443708E-01
 0.14517965964849E-01
 0.14378658857420E-01
 0.14287435856325E-01
 0.14197403223302E-01
 0.14072342649503E-01
 0.14003730671963E-01
 0.13896025925343E-01
 0.13797267688573E-01
 0.13726084321503E-01
 0.13585646038196E-01
 0.13512150205786E-01
 0.13423736418638E-01
 0.13300825573763E-01
 0.13257637026885E-01
 0.13140895738256E-01
 0.13035002388954E-01
 0.13066301686230E-01
 0.12929759797233E-01
 0.12790486312413E-01
 0.12793908451915E-01
 0.12645024186447E-01
 0.12616780148811E-01
 0.12556560794455E-01
 0.12470169699992E-01
 0.12387684771984E-01
 0.12312806088885E-01
 0.12283798571930E-01
 0.12209737718846E-01
 0.12146904849435E-01
 0.12084248319942E-01
 0.11979849031203E-01
 0.11925806353399E-01
 0.11843073853625E-01
 0.11844592495381E-01
 0.11635981424945E-01
 0.11614758119685E-01
 0.11648875923186E-01
 0.11501589535000E-01
 0.11525292055016E-01
 0.11416400727964E-01
