 0.00000000000000E+00
 0.00000000000000E+00
 0.00000000000000E+00
-0.13151423261437E-08
 0.00000000000000E+00
 0.28575932024851E-08
 0.68709476631182E-07
 0.64705002446271E-06
 0.36417483046737E-05
 0.14331899593982E-04
 0.43546456470753E-04
 0.10908807681090E-03
 0.23574424959661E-03
 0.45387434147111E-03
 0.79704532773251E-03
 0.12993413928931E-02
 0.19928717567378E-02
 0.29057988837435E-02
 0.40610176573109E-02
 0.54770140748215E-02
 0.71610150959323E-02
 0.91201118874616E-02
 0.11353484321565E-01
 0.13856485035895E-01
 0.16620680890321E-01
 0.19633716500473E-01
 0.22881349392418E-01
 0.26347474233150E-01
 0.30014590231777E-01
 0.33864582096829E-01
 0.37879821344214E-01
 0.42042422374640E-01
 0.46334540436091E-01
 0.50739274202141E-01
 0.55239938242807E-01
 0.59821372352622E-01
 0.64468858678736E-01
 0.69168708254997E-01
 0.73908189462980E-01
 0.78675386778417E-01
 0.83459419616440E-01
 0.88250090901047E-01
 0.93038265791677E-01
 0.97815457426145E-01
 0.10257384318122E+00
 0.10730646684901E+00
 0.11200682265365E+00
 0.11666906135468E+00
 0.12128786550368E+00
 0.12585846259759E+00
 0.13037646522814E+00
 0.13483794840546E+00
 0.13923934852485E+00
 0.14357741843787E+00
 0.14784926138824E+00
 0.15205225366784E+00
 0.15618404675192E+00
 0.16024251828392E+00
 0.16422580593704E+00
 0.16813223969621E+00
 0.17196034876666E+00
 0.17570884057910E+00
 0.17937659961971E+00
 0.18296267385958E+00
 0.18646625857514E+00
 0.18988669303452E+00
 0.19322346262233E+00
 0.19647617395762E+00
 0.19964457510590E+00
 0.20272851803382E+00
 0.20572798019302E+00
 0.20864305015708E+00
 0.21147392304696E+00
 0.21422089823884E+00
 0.21688437454601E+00
 0.21946484797065E+00
 0.22196290664902E+00
 0.22437922310824E+00
 0.22671443993919E+00
 0.22896963748004E+00
 0.23114563031258E+00
 0.23324341739273E+00
 0.23526407330113E+00
 0.23720873856765E+00
 0.23907862002307E+00
 0.24087498446902E+00
 0.24259915967236E+00
 0.24425252911725E+00
 0.24583652546908E+00
 0.24735263005210E+00
 0.24880236748788E+00
 0.25018731045632E+00
 0.25150906292895E+00
 0.25276926550858E+00
 0.25396959181193E+00
 0.25511173785691E+00
 0.25619743551732E+00
 0.25722842813098E+00
 0.25820647739742E+00
 0.25913336816554E+00
 0.26001088708158E+00
 0.26084083099645E+00
 0.26162499563186E+00
 0.26236518808337E+00
 0.26306322462528E+00
 0.26372059181198E+00
 0.26433952381511E+00
 0.26492157120656E+00
 0.26546844909412E+00
 0.26598183753696E+00
 0.26646339150131E+00
 0.26691468846903E+00
 0.26733726799973E+00
 0.26773257377906E+00
 0.26810195409757E+00
 0.26844667061994E+00
 0.26876781382193E+00
 0.26906634688693E+00
 0.26934297581154E+00
 0.26959799554372E+00
 0.26983200979221E+00
 0.27004467784009E+00
 0.27023534105391E+00
 0.27040281436681E+00
 0.27054519452444E+00
 0.27065962823465E+00
 0.27074183519125E+00
 0.27078678854226E+00
 0.27078684476303E+00
 0.27073198960746E+00
 0.27060883722877E+00
 0.27039907421238E+00
 0.27007954947042E+00
 0.26961813211497E+00
 0.26897253556020E+00
 0.26808920903821E+00
 0.26690088503406E+00
 0.26533628294454E+00
 0.26334431810329E+00
 0.26094825474050E+00
 0.25832185721067E+00
 0.25579265518783E+00
 0.25371779690431E+00
 0.25232822947657E+00
 0.25169511392795E+00
 0.25178554092792E+00
 0.25252714088287E+00
 0.25383886858293E+00
 0.25565026324808E+00
 0.25790083991206E+00
 0.26054368328197E+00
 0.26354195870708E+00
 0.26686779917768E+00
 0.27049889054208E+00
 0.27442006252245E+00
 0.27861991946359E+00
 0.28309052467703E+00
 0.28782663352363E+00
 0.29282534743858E+00
 0.29808405168538E+00
 0.30360251154897E+00
 0.30938072128773E+00
 0.31541888236230E+00
 0.32171739243751E+00
 0.32827642778449E+00
 0.33509597427298E+00
 0.34217550199221E+00
 0.34951407681246E+00
 0.35711009873857E+00
 0.36496145494395E+00
 0.37306537117599E+00
 0.38141847163776E+00
 0.39001683886272E+00
 0.39885592824670E+00
 0.40793105424670E+00
 0.41723610705783E+00
 0.42676553450846E+00
 0.43651310815818E+00
 0.44647229288245E+00
 0.45663624923683E+00
 0.46699797641963E+00
 0.47755030063598E+00
 0.48828594365497E+00
 0.49919750537262E+00
 0.51027759046058E+00
 0.52151877861392E+00
 0.53291368327089E+00
 0.54445492857049E+00
 0.55613524704417E+00
 0.56794744694686E+00
 0.57988445544959E+00
 0.59193928825342E+00
 0.60410512795318E+00
 0.61637529122322E+00
 0.62874324488965E+00
 0.64120262871054E+00
 0.65374721312987E+00
 0.66637096902056E+00
 0.67906802642389E+00
 0.69183264199374E+00
 0.70465938902818E+00
 0.71754286372373E+00
 0.73047788798330E+00
 0.74345945347392E+00
 0.75648272091301E+00
 0.76954301789742E+00
 0.78263583360724E+00
 0.79575682166179E+00
 0.80890179172913E+00
 0.82206670897954E+00
 0.83524768964351E+00
 0.84844099716006E+00
 0.86164304042884E+00
 0.87485036452609E+00
 0.88805965511806E+00
 0.90126772846878E+00
 0.91447152988117E+00
 0.92766813012479E+00
 0.94085472137937E+00
 0.95402861114150E+00
 0.96718722326363E+00
 0.98032809102682E+00
 0.99344885430699E+00
 0.10065472565164E+01
 0.10196211405936E+01
 0.10326684461451E+01
 0.10456872065527E+01
 0.10586755434923E+01
 0.10716316675863E+01
 0.10845538727636E+01
 0.10974405339831E+01
 0.11102901045130E+01
 0.11231011129633E+01
 0.11358721613778E+01
 0.11486019204208E+01
 0.11612891298009E+01
 0.11739325939475E+01
 0.11865311803847E+01
 0.11990838168243E+01
 0.12115894895250E+01
 0.12240472408736E+01
 0.12364561671174E+01
 0.12488154174432E+01
 0.12611241893147E+01
 0.12733817302995E+01
 0.12855873334739E+01
 0.12977403367580E+01
 0.13098401212412E+01
 0.13218861089543E+01
 0.13338777619300E+01
 0.13458145803032E+01
 0.13576961008854E+01
 0.13695218963551E+01
 0.13812915719445E+01
 0.13930047667257E+01
 0.14046611506581E+01
 0.14162604238200E+01
 0.14278023151572E+01
 0.14392865812122E+01
 0.14507130053109E+01
 0.14620813961682E+01
 0.14733915870756E+01
 0.14846434350601E+01
 0.14958368187996E+01
 0.15069716394831E+01
 0.15180478187118E+01
 0.15290652978906E+01
 0.15400240374848E+01
 0.15509240160902E+01
 0.15617652297958E+01
 0.15725476913597E+01
 0.15832714294779E+01
 0.15939364881138E+01
 0.16045429261050E+01
 0.16150908154580E+01
 0.16255802422798E+01
 0.16360113051615E+01
 0.16463841148692E+01
 0.16566987937112E+01
 0.16669554750984E+01
 0.16771543029809E+01
 0.16872954313484E+01
 0.16973790237975E+01
 0.17074052529724E+01
 0.17173743002051E+01
 0.17272863551338E+01
 0.17371416150638E+01
 0.17469402846910E+01
 0.17566825759769E+01
 0.17663687074349E+01
 0.17759989673011E+01
 0.17855734582788E+01
 0.17950924816184E+01
 0.18045562789356E+01
 0.18139650973420E+01
 0.18233191882589E+01
 0.18326188076920E+01
 0.18418642157999E+01
 0.18510556766844E+01
 0.18601934583203E+01
