 0.00000000000000E+00
 0.00000000000000E+00
 0.00000000000000E+00
-0.40768318403702E-25
 0.00000000000000E+00
-0.10857979100445E-25
 0.38947412753718E-23
 0.10976113913058E-21
-0.15813078185039E-22
-0.30740623991716E-21
 0.11086025181085E-19
 0.15085676588528E-19
 0.12089166649451E-19
 0.28679299350872E-20
-0.81610663989861E-20
 0.73008981980327E-19
 0.46451942298902E-18
 0.80962960307401E-18
 0.41304212087427E-18
-0.97583036799305E-18
 0.21753779655773E-18
 0.21048666477153E-17
-0.91069256485298E-18
 0.32061332281731E-17
-0.38035979040431E-17
-0.34960078962559E-17
 0.24564761882897E-17
 0.43133666223712E-17
 0.44605907102276E-17
 0.77600082788073E-17
-0.41246621127373E-12
-0.22415940052264E-13
-0.70184998647695E-12
 0.22185847449017E-12
-0.14301125900518E-11
 0.30136875100408E-12
 0.20616848031775E-12
 0.41914266121244E-12
-0.84872118836611E-13
 0.25194303224834E-13
-0.42923335186760E-12
-0.23087112318435E-12
-0.18856578891460E-13
 0.10117663542163E-12
-0.79132310793109E-12
-0.34735470228156E-13
-0.24479282483387E-12
 0.17347629084336E-12
-0.13408860315972E-12
 0.28243893447845E-12
-0.17177017495572E-12
-0.82691017458537E-13
-0.99884606611783E-13
-0.21587185212532E-12
-0.25759670519931E-12
-0.16363701551672E-12
 0.15905062377579E-12
 0.15949618557617E-12
-0.14646413373560E-12
 0.55537782327710E-14
-0.68444931238396E-13
-0.12319767287022E-12
-0.51392289260380E-13
-0.50092953456966E-13
-0.55751790211220E-13
-0.11441561070851E-13
 0.71674334352317E-13
-0.12424117217536E-12
 0.24126962789125E-13
 0.26636650440331E-13
-0.18509370008587E-13
-0.67934616635962E-13
 0.48054721229463E-13
 0.19233545999718E-13
-0.16797146781666E-13
 0.51964737440053E-13
 0.49116787903163E-13
-0.73437103661016E-13
-0.64834008377882E-13
 0.32435342296130E-15
 0.14568541447350E-13
 0.13330938863887E-12
 0.80586759005305E-13
-0.32914338770371E-13
 0.59551887633212E-13
 0.74360866761755E-13
-0.40081240526592E-13
 0.13680024997430E-13
-0.32637301867688E-13
 0.44035460312805E-13
 0.48726362540401E-13
 0.63551107623835E-13
 0.16265595134661E-13
 0.20962904310660E-13
-0.20307861687086E-14
 0.19637857489217E-13
-0.20370352593836E-13
-0.27269026193658E-13
 0.63996095510282E-14
 0.43631780702650E-13
 0.42120314655824E-13
-0.39882717399179E-13
 0.22417022956444E-13
 0.21009975847611E-13
 0.21527401123163E-14
 0.77633081049485E-14
 0.24370800069653E-13
 0.11437353132677E-13
-0.35794487174342E-13
 0.41507357280097E-14
-0.18870392757796E-13
-0.32559860930880E-13
 0.10494295659189E-14
 0.21011993213131E-13
-0.18962963819642E-13
-0.58105306662058E-13
 0.26137246547254E-13
 0.11104404618582E-13
-0.87211868785876E-14
-0.14168581269675E-13
-0.22698275233254E-13
-0.24126025956554E-13
-0.21697636982588E-13
 0.30780753706818E-13
 0.27267886615473E-13
-0.38281495742686E-14
 0.37126487297034E-13
 0.39780826695200E-13
 0.66193687243081E-14
 0.17067142838265E-13
-0.48855867136208E-14
 0.12094544487249E-13
-0.37916071055055E-14
 0.19178088793634E-13
 0.32851536915522E-13
-0.15788893451272E-13
 0.23802311525600E-13
 0.76990256063164E-14
-0.12782078702450E-13
-0.20581567667359E-13
-0.34794667923750E-14
-0.21015231779310E-13
-0.20583072510857E-13
-0.40745570535162E-13
-0.72216157388116E-14
-0.63954527329415E-14
 0.63047857005190E-13
-0.24339752097579E-13
-0.10556973009245E-13
-0.46865751020522E-13
 0.48366301348532E-14
 0.54542413993150E-13
 0.15031150296412E-13
 0.37546473222078E-13
-0.62046243692485E-16
-0.15204693032246E-11
 0.96082609068902E-14
-0.48054573695921E-12
-0.31482507804877E-11
 0.71772764263474E-13
-0.39981223533950E-13
-0.74771981177422E-12
-0.73933178653101E-12
 0.14152020982267E-11
 0.16098369222089E-10
-0.64297669662667E-12
 0.22896716639007E-12
-0.34446152918612E-12
 0.18687890636884E-12
 0.47062384123494E-13
 0.10458973227306E-12
-0.14432371654227E-12
 0.18155751268093E-12
-0.23435339056060E-11
-0.15690242031650E-12
 0.22820424970265E-12
-0.43377583847741E-12
 0.67036251339101E-12
 0.46040861648480E-16
 0.57957808339728E-12
-0.41733759212194E-12
 0.31660774653197E-12
-0.36322592729552E-12
 0.53102317876111E-13
-0.44618014628492E-12
-0.54116060760227E-12
 0.28121067401761E-11
-0.14972083789652E-13
-0.41563046182340E-12
-0.11505221734949E-12
-0.78818692865233E-12
 0.56526810305937E-12
-0.12262583828342E-12
 0.25555091045729E-10
-0.29250073594593E-12
-0.98381543838686E-12
 0.98740478242155E-12
-0.67227792027744E-12
-0.70540196943119E-12
-0.40671833707276E-12
-0.19128296691112E-12
 0.45724448824891E-12
 0.52542564627477E-12
 0.10811645597937E-12
-0.20090026997662E-12
 0.43134928457877E-11
-0.72070806168768E-12
-0.41022271277877E-13
-0.62933610774441E-12
 0.55229901954393E-13
-0.70884060615028E-12
 0.88905639984560E-13
-0.28462499470993E-11
 0.92167159533735E-12
-0.77185068285786E-13
 0.69583127099971E-12
 0.11904040881692E-11
-0.28209942789185E-12
 0.28212427470183E-12
 0.17865212955688E-12
-0.11115418163358E-11
 0.61020001930662E-12
-0.11013801440426E-10
 0.92808672236136E-12
-0.18559683555076E-12
-0.18222901192610E-12
 0.64471527602985E-12
-0.45429126829384E-11
-0.77487560502148E-13
 0.35961809498309E-13
-0.13855959564797E-12
-0.87842578063576E-12
-0.77823485245589E-12
 0.80782794414293E-12
-0.19497244804632E-11
-0.59464563855275E-12
 0.10235059362712E-11
 0.48395976506714E-12
 0.52982515748388E-12
-0.12693367880451E-11
 0.50007097334214E-11
 0.13752555645532E-11
-0.16351248652341E-11
 0.10327338773371E-11
 0.99895188061162E-12
 0.93832413356135E-12
 0.10960367177162E-11
 0.26492222599814E-11
 0.25351604045948E-11
 0.92423855264388E-11
-0.62362779611356E-12
-0.39776454154017E-12
-0.45444145422165E-12
 0.11311976598315E-12
 0.51243766285907E-12
-0.10913875706028E-11
-0.42331497098276E-12
 0.97606858680391E-13
 0.11313524963908E-10
 0.47931027411772E-11
-0.20588250322925E-11
-0.49333046905382E-13
 0.11433655659619E-11
-0.43599200417993E-12
 0.51938985272735E-12
 0.41983367631877E-12
-0.34671271101112E-12
-0.54878416602327E-12
 0.17476017690059E-11
-0.77665795818821E-12
 0.22473066137181E-09
 0.34691607318905E-11
-0.17183661153296E-11
 0.11471321381549E-11
-0.67787264090847E-12
-0.23461304784012E-13
 0.14963030167957E-11
-0.82921277490085E-12
 0.51538627819655E-12
 0.70696662474927E-12
-0.31432929945074E-12
 0.16183347409273E-11
 0.34690422159395E-12
-0.12810645513830E-11
-0.41735596610544E-12
-0.62584279613379E-11
-0.11460963714134E-11
 0.52308203953442E-12
-0.25253412520916E-12
 0.95256034887653E-12
 0.14196258153278E-12
-0.14712723103045E-12
-0.52909080142851E-13
-0.16226705150277E-12
-0.34370903624439E-12
 0.11414279728705E-11
 0.34673016826735E-13
-0.19036078287445E-11
 0.11403687006352E-12
-0.11304113034132E-11
