 0.00000000000000E+00
 0.00000000000000E+00
 0.00000000000000E+00
-0.21782191873403E-24
 0.00000000000000E+00
 0.11101197832295E-23
 0.33916632337799E-22
 0.48872788924330E-21
 0.31498265870045E-10
-0.22635205745630E-11
 0.17032607935783E-10
-0.26035113536323E-10
-0.29162575584727E-10
-0.23877450679684E-10
-0.65037840472947E-11
-0.37475050971624E-10
 0.31117841808752E-10
-0.28821846873745E-11
 0.12933637720685E-10
-0.84038775961940E-11
-0.36584110423993E-11
-0.85105053560209E-11
 0.15034227378711E-10
-0.34679992077866E-11
-0.22836686934324E-10
-0.13224378641955E-12
-0.28309681940231E-12
-0.46572211612821E-11
-0.38856199068511E-13
-0.33621120562838E-07
 0.37139821136108E-08
 0.34747515987554E-07
 0.78983382551549E-07
-0.12414264312524E-06
 0.17698004135039E-06
-0.98066773231279E-09
-0.11609359511533E-08
-0.22813707178016E-08
 0.95376692300105E-07
-0.72350812509214E-09
 0.40021490899682E-07
 0.20512993157441E-08
 0.28989948227315E-08
 0.73495428086304E-10
 0.92557250077561E-07
-0.17156547496314E-07
 0.48815114241750E-07
 0.29545178092973E-07
 0.52147612860103E-07
 0.16210904296227E-06
 0.14614218209865E-06
 0.20537776473442E-06
 0.21166282358101E-06
 0.29972885036029E-06
 0.33787789622917E-06
 0.41599638778823E-06
 0.48193829926175E-06
 0.67365197091243E-06
 0.83570493504233E-06
 0.11074040677017E-05
 0.13386461245567E-05
 0.16337567217700E-05
 0.21057020876921E-05
 0.24675411849859E-05
 0.29908974880691E-05
 0.36956431342229E-05
 0.42376744062651E-05
 0.52736152494600E-05
 0.62035497931047E-05
 0.73335259089681E-05
 0.86531264965172E-05
 0.10161652662763E-04
 0.11876496962495E-04
 0.13787931929839E-04
 0.15969926070734E-04
 0.18438983568218E-04
 0.21211539296671E-04
 0.25009840051643E-04
 0.27831002518317E-04
 0.31681107859985E-04
 0.35933848978619E-04
 0.40665682664357E-04
 0.45927813024733E-04
 0.51730315826312E-04
 0.58091974567921E-04
 0.65158860475870E-04
 0.72806261495418E-04
 0.81160746524227E-04
 0.90248216686952E-04
 0.10016032024376E-03
 0.11095768355934E-03
 0.12259866285309E-03
 0.13522552850159E-03
 0.14888900055403E-03
 0.16341649324143E-03
 0.17939725490469E-03
 0.19639934490793E-03
 0.21464891376536E-03
 0.23412703989494E-03
 0.25488391732560E-03
 0.27707027931766E-03
 0.30068080031275E-03
 0.32576996954262E-03
 0.35237123503623E-03
 0.36294173648159E-03
 0.40930604879125E-03
 0.44073739489083E-03
 0.47320561776502E-03
 0.50727118567850E-03
 0.54228639902956E-03
 0.57858487846371E-03
 0.61589769921002E-03
 0.65392026607443E-03
 0.69238859654528E-03
 0.73097876155644E-03
 0.76882875811946E-03
 0.80534423917473E-03
 0.83996056134614E-03
 0.88297691016472E-03
 0.89680272858385E-03
 0.91624784715519E-03
 0.92611535889546E-03
 0.92399239037485E-03
 0.90474762415693E-03
 0.86430715948333E-03
 0.79372007362745E-03
 0.68559177616190E-03
 0.52635960955501E-03
 0.30026987000006E-03
-0.15317621643043E-04
-0.43317911812923E-03
-0.10495740672677E-02
-0.18723251763964E-02
-0.30420912947005E-02
-0.45183788498318E-02
-0.66524333146231E-02
-0.93573374444349E-02
-0.12893259544284E-01
-0.16995383971850E-01
-0.20899165064780E-01
-0.23118532667568E-01
-0.22352688270277E-01
-0.18704544612242E-01
-0.13245536279156E-01
-0.71706279947947E-02
-0.12001898551390E-02
 0.43672199277811E-02
 0.94569435236257E-02
 0.14092001785614E-01
 0.18306309510336E-01
 0.22184631818045E-01
 0.25804743369665E-01
 0.29137082604842E-01
 0.32301786291753E-01
 0.35307037701072E-01
 0.38181225042811E-01
 0.40947181305713E-01
 0.43574285821664E-01
 0.46226528298118E-01
 0.48759607829071E-01
 0.51243102293099E-01
 0.53674327245129E-01
 0.56061887827901E-01
 0.58412696407308E-01
 0.60724533534163E-01
 0.62999091160275E-01
 0.65238896787672E-01
 0.67443810546612E-01
 0.69613916732200E-01
 0.71752681510247E-01
 0.73848951831219E-01
 0.75913287497647E-01
 0.77941628327209E-01
 0.79933915917694E-01
 0.81889273196664E-01
 0.83808666453918E-01
 0.85691471055856E-01
 0.87537687668560E-01
 0.89347635738208E-01
 0.91121399235205E-01
 0.92859414474293E-01
 0.94562082036647E-01
 0.96229868015901E-01
 0.97863316105176E-01
 0.99463078393192E-01
 0.10102920681469E+00
 0.10256396205582E+00
 0.10406651320057E+00
 0.10553804532925E+00
 0.10697931131848E+00
 0.10839101136111E+00
 0.10977393792041E+00
 0.11112879212658E+00
 0.11245630197882E+00
 0.11375817206129E+00
 0.11503222853720E+00
 0.11628202618128E+00
 0.11750733041590E+00
 0.11870878828626E+00
 0.11988708644604E+00
 0.12104281738416E+00
 0.12217662146179E+00
 0.12328910942532E+00
 0.12438084806382E+00
 0.12545243913302E+00
 0.12650441030898E+00
 0.12753730357685E+00
 0.12855162927314E+00
 0.12954788107174E+00
 0.13052657531627E+00
 0.13148812503824E+00
 0.13243300835017E+00
 0.13336172488015E+00
 0.13427459758571E+00
 0.13517207357796E+00
 0.13605455589563E+00
 0.13692241361790E+00
 0.13777601825047E+00
 0.13861572792844E+00
 0.13944188300688E+00
 0.14025481096676E+00
 0.14105484588375E+00
 0.14184228175946E+00
 0.14261742647381E+00
 0.14338057738730E+00
 0.14413232995583E+00
 0.14487199523911E+00
 0.14560077861284E+00
 0.14631865092755E+00
 0.14702583078518E+00
 0.14772258556138E+00
 0.14840911713071E+00
 0.14908566276397E+00
 0.14975243770431E+00
 0.15040965712153E+00
 0.15105751973935E+00
 0.15169622743464E+00
 0.15232597830661E+00
 0.15294694677772E+00
 0.15355932616592E+00
 0.15416328617132E+00
 0.15475901450912E+00
 0.15534663602297E+00
 0.15592635723095E+00
 0.15649831669128E+00
 0.15706266624574E+00
 0.15761956282120E+00
 0.15816914480098E+00
 0.15871155393866E+00
 0.15924692980988E+00
 0.15977540382484E+00
 0.16029715869197E+00
 0.16081216917932E+00
 0.16132070749185E+00
 0.16182284650108E+00
 0.16231870331945E+00
 0.16280839299884E+00
 0.16329202545560E+00
 0.16376971181089E+00
 0.16424155362356E+00
 0.16470766074448E+00
 0.16516813038116E+00
 0.16562306304714E+00
 0.16607255406281E+00
 0.16651669833376E+00
 0.16695558738579E+00
 0.16738931200375E+00
 0.16781795870978E+00
 0.16824161653916E+00
 0.16866036557358E+00
 0.16907429387832E+00
 0.16948346819585E+00
 0.16988798089944E+00
 0.17028790112279E+00
 0.17068331323784E+00
 0.17107427735477E+00
 0.17146087876278E+00
 0.17184317251111E+00
 0.17222124282231E+00
 0.17259514786527E+00
 0.17296495739676E+00
 0.17333073502781E+00
 0.17369254328078E+00
 0.17405044872075E+00
 0.17440450156446E+00
 0.17475486590428E+00
 0.17510131891207E+00
 0.17544418711116E+00
 0.17578344460827E+00
 0.17611914023386E+00
 0.17645133178069E+00
 0.17678007011724E+00
 0.17710536317534E+00
 0.17742739514781E+00
 0.17774608189614E+00
 0.17806151726419E+00
 0.17837374844088E+00
 0.17868282130399E+00
 0.17898881165321E+00
 0.17929168445836E+00
