 0.00000000000000E+00
 0.00000000000000E+00
 0.00000000000000E+00
 0.15056976778169E-25
 0.00000000000000E+00
-0.61541288264667E-25
-0.56197703234857E-23
-0.19914160479634E-21
-0.14755499516024E-21
-0.13279949564422E-21
-0.28223246347013E-19
-0.52332838283498E-19
-0.12857715270578E-18
-0.28195651646619E-18
-0.75548157522042E-18
-0.15959548276531E-17
-0.48084180258147E-17
-0.59095447661686E-17
-0.39762188169496E-17
 0.14505246244232E-17
-0.13584278228725E-16
-0.47911267897615E-16
-0.16397234884784E-16
-0.77965698562748E-16
 0.15859069227027E-16
-0.33845574569875E-16
-0.11246042767133E-15
-0.17130005088427E-15
-0.20340690135590E-15
-0.27979008311097E-15
 0.13380551250519E-10
 0.48415526300062E-11
 0.21683431372976E-10
-0.38014439223786E-11
 0.38654990377855E-10
 0.70842333301608E-12
-0.46814592399623E-11
-0.90348526997404E-11
-0.89304352850223E-11
-0.31661664695343E-12
 0.22529908857050E-10
 0.14664234794685E-10
-0.44708290363760E-11
-0.91919798196049E-11
 0.40506768732653E-10
 0.11066596411569E-10
 0.17077190590377E-10
-0.48150197141609E-11
 0.21320310620704E-10
-0.16873876368215E-10
 0.73555986145643E-11
 0.95371979178651E-11
 0.11722697011596E-10
 0.17693300234963E-10
 0.19484631086631E-10
 0.15534991633987E-10
-0.15166986774926E-10
-0.13919658449373E-10
 0.13508344759259E-10
 0.27008381700194E-12
-0.52709991314699E-11
 0.23393901429018E-10
-0.38353921758532E-11
 0.10180594107992E-10
 0.45131400006669E-12
 0.62304644994247E-11
-0.91767236857695E-11
 0.21275999397783E-11
-0.32840303544754E-11
-0.70719026735948E-11
-0.16851255310032E-11
 0.13404136884892E-10
-0.71917450672670E-11
-0.92600739318508E-11
 0.36483842909695E-11
-0.31347129882047E-11
-0.32278756802403E-12
 0.48114769627363E-11
 0.63583713861663E-11
-0.56739881628638E-11
 0.44577231459002E-11
-0.19249849552582E-10
-0.10928264171205E-10
 0.36544010855310E-12
-0.11493364627283E-10
-0.19182727138543E-10
 0.57758561174838E-11
-0.49511240513646E-12
 0.36137642514229E-12
-0.85520215614326E-11
-0.11282469145971E-10
-0.11773557727882E-10
-0.14314604676676E-11
-0.10087651896993E-10
 0.42506702908347E-12
-0.88955195456183E-11
 0.27238328234744E-11
 0.67634375408600E-11
-0.78417803156966E-12
-0.11861704957297E-10
-0.10170099011805E-10
 0.10249797594962E-10
-0.16793443675580E-11
-0.46026410892878E-11
 0.50209113237076E-12
-0.15006576747381E-11
-0.69352754469021E-11
-0.10176577050168E-10
 0.13052434847777E-10
-0.33869289328826E-11
 0.79143048890245E-11
 0.94895365478761E-11
-0.60657841917780E-11
-0.54757694771583E-11
 0.12119662825699E-10
 0.17148644972940E-10
-0.33887693507117E-11
-0.61528206007805E-11
 0.23172924803765E-11
 0.34479627893703E-11
 0.10417492351116E-10
 0.31154745178291E-11
 0.62479160224114E-11
-0.10126486108152E-10
-0.91626689964325E-11
-0.68529844012532E-13
-0.16066280590992E-10
-0.15551480645336E-10
-0.14928598535029E-11
-0.40352422730014E-11
 0.13987114419305E-11
-0.13665102381766E-11
 0.72725683810119E-12
-0.99270776203599E-11
-0.14672344388779E-10
 0.16210562629350E-11
-0.11373274039859E-10
-0.41847761547186E-11
 0.25452339583763E-11
 0.77633625125396E-11
-0.37451566441301E-11
 0.64702125912931E-11
 0.11827300531092E-10
 0.16718295546774E-10
 0.37729614012385E-11
 0.28713806553229E-11
-0.30708555422363E-10
 0.31730014461069E-11
 0.63204255272614E-11
 0.37879927862205E-10
 0.90969526941098E-12
-0.32312599072064E-10
-0.15338258708248E-10
-0.30909417350483E-10
-0.20351355842615E-11
 0.10950576258023E-08
 0.65392680464393E-12
 0.49834129008742E-09
 0.16197875735732E-08
-0.36327387389672E-10
 0.16449786761264E-10
 0.69860678214693E-09
 0.74940408041417E-09
-0.12572261298959E-08
-0.10084822032403E-07
 0.43853167530263E-09
-0.27604479247508E-09
-0.32846417106626E-09
-0.14153488289375E-09
-0.15552074780222E-09
 0.69192972005783E-11
 0.15534094139946E-09
-0.42184263778766E-10
 0.81457213192797E-09
 0.95094174328526E-10
-0.11763870746042E-09
 0.36606048959162E-09
-0.68006770781138E-09
-0.25218757804957E-10
-0.49297527994593E-09
 0.42869096970811E-09
-0.25168685463394E-09
 0.39964650860805E-09
 0.48426298547608E-11
 0.68351846536219E-10
 0.48858245812953E-09
-0.47449929240999E-08
 0.16354637240919E-09
 0.46004105242756E-09
 0.11718591413665E-09
 0.81772868520799E-09
-0.39734420886884E-09
 0.27785564516700E-09
-0.36135017538716E-07
 0.17098734840805E-09
 0.98997907285061E-09
-0.92832862196979E-09
 0.58386375431352E-09
 0.51024343831775E-09
 0.28607198678861E-10
 0.29632098107564E-09
-0.10290118180492E-08
 0.11032762891047E-10
-0.57732824703096E-10
 0.77522024374096E-09
-0.46979495247272E-08
 0.98500331179509E-09
 0.36398226549177E-09
 0.82164742243837E-09
-0.71063813584173E-10
 0.85109099719636E-09
 0.10221212592559E-09
 0.42428587359133E-08
-0.11516843897298E-08
 0.24975993636925E-09
-0.74214928980419E-09
-0.17795528110377E-08
-0.23682950600695E-08
-0.72458628878570E-09
 0.53948887990665E-10
 0.11930558290394E-08
-0.73674153235383E-09
 0.14543847949327E-07
-0.13383765367099E-08
 0.12678257538846E-09
-0.29346267425042E-09
-0.98161622327034E-09
 0.93121436052669E-08
 0.63285829760897E-09
 0.26775954410596E-09
 0.62700589170982E-09
 0.11331559081287E-08
 0.17243055764385E-08
-0.44450903975514E-09
 0.29016300578349E-08
 0.41784130299245E-09
-0.96204994792438E-09
-0.72234020768364E-09
-0.11875140526397E-08
 0.19383901518044E-08
-0.67558675241649E-08
-0.25708841757161E-08
 0.19714389822723E-08
-0.18019935778855E-08
-0.12749374811097E-08
-0.10430290715703E-08
-0.16734738356701E-08
-0.45136261199634E-08
-0.46816212855555E-08
-0.14356073332576E-08
 0.81032360722804E-09
 0.18552801748140E-08
 0.49154477778839E-09
-0.55238513687166E-09
-0.10469945928076E-08
 0.14753359448256E-08
-0.10517090631773E-08
 0.24225719488585E-09
-0.13933908885228E-07
-0.76605400057174E-08
 0.32882031812906E-08
-0.40021651592920E-09
-0.15052549662243E-08
 0.14307248167822E-09
-0.65059907425842E-09
-0.87927436410245E-09
 0.10007361764387E-08
 0.46287896181985E-09
-0.38846002475916E-08
 0.28955053652215E-10
-0.27280482294547E-06
-0.64780180896352E-08
 0.32654570298988E-08
-0.15331605924362E-08
 0.15753351836058E-08
 0.50721553551315E-09
-0.29535301717787E-08
 0.17182027561449E-08
-0.11085929478516E-08
-0.97350302536252E-09
 0.16296735114129E-08
-0.42751193442913E-08
 0.12038894315256E-09
 0.20532230549405E-08
 0.59014229972870E-09
 0.13932863602239E-07
-0.48579670134649E-10
-0.50829779861014E-09
 0.91645066343919E-10
-0.10251790631619E-08
-0.76282727091445E-09
 0.46594933494328E-09
 0.11054915744540E-08
-0.21590403700013E-10
 0.75509616404221E-09
-0.22150204966831E-08
 0.38244842708651E-09
 0.27602310566431E-08
-0.84401967357679E-09
 0.21641254963935E-08
