 0.00000000000000E+00
 0.00000000000000E+00
 0.00000000000000E+00
 0.73399243808346E-25
 0.00000000000000E+00
-0.81342573015581E-24
-0.33707094206917E-22
-0.63780646658013E-21
-0.72120006995051E-10
-0.10039026404417E-11
-0.11679751455985E-10
 0.33539169905627E-10
 0.90782848953324E-10
 0.11132593894667E-09
 0.37617618871293E-10
 0.21113721520126E-09
-0.14916662222955E-09
-0.67715805640824E-11
-0.84841481769747E-10
 0.69486436004132E-10
 0.35700178414635E-10
 0.12760235955836E-09
-0.19109515664197E-09
 0.91982369432816E-12
 0.30935459194000E-09
 0.78082490937441E-11
 0.22258335174365E-11
 0.71288057212848E-10
-0.13738493512470E-10
 0.63360167891896E-06
-0.74889861068808E-07
-0.93447330716801E-06
-0.13457839284634E-05
 0.14076928636985E-05
-0.36162611987177E-05
-0.10634323780526E-08
-0.11572906634050E-08
-0.22628079177172E-08
-0.43100196430631E-05
 0.63204217723821E-10
-0.18637678198015E-05
 0.45132390650421E-08
 0.68672705522034E-08
-0.10835691095353E-07
-0.47501201874639E-05
 0.70275262084696E-07
-0.82354752848603E-06
 0.40465043442780E-07
 0.58831801252166E-07
 0.14059158661378E-06
 0.45874402673721E-05
 0.97369802790128E-06
 0.96529066594986E-06
-0.15444393232791E-05
-0.19430942629565E-06
 0.23936765293006E-05
 0.79077301642197E-06
 0.31134485422301E-05
 0.41938456778996E-05
 0.70191159221863E-06
 0.43240695691604E-06
 0.36496755183763E-05
-0.29315549314852E-05
 0.21289757221088E-05
 0.45761584386579E-05
-0.61935637851689E-05
 0.14389561198831E-04
 0.14961869217011E-05
 0.48766063801167E-05
 0.73580679735111E-05
 0.75345162322683E-05
 0.79111177446845E-05
 0.81013055517169E-05
 0.13097111084665E-04
 0.16460561664148E-04
 0.19151118455127E-04
 0.22022395470949E-04
-0.45263812039524E-06
 0.23556115747110E-04
 0.29856360114129E-04
 0.39103346277849E-04
 0.47634258483794E-04
 0.50669003688763E-04
 0.53754192891160E-04
 0.59560287086971E-04
 0.56761032520051E-04
 0.64545917690838E-04
 0.74826180049421E-04
 0.91042143020987E-04
 0.10218728317003E-03
 0.10844213055229E-03
 0.12666495638198E-03
 0.13886671214722E-03
 0.14887093316997E-03
 0.18423808242468E-03
 0.18258959841858E-03
 0.19673281311150E-03
 0.20863026694942E-03
 0.23171986481044E-03
 0.26467785516538E-03
 0.28691714029265E-03
 0.30731174513337E-03
 0.32264671456570E-03
 0.33458249799073E-03
 0.31484790508812E-02
 0.48365747753469E-03
 0.43586374070407E-03
 0.45992654373672E-03
 0.39486573173117E-03
 0.50646043804918E-03
 0.54981899303230E-03
 0.57497301781065E-03
 0.60887553331186E-03
 0.63584828897317E-03
 0.61534268138884E-03
 0.62504273998397E-03
 0.67357736735244E-03
 0.61009130207396E-03
-0.44410285411632E-02
 0.52658549443753E-03
 0.43858418554714E-03
 0.40995933475641E-03
 0.64280450580748E-04
-0.14209251921086E-03
-0.86098837115491E-03
-0.90027806299325E-03
-0.18952018067995E-02
-0.27885064438398E-02
-0.42499761301842E-02
-0.60129919564357E-02
-0.18758458649772E-01
-0.13215313983488E-01
-0.17657827777236E-01
-0.10549993593117E-01
-0.36694489294895E-01
-0.34079030608938E-01
-0.73241908450342E-01
-0.94063040765979E-01
-0.12448540754454E+00
-0.10067793166714E+00
-0.47289035621066E-01
 0.19220888950039E-01
 0.98210046364671E-01
 0.13659816240684E+00
 0.14727559337881E+00
 0.14714936580504E+00
 0.13930226685687E+00
 0.12980369397878E+00
 0.11378780981361E+00
 0.10988548342437E+00
 0.10281948725477E+00
 0.10113794911196E+00
 0.87615141110620E-01
 0.82143558746460E-01
 0.77431216772299E-01
 0.73341205673803E-01
 0.69777425077338E-01
 0.10290202290882E+00
 0.62150011661602E-01
 0.61447010652813E-01
 0.57950602889704E-01
 0.57253438358245E-01
 0.56438878576093E-01
 0.53780406573931E-01
 0.51541424945198E-01
 0.50827016690327E-01
 0.49507659172537E-01
 0.48242399880421E-01
 0.47060312248652E-01
 0.44146165318402E-01
 0.44871621473595E-01
 0.43887298971787E-01
 0.42924402421393E-01
 0.42024339994685E-01
 0.41122030583933E-01
 0.40293913704008E-01
 0.39498255892300E-01
 0.38773815714328E-01
 0.38013634592711E-01
 0.37322242429761E-01
 0.36655636244515E-01
 0.36029172571347E-01
 0.35432633344359E-01
 0.34859830315072E-01
 0.34308448192294E-01
 0.34393379170820E-01
 0.33285624711384E-01
 0.32817653232501E-01
 0.32365520876858E-01
 0.31923861322442E-01
 0.31521390527710E-01
 0.31126994771947E-01
 0.30748971937127E-01
 0.30398373535761E-01
 0.28968074853113E-01
 0.29707780010763E-01
 0.29409138628153E-01
 0.29106686546441E-01
 0.28813813996456E-01
 0.28545432750813E-01
 0.28282635667261E-01
 0.28020218541253E-01
 0.27773561827494E-01
 0.27543083164823E-01
 0.27318489994350E-01
 0.27102147684488E-01
 0.26896544519748E-01
 0.26692202024898E-01
 0.26511199653134E-01
 0.26308968045982E-01
 0.26147351177301E-01
 0.26114122745840E-01
 0.25798397035683E-01
 0.25646246095727E-01
 0.25498323483573E-01
 0.25341625963228E-01
 0.25200082763781E-01
 0.25059594105224E-01
 0.24923293101700E-01
 0.24790405692552E-01
 0.24667953873524E-01
 0.24536899866151E-01
 0.24425489799775E-01
 0.24312729474838E-01
 0.24199751895199E-01
 0.23829346108971E-01
 0.23977887698468E-01
 0.23889823860617E-01
 0.23787918824051E-01
 0.23697384717456E-01
 0.23598231464546E-01
 0.23502970455222E-01
 0.23414614256008E-01
 0.23327582514577E-01
 0.23242781563767E-01
 0.23161076794735E-01
 0.23080940769139E-01
 0.22997748401034E-01
 0.22924434514522E-01
 0.22849505970285E-01
 0.22775511762051E-01
 0.22701281426323E-01
 0.22634328585099E-01
 0.22566236795195E-01
 0.22498567504995E-01
 0.22433916339608E-01
 0.22369338995141E-01
 0.22306846567853E-01
 0.22243838709874E-01
 0.22185123857670E-01
 0.22126121955385E-01
 0.21959034312242E-01
 0.22009575392642E-01
 0.21955743725016E-01
 0.21901304119157E-01
 0.21848174793065E-01
 0.21795027855990E-01
 0.21743121926115E-01
 0.21689399712648E-01
 0.21643065086253E-01
 0.21593626077737E-01
 0.21545382862192E-01
 0.21497379204673E-01
 0.21451281602138E-01
 0.21405692078459E-01
 0.21360326380544E-01
 0.21316600361575E-01
 0.21273578192957E-01
 0.21229874043729E-01
 0.21187301097107E-01
 0.21138490330965E-01
 0.21105439928604E-01
 0.21064040017768E-01
 0.21027328976106E-01
 0.20981111141914E-01
 0.20943343043854E-01
 0.20902603042712E-01
 0.20872305865494E-01
 0.20834285588882E-01
 0.20797741910765E-01
 0.20760795324856E-01
 0.20726354370397E-01
 0.20691783198504E-01
 0.20653679025153E-01
 0.20622268546718E-01
 0.20460750363214E-01
 0.20550257154149E-01
 0.20523245306821E-01
 0.20490728146496E-01
 0.20464045751886E-01
 0.20428136276782E-01
 0.20397454503625E-01
 0.20392978329037E-01
 0.20336880948157E-01
 0.20307060979066E-01
 0.20275990005643E-01
 0.20246289064401E-01
 0.20222938638362E-01
 0.20132228774817E-01
 0.20159309896334E-01
