 0.23772315187774+251
 0.15418273550118+121
 0.61947511078015E+77
 0.12417037505959E+56
 0.11890896704895E+43
 0.24889292500956E+34
 0.15724715072571E+28
 0.35237963556356E+23
 0.85246674324269E+19
 0.10904636997889E+17
 0.46833592061411E+14
 0.49889942795725E+12
 0.10688996323743E+11
 0.39655157923963E+09
 0.22825088553776E+08
 0.18771897560744E+07
 0.20712599076033E+06
 0.29195595146511E+05
 0.50577790027020E+04
 0.10440572175510E+04
 0.25045609231968E+03
 0.68403787163617E+02
 0.20912971661396E+02
 0.70568279649435E+01
 0.25972439433598E+01
 0.10322107692949E+01
 0.43920249515186E+00
 0.19861877299163E+00
 0.94861920032058E-01
 0.47588548718378E-01
 0.38200936747627E+04
 0.20854977799680E+04
 0.11808922470383E+04
 0.15606183310135E+04
 0.94183305544257E+03
 0.93530234144040E+03
 0.73973769125085E+03
 0.59259425831018E+03
 0.48037217656593E+03
 0.39369857754216E+03
 0.32596866191644E+03
 0.27246237070341E+03
 0.22976142823403E+03
 0.19535918427294E+03
 0.16739597488408E+03
 0.14447718672253E+03
 0.12554600591591E+03
 0.10979371169478E+03
 0.96596051093625E+02
 0.85466806681548E+02
 0.76024289126149E+02
 0.67966485991601E+02
 0.61052723391386E+02
 0.55089870608961E+02
 0.49921941267873E+02
 0.45422164334621E+02
 0.41486868442695E+02
 0.38030847426581E+02
 0.34983648209840E+02
 0.32286718931356E+02
 0.29891208542360E+02
 0.27756102008766E+02
 0.25846863333956E+02
 0.24134248003583E+02
 0.22593413612119E+02
 0.21203166615228E+02
 0.19945366869092E+02
 0.18804407431946E+02
 0.17766844931262E+02
 0.16821035478255E+02
 0.15956872309369E+02
 0.15165557337652E+02
 0.14439402445593E+02
 0.13771675288446E+02
 0.13156461527195E+02
 0.12588547977409E+02
 0.12063331347446E+02
 0.11576738882413E+02
 0.11127420977809E+02
 0.10707704495185E+02
 0.10316907782422E+02
 0.99524638296843E+01
 0.96120747465954E+01
 0.92936743733803E+01
 0.89954058144231E+01
 0.87155912227811E+01
 0.84527166440114E+01
 0.82054122790547E+01
 0.79724311132377E+01
 0.77526429404724E+01
 0.75450148129079E+01
 0.73486051111564E+01
 0.71625516467424E+01
 0.69860637961940E+01
 0.68184135111006E+01
 0.66589305103762E+01
 0.65069979968662E+01
 0.63620423627692E+01
 0.62235303140819E+01
 0.60909690165406E+01
 0.59638952444451E+01
 0.58418766183035E+01
 0.57245060272096E+01
 0.56114018093478E+01
 0.55022001091772E+01
 0.53967146658502E+01
 0.52943174118488E+01
 0.51948385159422E+01
 0.50979735472055E+01
 0.50034282767136E+01
 0.49109188013559E+01
 0.48201642421224E+01
 0.47308911898123E+01
 0.46428261141307E+01
 0.45556958506869E+01
 0.44692287003783E+01
 0.43831463545048E+01
 0.42971685186818E+01
 0.42110034904490E+01
 0.41244007829168E+01
 0.40369602262361E+01
 0.39483951828522E+01
 0.38583568844474E+01
 0.37664761710498E+01
 0.36723568754016E+01
 0.35755665068320E+01
 0.34756561204672E+01
 0.33720837506704E+01
 0.32642999530601E+01
 0.31516843921001E+01
 0.30335518050839E+01
 0.29091551746394E+01
 0.27776695044720E+01
 0.26382415889450E+01
 0.24900366613731E+01
 0.23323805821811E+01
 0.21650565034664E+01
 0.19889084010578E+01
 0.18068417992542E+01
 0.16249553250413E+01
 0.14526339048412E+01
 0.12996428757379E+01
 0.11716495042248E+01
 0.10686089931102E+01
 0.98695250626807E+00
 0.92226477723239E+00
 0.87065662767829E+00
 0.82908718614791E+00
 0.79529008058198E+00
 0.76759234871634E+00
 0.74474120896805E+00
 0.72580728252760E+00
 0.71007537049676E+00
 0.69699415543904E+00
 0.68612878226697E+00
 0.67713223882887E+00
 0.66972369051795E+00
 0.66367197190006E+00
 0.65878779710781E+00
 0.65491112166776E+00
 0.65190540248576E+00
 0.64965737253758E+00
 0.64806611071932E+00
 0.64704829784555E+00
 0.64652776111948E+00
 0.64644209912146E+00
 0.64673270325479E+00
 0.64735241750524E+00
 0.64825550602122E+00
 0.64940504474581E+00
 0.65076863389729E+00
 0.65231438178366E+00
 0.65401879722323E+00
 0.65585638415411E+00
 0.65780798746181E+00
 0.65985809724869E+00
 0.66198792458835E+00
 0.66418524022783E+00
 0.66643951082138E+00
 0.66873726950903E+00
 0.67107083946554E+00
 0.67343217496945E+00
 0.67581574688171E+00
 0.67821234863615E+00
 0.68061822651264E+00
 0.68302872503582E+00
 0.68544138918016E+00
 0.68784950877052E+00
 0.69025170218120E+00
 0.69264537178296E+00
 0.69502995465014E+00
 0.69740013659112E+00
 0.69975601688873E+00
 0.70209621777746E+00
 0.70441957724859E+00
 0.70672688111979E+00
 0.70901373704899E+00
 0.71128133063937E+00
 0.71352912073288E+00
 0.71574372912206E+00
 0.71795108676397E+00
 0.72013765285410E+00
 0.72230326989827E+00
 0.72444784299988E+00
 0.72657133316485E+00
 0.72867375177135E+00
 0.73075514865390E+00
 0.73281561234390E+00
 0.73485526261726E+00
 0.73687424458952E+00
 0.73887272611289E+00
 0.74085089455194E+00
 0.74280895245305E+00
 0.74474711731104E+00
 0.74666561573211E+00
 0.74856468458784E+00
 0.75044456749377E+00
 0.75230551292783E+00
 0.75414777380645E+00
 0.75597160738017E+00
 0.75777727112467E+00
 0.75956502400576E+00
 0.76133512537550E+00
 0.76308783363404E+00
 0.76482340655290E+00
 0.76654210005736E+00
 0.76824416718447E+00
 0.76992986158613E+00
 0.77159943098371E+00
 0.77325312124852E+00
 0.77489117505438E+00
 0.77651383163068E+00
 0.77812132679724E+00
 0.77971389103453E+00
 0.78129175557450E+00
 0.78285514365391E+00
 0.78440427604515E+00
 0.78593936926739E+00
 0.78746063644409E+00
 0.78896828646712E+00
 0.79046252438348E+00
 0.79194355169074E+00
 0.79341156348991E+00
 0.79486675763023E+00
 0.79630932165111E+00
 0.79773944193658E+00
 0.79915730095289E+00
 0.80056307724913E+00
 0.80195694638379E+00
 0.80333908003287E+00
 0.80470964656809E+00
 0.80606881106731E+00
 0.80741673275049E+00
 0.80875357485673E+00
 0.81007949038590E+00
 0.81139463154285E+00
 0.81269914742807E+00
 0.81399318418965E+00
 0.81527688524790E+00
 0.81655039091316E+00
 0.81781383891868E+00
 0.81906736416652E+00
 0.82031109632001E+00
 0.82154517040747E+00
 0.82276971101156E+00
 0.82398484276991E+00
 0.82519068801120E+00
 0.82638736662286E+00
 0.82757499630521E+00
 0.82875369241099E+00
 0.82992356811717E+00
 0.83108473449569E+00
 0.83223730051453E+00
 0.83338137011016E+00
 0.83451705411239E+00
 0.83564445265453E+00
 0.83676366673961E+00
 0.83787479555143E+00
 0.83897793654564E+00
 0.84007318535004E+00
 0.84116063587470E+00
 0.84224038034642E+00
 0.84331250928758E+00
 0.84437711170717E+00
 0.84543427499356E+00
 0.84648408506869E+00
 0.84752662303021E+00
 0.84856197809456E+00
 0.84959022868810E+00
 0.85061145477653E+00
 0.85162562878173E+00
 0.85263304249431E+00
 0.85363366367613E+00
 0.85462756727473E+00
 0.85561482639675E+00
 0.85659551350490E+00
 0.85756969967584E+00
 0.85853745485964E+00
 0.85949884780246E+00
 0.86045394276061E+00
