 0.92306505013631E+02
 0.92306505013631E+02
 0.92306505013631E+02
 0.92306505013631E+02
 0.92306505013631E+02
 0.92306505013623E+02
 0.92306505013364E+02
 0.92306505009881E+02
 0.92306504983585E+02
 0.92306504851319E+02
 0.92306504356455E+02
 0.92306502873421E+02
 0.92306499125512E+02
 0.92306490838911E+02
 0.92306474371671E+02
 0.92306444366023E+02
 0.92306393423785E+02
 0.92306311925783E+02
 0.92306187854404E+02
 0.92306006779749E+02
 0.92305751870101E+02
 0.92305404022949E+02
 0.92304941996375E+02
 0.92304342635155E+02
 0.92303581068421E+02
 0.92302630949411E+02
 0.92301464717159E+02
 0.92300053800110E+02
 0.92298368850900E+02
 0.92296379975437E+02
 0.92294056697495E+02
 0.92291368869518E+02
 0.92288285845398E+02
 0.92284776572000E+02
 0.92280811955739E+02
 0.92276360440004E+02
 0.92271393658257E+02
 0.92265881954829E+02
 0.92259796565387E+02
 0.92253109211262E+02
 0.92245792089063E+02
 0.92237817911830E+02
 0.92229159844006E+02
 0.92219791517715E+02
 0.92209686976061E+02
 0.92198820604201E+02
 0.92187167106290E+02
 0.92174701411325E+02
 0.92161398602299E+02
 0.92147233806427E+02
 0.92132182128787E+02
 0.92116218523002E+02
 0.92099317666434E+02
 0.92081453856759E+02
 0.92062600856355E+02
 0.92042731754790E+02
 0.92021818816506E+02
 0.91999833305041E+02
 0.91976745323666E+02
 0.91952523628918E+02
 0.91927135430599E+02
 0.91900546205345E+02
 0.91872719468082E+02
 0.91843616567852E+02
 0.91813196437782E+02
 0.91781415361545E+02
 0.91748226739207E+02
 0.91713580793524E+02
 0.91677424299886E+02
 0.91639700317342E+02
 0.91600347845197E+02
 0.91559301623471E+02
 0.91516491648923E+02
 0.91471842924560E+02
 0.91425275080341E+02
 0.91376702012584E+02
 0.91326031390776E+02
 0.91273164537011E+02
 0.91217975498967E+02
 0.91160386675928E+02
 0.91100260319594E+02
 0.91037466392820E+02
 0.90971866207562E+02
 0.90903311029054E+02
 0.90831641899338E+02
 0.90756688938652E+02
 0.90678270179163E+02
 0.90596191889874E+02
 0.90510246275535E+02
 0.90420211295990E+02
 0.90325849213310E+02
 0.90226906962345E+02
 0.90123112594362E+02
 0.90014175450509E+02
 0.89899784432987E+02
 0.89779605483620E+02
 0.89653282536573E+02
 0.89520431725587E+02
 0.89380640819771E+02
 0.89233469281822E+02
 0.89078440953596E+02
 0.88915043842044E+02
 0.88742724703776E+02
 0.88560890236654E+02
 0.88368895510263E+02
 0.88165991762318E+02
 0.87951511459040E+02
 0.87724594599231E+02
 0.87484344864274E+02
 0.87229783476418E+02
 0.86959848031377E+02
 0.86673363453742E+02
 0.86369049625080E+02
 0.86045487579113E+02
 0.85701107828902E+02
 0.85334182079267E+02
 0.84942770913960E+02
 0.84524726597778E+02
 0.84077622435777E+02
 0.83598661301720E+02
 0.83084893912479E+02
 0.82532769458669E+02
 0.81938271617706E+02
 0.81296808954395E+02
 0.80603072990644E+02
 0.79850858060034E+02
 0.79032817791157E+02
 0.78140532130067E+02
 0.77163733536634E+02
 0.76090172336359E+02
 0.74905039378102E+02
 0.73590082560460E+02
 0.72123451570279E+02
 0.70477837477420E+02
 0.68619851110691E+02
 0.66510323471023E+02
 0.64104589223492E+02
 0.61360851615881E+02
 0.58258061468646E+02
 0.54830203634928E+02
 0.51204762989390E+02
 0.47590429107330E+02
 0.44192793329057E+02
 0.41130753240627E+02
 0.38430269915057E+02
 0.36063759354439E+02
 0.33985948816144E+02
 0.32150783279054E+02
 0.30518630517603E+02
 0.29056647908645E+02
 0.27738193475243E+02
 0.26542186001070E+02
 0.25451421663982E+02
 0.24451885696135E+02
 0.23532175823017E+02
 0.22682794738857E+02
 0.21895799578927E+02
 0.21164446014207E+02
 0.20483122468411E+02
 0.19846841563145E+02
 0.19251342659343E+02
 0.18693013378535E+02
 0.18168524137873E+02
 0.17675093231414E+02
 0.17210088987900E+02
 0.16771328165479E+02
 0.16356682163894E+02
 0.15964410924116E+02
 0.15592758172365E+02
 0.15240270865975E+02
 0.14905629560665E+02
 0.14587488455914E+02
 0.14284813229149E+02
 0.13996450465997E+02
 0.13721508095160E+02
 0.13459147872747E+02
 0.13208454654983E+02
 0.12968744018998E+02
 0.12739391064843E+02
 0.12519637404473E+02
 0.12308961843667E+02
 0.12106823326883E+02
 0.11912784591133E+02
 0.11726250952239E+02
 0.11546859304906E+02
 0.11374209546882E+02
 0.11207997727488E+02
 0.11047741461712E+02
 0.10893189162794E+02
 0.10744041570598E+02
 0.10600091190447E+02
 0.10460931872999E+02
 0.10326394196334E+02
 0.10196250851805E+02
 0.10070288949652E+02
 0.99483850176542E+01
 0.98301974871299E+01
 0.97156304801237E+01
 0.96045188473840E+01
 0.94961461815607E+01
 0.93915039117072E+01
 0.92898790588616E+01
 0.91911427842717E+01
 0.90951734388915E+01
 0.90018562331006E+01
 0.89110828759947E+01
 0.88227506344707E+01
 0.87367627334204E+01
 0.86530274254882E+01
 0.85714578074235E+01
 0.84919714951555E+01
 0.84144903306591E+01
 0.83389402022573E+01
 0.82652504477498E+01
 0.81933541551530E+01
 0.81231875797831E+01
 0.80546900453430E+01
 0.79878037613403E+01
 0.79224736931370E+01
 0.78586471986431E+01
 0.77962742044641E+01
 0.77353068437843E+01
 0.76756993847627E+01
 0.76174081121946E+01
 0.75603912118225E+01
 0.75046086695245E+01
 0.74500221848748E+01
 0.73965950197580E+01
 0.73442920129773E+01
 0.72930794270855E+01
 0.72429248930963E+01
 0.71937973407200E+01
 0.71456669305481E+01
 0.70985049831351E+01
 0.70522839613956E+01
 0.70069773568724E+01
 0.69625596743478E+01
 0.69190063776859E+01
 0.68762938391290E+01
 0.68343993011050E+01
 0.67933008333547E+01
 0.67529772933625E+01
 0.67134082544897E+01
 0.66745741235449E+01
 0.66364558828899E+01
 0.65990352044964E+01
 0.65622943893883E+01
 0.65262163398660E+01
 0.64907845300386E+01
 0.64559829853849E+01
 0.64217962566684E+01
 0.63882093991851E+01
 0.63552078858551E+01
 0.63227778490686E+01
 0.62909056726991E+01
 0.62595782290202E+01
 0.62287828008236E+01
 0.61985070646717E+01
 0.61687390742594E+01
 0.61394672475356E+01
 0.61106803505132E+01
 0.60823674857405E+01
 0.60545179884964E+01
 0.60271217726919E+01
 0.60001687883751E+01
 0.59736493575625E+01
 0.59475540817161E+01
 0.59218738302584E+01
 0.58965997301980E+01
 0.58717231577285E+01
 0.58472357291193E+01
 0.58231292913887E+01
 0.57993959156666E+01
 0.57760277764122E+01
 0.57530175903089E+01
 0.57303579472746E+01
 0.57080417348822E+01
 0.56860620317180E+01
 0.56644120978259E+01
 0.56430853690711E+01
 0.56220754512933E+01
 0.56013761144120E+01
 0.55809812877927E+01
 0.55608850543933E+01
 0.55410816464024E+01
 0.55215654401438E+01
 0.55023308197898E+01
 0.54833726979129E+01
 0.54646857336637E+01
 0.54462648328535E+01
 0.54281053014546E+01
 0.54102017402888E+01
 0.53925496990019E+01
 0.53751445588196E+01
 0.53579818117449E+01
 0.53410570543322E+01
 0.53243659864690E+01
 0.53079044077716E+01
 0.52916682150808E+01
 0.52756532475170E+01
