 0.64950792001037E+01
 0.64950792002958E+01
 0.64950792024656E+01
 0.64950792119406E+01
 0.64950792382522E+01
 0.64950792949161E+01
 0.64950793991762E+01
 0.64950795719539E+01
 0.64950798378175E+01
 0.64950802242477E+01
 0.64950807584735E+01
 0.64950814592517E+01
 0.64950823212184E+01
 0.64950832911155E+01
 0.64950842375002E+01
 0.64950849453359E+01
 0.64950849718218E+01
 0.64950838166277E+01
 0.64950807014174E+01
 0.64950747054068E+01
 0.64950646436106E+01
 0.64950491979600E+01
 0.64950268033037E+01
 0.64949957994802E+01
 0.64949543398094E+01
 0.64949004437413E+01
 0.64948321186204E+01
 0.64947472600319E+01
 0.64946437236190E+01
 0.64945194390320E+01
 0.64943722816670E+01
 0.64942002656631E+01
 0.64940014206057E+01
 0.64937738718776E+01
 0.64935159259760E+01
 0.64932259412754E+01
 0.64929024949106E+01
 0.64925442461949E+01
 0.64921500623650E+01
 0.64917189747547E+01
 0.64912501319088E+01
 0.64907429017237E+01
 0.64901967636352E+01
 0.64896113878762E+01
 0.64889865917090E+01
 0.64883223122440E+01
 0.64876186461195E+01
 0.64868758096882E+01
 0.64860941380175E+01
 0.64852740709445E+01
 0.64844161539991E+01
 0.64835210155307E+01
 0.64825893762382E+01
 0.64816220190798E+01
 0.64806197920107E+01
 0.64795835971882E+01
 0.64785143685780E+01
 0.64774131173212E+01
 0.64762808491796E+01
 0.64751186044400E+01
 0.64739274201720E+01
 0.64727084038274E+01
 0.64714626125695E+01
 0.64701911214293E+01
 0.64688950011256E+01
 0.64675752848653E+01
 0.64662330772553E+01
 0.64648693860061E+01
 0.64634852246294E+01
 0.64620815844614E+01
 0.64606593950627E+01
 0.64592196648484E+01
 0.64577632697635E+01
 0.64562910868587E+01
 0.64548039602662E+01
 0.64533026994762E+01
 0.64517880317912E+01
 0.64502607824142E+01
 0.64487215512815E+01
 0.64471710975326E+01
 0.64456099952806E+01
 0.64440387721604E+01
 0.64424580674747E+01
 0.64408683314151E+01
 0.64392700205652E+01
 0.64376635506622E+01
 0.64360492379450E+01
 0.64344275256835E+01
 0.64327986508732E+01
 0.64311628616824E+01
 0.64295203055690E+01
 0.64278712621170E+01
 0.64262157991595E+01
 0.64245539978956E+01
 0.64228858983985E+01
 0.64212114338031E+01
 0.64195306869357E+01
 0.64178435128372E+01
 0.64161497230866E+01
 0.64144492738157E+01
 0.64127418998649E+01
 0.64110273547174E+01
 0.64093052866259E+01
 0.64075754986025E+01
 0.64058375675177E+01
 0.64040909742308E+01
 0.64023354295664E+01
 0.64005705024395E+01
 0.63987956322544E+01
 0.63970102274836E+01
 0.63952138782939E+01
 0.63934058979908E+01
 0.63915858467991E+01
 0.63897531063865E+01
 0.63879070722965E+01
 0.63860473704676E+01
 0.63841734410453E+01
 0.63822850636504E+01
 0.63803819216160E+01
 0.63784639732916E+01
 0.63765316358960E+01
 0.63745855517491E+01
 0.63726267711311E+01
 0.63706572180042E+01
 0.63686797672971E+01
 0.63666984798054E+01
 0.63647192552944E+01
 0.63627508184848E+01
 0.63608051576376E+01
 0.63588993849828E+01
 0.63570578408920E+01
 0.63553151816402E+01
 0.63537217888284E+01
 0.63523504225494E+01
 0.63513076829503E+01
 0.63507501061424E+01
 0.63509049707163E+01
 0.63520903162905E+01
 0.63547089008313E+01
 0.63591613795323E+01
 0.63656214706407E+01
 0.63737947053197E+01
 0.63829626001711E+01
 0.63923427265361E+01
 0.64013777848178E+01
 0.64097778719248E+01
 0.64174368782965E+01
 0.64243512078901E+01
 0.64305621288594E+01
 0.64361308465344E+01
 0.64411210266879E+01
 0.64455940953062E+01
 0.64496066446544E+01
 0.64532095909096E+01
 0.64564476140318E+01
 0.64593603379973E+01
 0.64619826232934E+01
 0.64643452506850E+01
 0.64664749235663E+01
 0.64683957736089E+01
 0.64701288855073E+01
 0.64716927115929E+01
 0.64731040693202E+01
 0.64743775468340E+01
 0.64755265634022E+01
 0.64765627453661E+01
 0.64774969083611E+01
 0.64783383891601E+01
 0.64790959827528E+01
 0.64797773303329E+01
 0.64803893402960E+01
 0.64809385281056E+01
 0.64814304291526E+01
 0.64818704308190E+01
 0.64822631154418E+01
 0.64826127114690E+01
 0.64829232610294E+01
 0.64831981912192E+01
 0.64834406176475E+01
 0.64836536455934E+01
 0.64838398338365E+01
 0.64840016017489E+01
 0.64841410695464E+01
 0.64842604246313E+01
 0.64843614098164E+01
 0.64844457011783E+01
 0.64845147477463E+01
 0.64845701161117E+01
 0.64846129991425E+01
 0.64846445673712E+01
 0.64846658136539E+01
 0.64846778820196E+01
 0.64846815890793E+01
 0.64846777599147E+01
 0.64846671517759E+01
 0.64846503848058E+01
 0.64846282517285E+01
 0.64846012590320E+01
 0.64845699464897E+01
 0.64845348107237E+01
 0.64844962344328E+01
 0.64844547855199E+01
 0.64844107753699E+01
 0.64843645603116E+01
 0.64843164668287E+01
 0.64842667270698E+01
 0.64842157634134E+01
 0.64841637590254E+01
 0.64841109499358E+01
 0.64840575539751E+01
 0.64840037718870E+01
 0.64839497886487E+01
 0.64838957107195E+01
 0.64838418252480E+01
 0.64837882107888E+01
 0.64837349999976E+01
 0.64836823152623E+01
 0.64836302691098E+01
 0.64835789018164E+01
 0.64835284365182E+01
 0.64834788955326E+01
 0.64834303588555E+01
 0.64833828980725E+01
 0.64833365806139E+01
 0.64832914673488E+01
 0.64832476137054E+01
 0.64832050119221E+01
 0.64831638254667E+01
 0.64831240363987E+01
 0.64830856813923E+01
 0.64830487938547E+01
 0.64830134043072E+01
 0.64829795380083E+01
 0.64829471624297E+01
 0.64829164128604E+01
 0.64828872498861E+01
 0.64828596883363E+01
 0.64828337413541E+01
 0.64828094199252E+01
 0.64827867330106E+01
 0.64827656876864E+01
 0.64827462892692E+01
 0.64827284885892E+01
 0.64827123943823E+01
 0.64826979543241E+01
 0.64826851670628E+01
 0.64826740307455E+01
 0.64826645423762E+01
 0.64826566978843E+01
 0.64826504921979E+01
 0.64826459193216E+01
 0.64826429723875E+01
 0.64826415948633E+01
 0.64826418766082E+01
 0.64826437599307E+01
 0.64826472342262E+01
 0.64826522891465E+01
 0.64826589138030E+01
 0.64826670968021E+01
 0.64826768262811E+01
 0.64826880899524E+01
 0.64827008751301E+01
 0.64827151225694E+01
 0.64827309115041E+01
 0.64827481828206E+01
 0.64827669215606E+01
 0.64827871134986E+01
 0.64828087442059E+01
 0.64828317990526E+01
 0.64828562632280E+01
 0.64828821217576E+01
 0.64829093595367E+01
 0.64829379613272E+01
 0.64829678683978E+01
 0.64829991519872E+01
 0.64830317544726E+01
 0.64830656591229E+01
 0.64831008502913E+01
 0.64831373123271E+01
 0.64831750295569E+01
 0.64832139862934E+01
 0.64832541668515E+01
 0.64832955555495E+01
 0.64833381367236E+01
 0.64833818947365E+01
 0.64834268139826E+01
 0.64834728392635E+01
 0.64835200338894E+01
 0.64835683445436E+01
 0.64836177545174E+01
 0.64836682486533E+01
 0.64837198112482E+01
 0.64837724273502E+01
 0.64838260818642E+01
 0.64838807597797E+01
 0.64839364461793E+01
 0.64839931262408E+01
 0.64840507852416E+01
 0.64841094085601E+01
 0.64841689446196E+01
