 0.10940884206962E+00
 0.10940884206962E+00
 0.10940884206962E+00
 0.10940884206962E+00
 0.10940884206962E+00
 0.10940884206962E+00
 0.10940884206962E+00
 0.10940884206962E+00
 0.10940884206962E+00
 0.10940884206962E+00
 0.10940884206962E+00
 0.10940884206962E+00
 0.10940884206962E+00
 0.10940884206962E+00
 0.10940884206962E+00
 0.10940860966575E+00
 0.10940860966575E+00
 0.10940836095170E+00
 0.10940810315743E+00
 0.10940757740432E+00
 0.10940702338544E+00
 0.10940614034706E+00
 0.10940515375523E+00
 0.10940370379205E+00
 0.10940181375769E+00
 0.10939968022255E+00
 0.10939687317737E+00
 0.10939344199410E+00
 0.10938956608420E+00
 0.10938478678683E+00
 0.10937940208234E+00
 0.10937294666645E+00
 0.10936553087254E+00
 0.10935731057835E+00
 0.10934781794973E+00
 0.10933735942154E+00
 0.10932548320904E+00
 0.10931250424331E+00
 0.10929818436745E+00
 0.10928221282952E+00
 0.10926495298979E+00
 0.10924593406976E+00
 0.10922549153419E+00
 0.10920338008680E+00
 0.10917931128410E+00
 0.10915363916618E+00
 0.10912611561986E+00
 0.10909667534144E+00
 0.10906503082039E+00
 0.10903156090593E+00
 0.10899600525827E+00
 0.10895808162574E+00
 0.10891815007771E+00
 0.10887595460240E+00
 0.10883143009764E+00
 0.10878451432536E+00
 0.10873491594093E+00
 0.10868300786659E+00
 0.10862851316810E+00
 0.10857135633568E+00
 0.10851124238446E+00
 0.10844851806469E+00
 0.10838289631145E+00
 0.10831428575672E+00
 0.10824259247222E+00
 0.10816749763968E+00
 0.10808932064336E+00
 0.10800774320103E+00
 0.10792264162772E+00
 0.10783388620180E+00
 0.10774112209856E+00
 0.10764462168867E+00
 0.10754402267801E+00
 0.10743915294605E+00
 0.10732983022118E+00
 0.10721585946336E+00
 0.10709681008083E+00
 0.10697289128547E+00
 0.10684360808972E+00
 0.10670878632047E+00
 0.10656811539299E+00
 0.10642108362134E+00
 0.10626780758034E+00
 0.10610774692367E+00
 0.10594054539496E+00
 0.10576582440855E+00
 0.10558296034360E+00
 0.10539195030704E+00
 0.10519212737487E+00
 0.10498300076127E+00
 0.10476383633206E+00
 0.10453449060238E+00
 0.10429416946963E+00
 0.10404223928237E+00
 0.10377802520962E+00
 0.10350058872860E+00
 0.10320958504187E+00
 0.10290398717208E+00
 0.10258271215986E+00
 0.10224522009719E+00
 0.10189031409698E+00
 0.10151691875637E+00
 0.10112367532428E+00
 0.10070974797008E+00
 0.10027361532898E+00
 0.99813732667983E-01
 0.99328554560488E-01
 0.98816738226946E-01
 0.98276292923816E-01
 0.97705069702227E-01
 0.97101369671923E-01
 0.96462519643411E-01
 0.95786408528690E-01
 0.95070144602980E-01
 0.94310563708920E-01
 0.93504796919390E-01
 0.92648894706993E-01
 0.91739281271401E-01
 0.90771233816852E-01
 0.89740084048246E-01
 0.88640382669250E-01
 0.87466311578022E-01
 0.86210722085117E-01
 0.84866140105206E-01
 0.83424044859190E-01
 0.81874197109741E-01
 0.80205233822597E-01
 0.78404405257051E-01
 0.76456467485037E-01
 0.74343842150109E-01
 0.72046043095480E-01
 0.69538640940736E-01
 0.66794547955496E-01
 0.63781239803887E-01
 0.60462669099224E-01
 0.56802308383404E-01
 0.52767476675485E-01
 0.48347104735413E-01
 0.43581280789613E-01
 0.38603580642517E-01
 0.33667324766870E-01
 0.29082184151317E-01
 0.25077862129577E-01
 0.21723057176214E-01
 0.18964192486396E-01
 0.16700522039894E-01
 0.14831561484821E-01
 0.13273047968513E-01
 0.11959636937481E-01
 0.10841135842903E-01
 0.98796170423721E-02
 0.90460116153407E-02
 0.83177881862712E-02
 0.76772994143809E-02
 0.71106275914724E-02
 0.66065829173788E-02
 0.61560959868212E-02
 0.57517178661820E-02
 0.53873611213426E-02
 0.50578572742867E-02
 0.47588916056808E-02
 0.44868587530894E-02
 0.42386061597599E-02
 0.40115036438500E-02
 0.38032072858557E-02
 0.36117582899261E-02
 0.34353753409918E-02
 0.32725746392366E-02
 0.31219766566184E-02
 0.29824222872873E-02
 0.28528859626919E-02
 0.27324033884885E-02
 0.26201906792623E-02
 0.25154725791967E-02
 0.24176167550502E-02
 0.23260491851765E-02
 0.22402051106875E-02
 0.21596312380400E-02
 0.20839202914365E-02
 0.20126454065415E-02
 0.19454793049706E-02
 0.18821064118381E-02
 0.18222600002877E-02
 0.17656398939502E-02
 0.17120305602538E-02
 0.16612164173947E-02
 0.16130202995899E-02
 0.15672229013287E-02
 0.15236803093233E-02
 0.14822420324929E-02
 0.14427894811040E-02
 0.14051559024562E-02
 0.13692450002281E-02
 0.13349493483859E-02
 0.13021698290670E-02
 0.12708343178006E-02
 0.12408184719643E-02
 0.12120645291904E-02
 0.11844997972953E-02
 0.11580568291866E-02
 0.11326928775472E-02
 0.11083100038506E-02
 0.10848742616377E-02
 0.10623351367786E-02
 0.10406459959036E-02
 0.10197826950111E-02
 0.99966368096355E-03
 0.98027110935521E-03
 0.96156914349419E-03
 0.94352410863996E-03
 0.92610441557523E-03
 0.90928040528789E-03
 0.89304336319634E-03
 0.87732824230845E-03
 0.86212996716875E-03
 0.84742541018573E-03
 0.83319266071300E-03
 0.81941104693096E-03
 0.80608088789091E-03
 0.79314359435466E-03
 0.78060191402366E-03
 0.76843927071343E-03
 0.75664049374074E-03
 0.74519054957565E-03
 0.73407540031773E-03
 0.72328172988155E-03
 0.71281633429841E-03
 0.70262795770133E-03
 0.69272483899056E-03
 0.68309630262930E-03
 0.67373202149740E-03
 0.66462193781230E-03
 0.65575713898392E-03
 0.64714843810502E-03
 0.63874707778918E-03
 0.63056499381904E-03
 0.62259465839481E-03
 0.61482866786403E-03
 0.60725994513085E-03
 0.59988172518286E-03
 0.59268753801894E-03
 0.58567119277257E-03
 0.57884661228769E-03
 0.57216822494598E-03
 0.56565037312547E-03
 0.55928812560882E-03
 0.55307648914231E-03
 0.54701067052154E-03
 0.54108606976583E-03
 0.53529827132918E-03
 0.52964303467916E-03
 0.52411628605546E-03
 0.51873375470648E-03
 0.51345229933402E-03
 0.50828769625864E-03
 0.50323680737024E-03
 0.49829628720462E-03
 0.49346290946660E-03
 0.48873356708000E-03
 0.48410526720569E-03
 0.47957512582194E-03
 0.47514036318383E-03
 0.47081811373353E-03
 0.46656619372282E-03
 0.46240146502764E-03
 0.45832195108975E-03
 0.45432533811238E-03
 0.45040938303220E-03
 0.44657191922061E-03
 0.44281085362642E-03
 0.43912416371314E-03
 0.43550989444924E-03
 0.43196615577648E-03
 0.42851104114874E-03
 0.42510311177638E-03
 0.42175986671312E-03
 0.41848018473422E-03
 0.41526247796559E-03
 0.41210519499014E-03
 0.40900683300866E-03
 0.40596593634681E-03
 0.40298109462600E-03
 0.40005094114815E-03
 0.39717415115956E-03
 0.39434944036305E-03
 0.39157556337237E-03
 0.38887095622134E-03
 0.38619549537689E-03
 0.38356668754684E-03
 0.38098407861042E-03
 0.37844665672020E-03
 0.37595330961419E-03
 0.37350306287698E-03
 0.37109493701032E-03
 0.36872797961140E-03
 0.36640126515797E-03
 0.36411389435605E-03
 0.36186499317430E-03
 0.35965371203454E-03
 0.35749897603167E-03
