 0.10000000133514E-09
 0.10000000133514E-09
 0.10000000133514E-09
 0.10000000133514E-09
 0.10000000133514E-09
 0.10000000133514E-09
 0.10000000133514E-09
 0.10000000133514E-09
 0.10000000133514E-09
 0.10000000133514E-09
 0.10000000133514E-09
 0.10000000133514E-09
 0.10000000133514E-09
 0.10000000133514E-09
 0.10000000133514E-09
 0.10000000133514E-09
 0.10000000133514E-09
 0.10000000133514E-09
 0.10000000133514E-09
 0.10000000133514E-09
 0.10000000133514E-09
 0.10000000133514E-09
 0.10000000133514E-09
 0.10000000133514E-09
 0.10000000133514E-09
 0.10000000133514E-09
 0.10000000133514E-09
 0.10000000133514E-09
 0.10000000133514E-09
 0.10000000133514E-09
 0.15307090461104E-04
 0.15307090461104E-04
 0.15307090461104E-04
 0.34555592036233E-04
 0.34555592036233E-04
 0.55297868119686E-04
 0.68694332126314E-04
 0.84419762770164E-04
 0.10272022824417E-03
 0.12384919476090E-03
 0.14806705102569E-03
 0.17564072129950E-03
 0.20684329649850E-03
 0.24195351907953E-03
 0.28125543671367E-03
 0.32503855580903E-03
 0.37359746093383E-03
 0.42723126200159E-03
 0.48624447735287E-03
 0.55094628075022E-03
 0.62165105420151E-03
 0.69867796620108E-03
 0.78235129904707E-03
 0.87300045003139E-03
 0.97096019541036E-03
 0.10765709180207E-02
 0.11901779570122E-02
 0.13121331106818E-02
 0.14427935773109E-02
 0.15825217802685E-02
 0.17316880635048E-02
 0.18906671067807E-02
 0.20598417266993E-02
 0.22396000643628E-02
 0.24303376786307E-02
 0.26324572702373E-02
 0.28463697747112E-02
 0.30724918229210E-02
 0.33112505065793E-02
 0.35630795416495E-02
 0.38284218064980E-02
 0.41077296647704E-02
 0.44014649214185E-02
 0.47101002397914E-02
 0.50341192518660E-02
 0.53740157981473E-02
 0.57302964709997E-02
 0.61034814001147E-02
 0.64954394076890E-02
 0.69042432054653E-02
 0.73316220945494E-02
 0.77781597354178E-02
 0.82444581589156E-02
 0.87311381565702E-02
 0.92388432566701E-02
 0.97682361015107E-02
 0.10320006707633E-01
 0.10894870489402E-01
 0.11493567899534E-01
 0.12116874103180E-01
 0.12765593262161E-01
 0.13440563882823E-01
 0.14142664610531E-01
 0.14872814199717E-01
 0.15631972490335E-01
 0.16421149569316E-01
 0.17241407789560E-01
 0.18093863971476E-01
 0.18979693248118E-01
 0.19900141489185E-01
 0.20856522480711E-01
 0.21850231077158E-01
 0.22882747542894E-01
 0.23955645426944E-01
 0.25070598398506E-01
 0.26230248667032E-01
 0.27434971080913E-01
 0.28687541221525E-01
 0.29990166775685E-01
 0.31345229713768E-01
 0.32755298570663E-01
 0.34223160719403E-01
 0.35751837339570E-01
 0.37344620562114E-01
 0.39005106890410E-01
 0.40737230292308E-01
 0.42545330507413E-01
 0.44434182873048E-01
 0.46409092459428E-01
 0.48476732750636E-01
 0.50642389708614E-01
 0.52914077178912E-01
 0.55300225853701E-01
 0.57810389316489E-01
 0.60455505864285E-01
 0.63248202650509E-01
 0.66203794928388E-01
 0.69338420818679E-01
 0.72672821889003E-01
 0.76231225494571E-01
 0.80042733619151E-01
 0.84143679784513E-01
 0.88576021962880E-01
 0.93393684506724E-01
 0.98663349550056E-01
 0.10446296921017E+00
 0.11088650285794E+00
 0.11802816904647E+00
 0.12595600806925E+00
 0.13465368966380E+00
 0.14394489640106E+00
 0.15350092453420E+00
 0.16297125450120E+00
 0.17213288172439E+00
 0.18091442923057E+00
 0.18933917525404E+00
 0.19746393539371E+00
 0.20535316292427E+00
 0.21306126439147E+00
 0.22063495392388E+00
 0.22810919995236E+00
 0.23551089541942E+00
 0.24285983460766E+00
 0.25017138546113E+00
 0.25745483437319E+00
 0.26471644829666E+00
 0.27195953137187E+00
 0.27918504513346E+00
 0.28639156408335E+00
 0.29357756234141E+00
 0.30073910822157E+00
 0.30787170040539E+00
 0.31497048163305E+00
 0.32203014775358E+00
 0.32904535623755E+00
 0.33601067009174E+00
 0.34292089518658E+00
 0.34977098158194E+00
 0.35655630145044E+00
 0.36327253004188E+00
 0.36991576978818E+00
 0.37648261933830E+00
 0.38297004264240E+00
 0.38937553412935E+00
 0.39569661187976E+00
 0.40193229492123E+00
 0.40808088642085E+00
 0.41414141758195E+00
 0.42011325115205E+00
 0.42599609997140E+00
 0.43178990554962E+00
 0.43749486458659E+00
 0.44311137695121E+00
 0.44864007604234E+00
 0.45408171436898E+00
 0.45943720341752E+00
 0.46470756117490E+00
 0.46989394619805E+00
 0.47499756185791E+00
 0.48001969531187E+00
 0.48496167720359E+00
 0.48982491433466E+00
 0.49461081327786E+00
 0.49932081333602E+00
 0.50395637029180E+00
 0.50851893625237E+00
 0.51300999388274E+00
 0.51743099212188E+00
 0.52178338215392E+00
 0.52606865669764E+00
 0.53028812370108E+00
 0.53444324581756E+00
 0.53853540576438E+00
 0.54256596323395E+00
 0.54653625357472E+00
 0.55044758777781E+00
 0.55430124962011E+00
 0.55809849601510E+00
 0.56184055756548E+00
 0.56552863623709E+00
 0.56916390644415E+00
 0.57274751529126E+00
 0.57628058157951E+00
 0.57976419817430E+00
 0.58319942911133E+00
 0.58658731297182E+00
 0.58992886169546E+00
 0.59322506076570E+00
 0.59647687107583E+00
 0.59968522842167E+00
 0.60285104421450E+00
 0.60597520610853E+00
 0.60905857875900E+00
 0.61210200376020E+00
 0.61510630107401E+00
 0.61807226895296E+00
 0.62100068500106E+00
 0.62389230615476E+00
 0.62674786965218E+00
 0.62956809355590E+00
 0.63235367722941E+00
 0.63510530180246E+00
 0.63782363092402E+00
 0.64050931096629E+00
 0.64316297149001E+00
 0.64578522633750E+00
 0.64837667357304E+00
 0.65093789569802E+00
 0.65346946092234E+00
 0.65597192282571E+00
 0.65844582113351E+00
 0.66089168238155E+00
 0.66331001951456E+00
 0.66570133330257E+00
 0.66806611163376E+00
 0.67040483102247E+00
 0.67271795612434E+00
 0.67500594005165E+00
 0.67726922549905E+00
 0.67950824419003E+00
 0.68172341767129E+00
 0.68391515754569E+00
 0.68608386553108E+00
 0.68822993409009E+00
 0.69035374646502E+00
 0.69245567704852E+00
 0.69453609150569E+00
 0.69659534711746E+00
 0.69863379317659E+00
 0.70065177080382E+00
 0.70264961361044E+00
 0.70462764761059E+00
 0.70658619163986E+00
 0.70852555738466E+00
 0.71044604968373E+00
 0.71234796667471E+00
 0.71423160003469E+00
 0.71609723503430E+00
 0.71794515089422E+00
 0.71977562075118E+00
 0.72158891192675E+00
 0.72338528611467E+00
 0.72516499946420E+00
 0.72692830273860E+00
 0.72867544147336E+00
 0.73040665610640E+00
 0.73212218211521E+00
 0.73382225010208E+00
 0.73550708603424E+00
 0.73717691123461E+00
 0.73883194256063E+00
 0.74047239251894E+00
 0.74209846931101E+00
 0.74371037708709E+00
 0.74530831591368E+00
 0.74689248198450E+00
 0.74846306751821E+00
 0.75002026110028E+00
 0.75156424759495E+00
 0.75309520834553E+00
 0.75461322246098E+00
 0.75611866363674E+00
 0.75761160242608E+00
 0.75909220691299E+00
 0.76056064147412E+00
 0.76201706794202E+00
 0.76346164496340E+00
 0.76489452828696E+00
 0.76631587073408E+00
 0.76772582233635E+00
