 0.29976903037415E+03
 0.29976903038302E+03
 0.29976903048316E+03
 0.29976903092046E+03
 0.29976903213483E+03
 0.29976903475003E+03
 0.29976903956113E+03
 0.29976904752407E+03
 0.29976905970914E+03
 0.29976907711461E+03
 0.29976910016378E+03
 0.29976912769076E+03
 0.29976915530184E+03
 0.29976917315466E+03
 0.29976916335533E+03
 0.29976909857962E+03
 0.29976893436495E+03
 0.29976861638087E+03
 0.29976806967727E+03
 0.29976720489613E+03
 0.29976591268669E+03
 0.29976407018331E+03
 0.29976153617193E+03
 0.29975815884456E+03
 0.29975377222014E+03
 0.29974819935591E+03
 0.29974125882035E+03
 0.29973276075953E+03
 0.29972251097888E+03
 0.29971031695138E+03
 0.29969598178941E+03
 0.29967931611542E+03
 0.29966012969264E+03
 0.29963823543766E+03
 0.29961346104829E+03
 0.29958562868776E+03
 0.29955458104629E+03
 0.29952016050296E+03
 0.29948222201288E+03
 0.29944062977343E+03
 0.29939525503308E+03
 0.29934598094085E+03
 0.29929269736618E+03
 0.29923530461047E+03
 0.29917371120667E+03
 0.29910783244441E+03
 0.29903759212585E+03
 0.29896292042518E+03
 0.29888375361293E+03
 0.29880003305704E+03
 0.29871170504954E+03
 0.29861871933255E+03
 0.29852102913160E+03
 0.29841858943343E+03
 0.29831135660684E+03
 0.29819928745936E+03
 0.29808233771271E+03
 0.29796046352072E+03
 0.29783361715476E+03
 0.29770174823741E+03
 0.29756480136101E+03
 0.29742271886983E+03
 0.29727543457639E+03
 0.29712287623863E+03
 0.29696496373687E+03
 0.29680160680114E+03
 0.29663270926029E+03
 0.29645816037653E+03
 0.29627783869720E+03
 0.29609160991313E+03
 0.29589932394854E+03
 0.29570082077306E+03
 0.29549591917402E+03
 0.29528442208619E+03
 0.29506611382851E+03
 0.29484075888352E+03
 0.29460809815900E+03
 0.29436785684996E+03
 0.29411966223223E+03
 0.29386330510847E+03
 0.29359837424432E+03
 0.29332448157729E+03
 0.29304121668107E+03
 0.29274812861391E+03
 0.29244473430056E+03
 0.29213051417957E+03
 0.29180490584239E+03
 0.29146731540916E+03
 0.29111709506573E+03
 0.29075355241612E+03
 0.29037594081737E+03
 0.28998347116648E+03
 0.28957528501166E+03
 0.28915046537892E+03
 0.28870802885185E+03
 0.28824691462688E+03
 0.28776599921402E+03
 0.28726406100822E+03
 0.28673978692254E+03
 0.28619178111742E+03
 0.28561852533888E+03
 0.28501838915862E+03
 0.28438960729675E+03
 0.28373029520741E+03
 0.28303839532984E+03
 0.28231151603958E+03
 0.28154753894906E+03
 0.28074372626515E+03
 0.27989722190408E+03
 0.27900490851991E+03
 0.27806341349230E+03
 0.27706899655193E+03
 0.27601759759257E+03
 0.27490471077459E+03
 0.27372535640194E+03
 0.27247406453915E+03
 0.27114469103885E+03
 0.26973045003707E+03
 0.26822367110085E+03
 0.26661552466421E+03
 0.26489672724899E+03
 0.26305609986854E+03
 0.26108101164560E+03
 0.25895705138301E+03
 0.25666758006874E+03
 0.25419316831099E+03
 0.25151084859777E+03
 0.24859436738371E+03
 0.24541173713120E+03
 0.24192487503645E+03
 0.23808783395044E+03
 0.23384408445732E+03
 0.22912617286379E+03
 0.22384996034003E+03
 0.21791289378112E+03
 0.21119522192158E+03
 0.20356107717260E+03
 0.19488483567429E+03
 0.18510651087999E+03
 0.17433705669356E+03
 0.16297506934216E+03
 0.15166581253410E+03
 0.14104047350823E+03
 0.13146093565734E+03
 0.12300333804940E+03
 0.11558034334425E+03
 0.10905134063831E+03
 0.10327396169670E+03
 0.98125974815577E+02
 0.93506193950861E+02
 0.89332530617863E+02
 0.85540078682508E+02
 0.82075829139961E+02
 0.78896571645063E+02
 0.75967130222747E+02
 0.73258172345553E+02
 0.70745138201071E+02
 0.68407143037659E+02
 0.66226798899157E+02
 0.64188613043265E+02
 0.62279334112506E+02
 0.60487719219787E+02
 0.58803373765202E+02
 0.57217613377831E+02
 0.55722194199831E+02
 0.54310279593425E+02
 0.52975179073833E+02
 0.51711428075013E+02
 0.50513488417303E+02
 0.49376780832738E+02
 0.48297141457667E+02
 0.47270307981113E+02
 0.46293011569085E+02
 0.45361589205983E+02
 0.44473212906748E+02
 0.43625221542705E+02
 0.42814698962521E+02
 0.42039468883177E+02
 0.41297542736950E+02
 0.40586496349509E+02
 0.39904668557570E+02
 0.39250330921799E+02
 0.38622087910011E+02
 0.38018032489448E+02
 0.37437004440657E+02
 0.36877722100291E+02
 0.36339213278301E+02
 0.35819927066573E+02
 0.35319058023588E+02
 0.34835645401195E+02
 0.34369024482153E+02
 0.33917886771076E+02
 0.33481689163271E+02
 0.33059700566605E+02
 0.32651235980349E+02
 0.32255899366464E+02
 0.31872588172557E+02
 0.31500994821850E+02
 0.31140587134120E+02
 0.30789045241026E+02
 0.30449585875563E+02
 0.30119900360068E+02
 0.29799572654147E+02
 0.29488210158518E+02
 0.29185442302159E+02
 0.28890919097487E+02
 0.28604309370350E+02
 0.28325300143624E+02
 0.28053594939852E+02
 0.27788912872402E+02
 0.27530987602673E+02
 0.27279566400532E+02
 0.27034409304681E+02
 0.26795288274635E+02
 0.26561986538999E+02
 0.26334297811292E+02
 0.26112025700955E+02
 0.25894983125367E+02
 0.25682991643509E+02
 0.25475881292483E+02
 0.25273489634214E+02
 0.25075661613027E+02
 0.24882249060958E+02
 0.24693110331628E+02
 0.24508109916714E+02
 0.24327118124244E+02
 0.24150010583955E+02
 0.23976668631861E+02
 0.23806978039832E+02
 0.23640829403497E+02
 0.23478117746084E+02
 0.23318742293879E+02
 0.23162606248083E+02
 0.23009616368954E+02
 0.22859683720742E+02
 0.22712722083554E+02
 0.22568648720233E+02
 0.22427384000953E+02
 0.22288851237240E+02
 0.22152976558650E+02
 0.22019688774302E+02
 0.21888919245032E+02
 0.21760601473455E+02
 0.21634672198964E+02
 0.21511069487986E+02
 0.21389733818557E+02
 0.21270607710097E+02
 0.21153635631163E+02
 0.21038763904089E+02
 0.20925940638913E+02
 0.20815115649003E+02
 0.20706240383883E+02
 0.20599267492423E+02
 0.20494152230432E+02
 0.20390850201718E+02
 0.20289318746890E+02
 0.20189516541178E+02
 0.20091403537533E+02
 0.19994940912729E+02
 0.19900091025656E+02
 0.19806817364889E+02
 0.19715084511336E+02
 0.19624857661947E+02
 0.19536104311615E+02
 0.19448791654728E+02
 0.19362888228104E+02
 0.19278363478893E+02
 0.19195187724442E+02
 0.19113332118606E+02
 0.19032768624511E+02
 0.18953469985005E+02
 0.18875409692468E+02
 0.18798561967221E+02
 0.18722901240727E+02
 0.18648404079670E+02
 0.18575046268338E+02
 0.18502804676127E+02
 0.18431656796320E+02
 0.18361580711906E+02
 0.18292555077210E+02
 0.18224559098911E+02
 0.18157572516932E+02
 0.18091575589376E+02
 0.18026549073542E+02
 0.17962474211771E+02
 0.17899332714894E+02
 0.17837106211375E+02
 0.17775778370100E+02
 0.17715331717830E+02
 0.17655749683046E+02
 0.17597016996694E+02
 0.17539116103180E+02
 0.17482032525752E+02
 0.17425751242133E+02
 0.17370257590211E+02
 0.17315537247854E+02
 0.17261576228928E+02
 0.17208360871599E+02
 0.17155877830192E+02
 0.17104113475065E+02
