 0.13570889471116E+03
 0.13570889471116E+03
 0.13570889471116E+03
 0.13570889471116E+03
 0.13570889471116E+03
 0.13570889471116E+03
 0.13570889471136E+03
 0.13570889471392E+03
 0.13570889473324E+03
 0.13570889483046E+03
 0.13570889519421E+03
 0.13570889628429E+03
 0.13570889903913E+03
 0.13570890513006E+03
 0.13570891723404E+03
 0.13570893929562E+03
 0.13570897673997E+03
 0.13570903665077E+03
 0.13570912785493E+03
 0.13570926096630E+03
 0.13570944835074E+03
 0.13570970405839E+03
 0.13571004369818E+03
 0.13571048430233E+03
 0.13571104415495E+03
 0.13571174262211E+03
 0.13571259998189E+03
 0.13571363724524E+03
 0.13571487599382E+03
 0.13571633823352E+03
 0.13571804638344E+03
 0.13572002264916E+03
 0.13572228959535E+03
 0.13572487009467E+03
 0.13572778560723E+03
 0.13573105939604E+03
 0.13573471241341E+03
 0.13573876655501E+03
 0.13574324309390E+03
 0.13574816296782E+03
 0.13575354676798E+03
 0.13575941475206E+03
 0.13576578684908E+03
 0.13577268268717E+03
 0.13578012162276E+03
 0.13578812277462E+03
 0.13579670507684E+03
 0.13580588732907E+03
 0.13581568826210E+03
 0.13582612659665E+03
 0.13583722113075E+03
 0.13584899082087E+03
 0.13586145485868E+03
 0.13587463278489E+03
 0.13588854458554E+03
 0.13590321080233E+03
 0.13591865265571E+03
 0.13593489215456E+03
 0.13595195225533E+03
 0.13596985698203E+03
 0.13598863159207E+03
 0.13600830269748E+03
 0.13602889847703E+03
 0.13605044881346E+03
 0.13607298549403E+03
 0.13609654240084E+03
 0.13612115567306E+03
 0.13614686397395E+03
 0.13617370868403E+03
 0.13620173412393E+03
 0.13623098783529E+03
 0.13626152072762E+03
 0.13629338749778E+03
 0.13632664682157E+03
 0.13636136167277E+03
 0.13639759962681E+03
 0.13643543327391E+03
 0.13647494032834E+03
 0.13651621937187E+03
 0.13655933331218E+03
 0.13660439059597E+03
 0.13665149454476E+03
 0.13670075564086E+03
 0.13675229269796E+03
 0.13680623306955E+03
 0.13686271329072E+03
 0.13692188008805E+03
 0.13698389025082E+03
 0.13704891256231E+03
 0.13711712809453E+03
 0.13718873152402E+03
 0.13726393105689E+03
 0.13734295142460E+03
 0.13742603403086E+03
 0.13751343861224E+03
 0.13760544555805E+03
 0.13770235559786E+03
 0.13780449477935E+03
 0.13791221547520E+03
 0.13802589698339E+03
 0.13814595196904E+03
 0.13827282750943E+03
 0.13840701033824E+03
 0.13854902708804E+03
 0.13869945473178E+03
 0.13885896332011E+03
 0.13902817234123E+03
 0.13920786802034E+03
 0.13939888347104E+03
 0.13960213814470E+03
 0.13981864247057E+03
 0.14004952563216E+03
 0.14029603483979E+03
 0.14055956915283E+03
 0.14084169700522E+03
 0.14114417257933E+03
 0.14146899074386E+03
 0.14181839952315E+03
 0.14219497727442E+03
 0.14260173376444E+03
 0.14304195343861E+03
 0.14351961410776E+03
 0.14403932178534E+03
 0.14460646768179E+03
 0.14522743516376E+03
 0.14590987102195E+03
 0.14666305734575E+03
 0.14749805213101E+03
 0.14842868878138E+03
 0.14947211624755E+03
 0.15064993509510E+03
 0.15198993251220E+03
 0.15352751344348E+03
 0.15530955749606E+03
 0.15739813478774E+03
 0.15987477166899E+03
 0.16284705404083E+03
 0.16644807545022E+03
 0.17082304241586E+03
 0.17608182784573E+03
 0.18220877447983E+03
 0.18900124147241E+03
 0.19613212811155E+03
 0.20330175877473E+03
 0.21032347559132E+03
 0.21711457009850E+03
 0.22365302044452E+03
 0.22994749787225E+03
 0.23601627220459E+03
 0.24188135296364E+03
 0.24756317921689E+03
 0.25307949290925E+03
 0.25844570521404E+03
 0.26367516736976E+03
 0.26877845754947E+03
 0.27376462940921E+03
 0.27864121953120E+03
 0.28341459919097E+03
 0.28808972741285E+03
 0.29267145909879E+03
 0.29716350583679E+03
 0.30156892917865E+03
 0.30589074907749E+03
 0.31013132002886E+03
 0.31429309730762E+03
 0.31837799717774E+03
 0.32238815872217E+03
 0.32632525237536E+03
 0.33019125696206E+03
 0.33398780821817E+03
 0.33771651531231E+03
 0.34137924025057E+03
 0.34497743740809E+03
 0.34851294904454E+03
 0.35198718802663E+03
 0.35540186200293E+03
 0.35875864099005E+03
 0.36205897194773E+03
 0.36530427618911E+03
 0.36849627427227E+03
 0.37163632230262E+03
 0.37472585424818E+03
 0.37776616053806E+03
 0.38075882416218E+03
 0.38370505142611E+03
 0.38660612507845E+03
 0.38946317594850E+03
 0.39227762920830E+03
 0.39505052890202E+03
 0.39778299362466E+03
 0.40047598881884E+03
 0.40313078393417E+03
 0.40574826198492E+03
 0.40832938515111E+03
 0.41087507966555E+03
 0.41338612109785E+03
 0.41586360013425E+03
 0.41830821854139E+03
 0.42072076810030E+03
 0.42310277940933E+03
 0.42545341053308E+03
 0.42777417449644E+03
 0.43006573875973E+03
 0.43232875245958E+03
 0.43456383970850E+03
 0.43677159399523E+03
 0.43895260822022E+03
 0.44110743110924E+03
 0.44323659857145E+03
 0.44534062667934E+03
 0.44742001280604E+03
 0.44947523655257E+03
 0.45150675347856E+03
 0.45351502403754E+03
 0.45550047186330E+03
 0.45746351313273E+03
 0.45940454995360E+03
 0.46132397093355E+03
 0.46322214511331E+03
 0.46509945042090E+03
 0.46695623193429E+03
 0.46879283081629E+03
 0.47060957753599E+03
 0.47240679265141E+03
 0.47418478711722E+03
 0.47594386266706E+03
 0.47768430566148E+03
 0.47940641420816E+03
 0.48111045815390E+03
 0.48279670643090E+03
 0.48446542071940E+03
 0.48611685576419E+03
 0.48775125942141E+03
 0.48936886657565E+03
 0.49096992627756E+03
 0.49255466131467E+03
 0.49412329555071E+03
 0.49567604744607E+03
 0.49721313037546E+03
 0.49873475266283E+03
 0.50024111785953E+03
 0.50173242497990E+03
 0.50320886190636E+03
 0.50467063231063E+03
 0.50611791575126E+03
 0.50755089446988E+03
 0.50896974696988E+03
 0.51037464805784E+03
 0.51176576911280E+03
 0.51314327805262E+03
 0.51450733956370E+03
 0.51585811516339E+03
 0.51719575683093E+03
 0.51852043305588E+03
 0.51983229011250E+03
 0.52113147779377E+03
 0.52241814334475E+03
 0.52369243141284E+03
 0.52495448417609E+03
 0.52620444134321E+03
 0.52744244031984E+03
 0.52866861620153E+03
 0.52988309543705E+03
 0.53108602167700E+03
 0.53227751727284E+03
 0.53345770871891E+03
 0.53462672068494E+03
 0.53578467591516E+03
 0.53693169530786E+03
 0.53806789792793E+03
 0.53919340106721E+03
 0.54030832033105E+03
 0.54141276961595E+03
 0.54250685475184E+03
 0.54359069923182E+03
 0.54466440595659E+03
 0.54572808234739E+03
 0.54678183449895E+03
 0.54782576707221E+03
 0.54885998330144E+03
 0.54988458502972E+03
 0.55089967275719E+03
 0.55190534563740E+03
 0.55290170154234E+03
 0.55388883706325E+03
 0.55486684755585E+03
 0.55583582082967E+03
 0.55679586232718E+03
 0.55774705781154E+03
 0.55868949768537E+03
 0.55962325737382E+03
 0.56054845365375E+03
 0.56146515943071E+03
 0.56237346095163E+03
 0.56327344333450E+03
 0.56416519074280E+03
 0.56504878630513E+03
 0.56592431216446E+03
 0.56679184947463E+03
 0.56765147212626E+03
