 0.16245642999342E+03
 0.16245642999342E+03
 0.16245642999342E+03
 0.16245642999342E+03
 0.16245642999342E+03
 0.16245642999339E+03
 0.16245642999245E+03
 0.16245642998134E+03
 0.16245642990593E+03
 0.16245642956051E+03
 0.16245642837128E+03
 0.16245642506583E+03
 0.16245641727134E+03
 0.16245640111519E+03
 0.16245637090415E+03
 0.16245631894151E+03
 0.16245623547464E+03
 0.16245610884992E+03
 0.16245592571900E+03
 0.16245567139685E+03
 0.16245533022065E+03
 0.16245488597007E+03
 0.16245432222859E+03
 0.16245362276174E+03
 0.16245277180598E+03
 0.16245175433146E+03
 0.16245055626787E+03
 0.16244916463764E+03
 0.16244756767422E+03
 0.16244575490960E+03
 0.16244371604091E+03
 0.16244144511681E+03
 0.16243893477527E+03
 0.16243617634564E+03
 0.16243317161269E+03
 0.16242990904869E+03
 0.16242639247980E+03
 0.16242261783741E+03
 0.16241858381908E+03
 0.16241428957698E+03
 0.16240973454522E+03
 0.16240491831445E+03
 0.16239984042533E+03
 0.16239450023113E+03
 0.16238889671002E+03
 0.16238302826563E+03
 0.16237689257911E+03
 0.16237048640478E+03
 0.16236380539259E+03
 0.16235684386740E+03
 0.16234959468658E+03
 0.16234204902761E+03
 0.16233419615625E+03
 0.16232602329870E+03
 0.16231751540666E+03
 0.16230865497133E+03
 0.16229942186636E+03
 0.16228979303476E+03
 0.16227974246866E+03
 0.16226924092717E+03
 0.16225825581304E+03
 0.16224675081523E+03
 0.16223468600274E+03
 0.16222201750086E+03
 0.16220869735414E+03
 0.16219467350211E+03
 0.16217988916173E+03
 0.16216428338140E+03
 0.16214779043942E+03
 0.16213033987994E+03
 0.16211185661866E+03
 0.16209225991124E+03
 0.16207146459862E+03
 0.16204938016763E+03
 0.16202591088167E+03
 0.16200095575266E+03
 0.16197440899815E+03
 0.16194615788737E+03
 0.16191604768699E+03
 0.16188402425721E+03
 0.16184992775897E+03
 0.16181362539392E+03
 0.16177497601003E+03
 0.16173383556291E+03
 0.16169005353619E+03
 0.16164347393320E+03
 0.16159393675368E+03
 0.16154127149303E+03
 0.16148530673713E+03
 0.16142586373197E+03
 0.16136276065583E+03
 0.16129580278290E+03
 0.16122479623732E+03
 0.16114953911480E+03
 0.16106982365948E+03
 0.16098544013126E+03
 0.16089616049211E+03
 0.16080176186617E+03
 0.16070201666038E+03
 0.16059667530948E+03
 0.16048549582859E+03
 0.16036822441619E+03
 0.16024460748141E+03
 0.16011436220398E+03
 0.15997721854550E+03
 0.15983283023760E+03
 0.15968102360404E+03
 0.15952142495330E+03
 0.15935373176215E+03
 0.15917763621276E+03
 0.15899278163827E+03
 0.15879885399094E+03
 0.15859547505961E+03
 0.15838229847824E+03
 0.15815897657439E+03
 0.15792510006969E+03
 0.15768032985593E+03
 0.15742424877081E+03
 0.15715652879299E+03
 0.15687669434502E+03
 0.15658458592789E+03
 0.15627980744263E+03
 0.15596219384969E+03
 0.15563159970581E+03
 0.15528802953987E+03
 0.15493182165678E+03
 0.15456348907475E+03
 0.15418424774131E+03
 0.15379591907376E+03
 0.15340148565431E+03
 0.15300562635720E+03
 0.15261557430787E+03
 0.15224261219989E+03
 0.15190433066791E+03
 0.15162811623836E+03
 0.15145746542178E+03
 0.15146078731416E+03
 0.15174441109434E+03
 0.15246392851161E+03
 0.15381911067661E+03
 0.15600064601750E+03
 0.15909275998537E+03
 0.16301748725930E+03
 0.16759238311617E+03
 0.17262741391410E+03
 0.17797530625806E+03
 0.18353395428513E+03
 0.18923565463237E+03
 0.19503232299765E+03
 0.20088955987419E+03
 0.20677991247820E+03
 0.21268048302826E+03
 0.21857202612503E+03
 0.22443831636493E+03
 0.23026473764669E+03
 0.23603901599223E+03
 0.24175072969616E+03
 0.24739129483762E+03
 0.25295307650971E+03
 0.25843079187772E+03
 0.26381985604998E+03
 0.26911645973648E+03
 0.27431842375651E+03
 0.27942375673248E+03
 0.28443186154829E+03
 0.28934207388672E+03
 0.29415497895040E+03
 0.29887087086805E+03
 0.30349119851032E+03
 0.30801712677489E+03
 0.31245008886054E+03
 0.31679231932980E+03
 0.32104539079652E+03
 0.32521187000689E+03
 0.32929362292522E+03
 0.33329293568262E+03
 0.33721243884277E+03
 0.34105420825888E+03
 0.34482031064376E+03
 0.34851353063893E+03
 0.35213587075546E+03
 0.35568954308328E+03
 0.35917646199716E+03
 0.36259924186268E+03
 0.36595966353468E+03
 0.36925970912536E+03
 0.37250103566971E+03
 0.37568601257346E+03
 0.37881615065677E+03
 0.38189316006499E+03
 0.38491841774334E+03
 0.38789404477561E+03
 0.39082127850296E+03
 0.39370156935682E+03
 0.39653630842149E+03
 0.39932655381493E+03
 0.40207414178782E+03
 0.40478000564244E+03
 0.40744531740249E+03
 0.41007312509462E+03
 0.41266058113904E+03
 0.41521071602824E+03
 0.41772450537762E+03
 0.42020289168325E+03
 0.42264677786489E+03
 0.42505702210141E+03
 0.42743447014703E+03
 0.42977991004288E+03
 0.43209410582314E+03
 0.43437779066914E+03
 0.43663166867202E+03
 0.43885641632491E+03
 0.44105267654260E+03
 0.44322108910328E+03
 0.44536224786982E+03
 0.44747673166490E+03
 0.44956509780164E+03
 0.45162788304358E+03
 0.45366559776878E+03
 0.45567875543674E+03
 0.45766783015332E+03
 0.45963328662192E+03
 0.46157557348172E+03
 0.46349512436444E+03
 0.46539235847183E+03
 0.46726768119458E+03
 0.46912147811729E+03
 0.47095414268916E+03
 0.47276603590586E+03
 0.47455751420290E+03
 0.47632892321654E+03
 0.47808059826668E+03
 0.47981286457227E+03
 0.48152603128259E+03
 0.48322041891069E+03
 0.48489631881445E+03
 0.48655402082033E+03
 0.48819380682514E+03
 0.48981595123701E+03
 0.49142072111507E+03
 0.49300837655107E+03
 0.49457917100944E+03
 0.49613334482942E+03
 0.49767115220056E+03
 0.49919282139498E+03
 0.50069858161548E+03
 0.50218865665447E+03
 0.50366326500355E+03
 0.50512262019928E+03
 0.50656693084744E+03
 0.50799640091635E+03
 0.50941122985899E+03
 0.51081160634912E+03
 0.51219773418389E+03
 0.51356979390238E+03
 0.51492796837610E+03
 0.51627243683308E+03
 0.51760337485316E+03
 0.51892095453993E+03
 0.52022534455519E+03
 0.52151671032749E+03
 0.52279521407927E+03
 0.52406100860579E+03
 0.52531426283721E+03
 0.52655512384163E+03
 0.52778374198820E+03
 0.52900026508273E+03
 0.53020483829283E+03
 0.53139760425669E+03
 0.53257870311993E+03
 0.53374827261835E+03
 0.53490644818879E+03
 0.53605336296844E+03
 0.53718914156704E+03
 0.53831392538702E+03
 0.53942783502252E+03
 0.54053099497827E+03
 0.54162352793579E+03
 0.54270555466600E+03
 0.54377719405270E+03
 0.54483856314517E+03
 0.54588977721759E+03
 0.54693094978491E+03
 0.54796219267872E+03
 0.54898361606210E+03
 0.54999532848868E+03
 0.55099743073382E+03
 0.55199004046410E+03
 0.55297325571102E+03
 0.55394717869788E+03
 0.55491189588922E+03
 0.55586753618739E+03
 0.55681418291759E+03
 0.55775193293315E+03
 0.55868088167683E+03
 0.55960112336970E+03
 0.56051275093423E+03
 0.56141585605419E+03
 0.56231052917853E+03
 0.56319685341035E+03
