 0.00000000000000E+00
 0.00000000000000E+00
 0.00000000000000E+00
 0.00000000000000E+00
 0.91704934597467E-36
 0.20044431019705E-31
 0.25217882465448E-28
 0.53271460992750E-26
 0.34250056017023E-24
 0.95762263367126E-23
 0.14612390654389E-21
 0.14157726088694E-20
 0.96723397911761E-20
 0.50216931115491E-19
 0.20931183927977E-18
 0.72987108478909E-18
 0.21972770777665E-17
 0.58527000650620E-17
 0.14063909542151E-16
 0.30978037150694E-16
 0.63440313013128E-16
 0.12267723883953E-15
 0.22912869153546E-15
 0.42978639908353E-15
 0.85941845774110E-15
 0.19378516219492E-14
 0.49445720949062E-14
 0.13541097705146E-13
 0.37473472332749E-13
 0.10091108344385E-12
 0.96932765216984E-09
 0.13122502759608E-08
 0.17446175762894E-08
 0.51467904849205E-08
 0.66285352753438E-08
 0.13466711762382E-07
 0.20974586344208E-07
 0.31940877512377E-07
 0.47642962056580E-07
 0.69718036167418E-07
 0.10023354422798E-06
 0.14176521890473E-06
 0.19748278368305E-06
 0.27124308991372E-06
 0.36769087968625E-06
 0.49236774590321E-06
 0.65182812970371E-06
 0.85376227709445E-06
 0.11071292323769E-05
 0.14222947564491E-05
 0.18111793434314E-05
 0.22874118138163E-05
 0.28664923276831E-05
 0.35659624858585E-05
 0.44055841966145E-05
 0.54075267382418E-05
 0.65965575313681E-05
 0.80002510739324E-05
 0.96491943741907E-05
 0.11577202446985E-04
 0.13821563477455E-04
 0.16423248416958E-04
 0.19427183716654E-04
 0.22882481105907E-04
 0.26842716575419E-04
 0.31366200973789E-04
 0.36516271974165E-04
 0.42361560083961E-04
 0.48976347740802E-04
 0.56440839272357E-04
 0.64841524274107E-04
 0.74271521864654E-04
 0.84830951209633E-04
 0.96627329354489E-04
 0.10977597660405E-03
 0.12440042177651E-03
 0.14063290348674E-03
 0.15861484709189E-03
 0.17853136649803E-03
 0.20048301500393E-03
 0.22467033310916E-03
 0.25127742288121E-03
 0.28050066195557E-03
 0.31254951604327E-03
 0.34764744046822E-03
 0.38603265483511E-03
 0.42795941581834E-03
 0.47369894763159E-03
 0.52354071142621E-03
 0.57779401838553E-03
 0.63678930408581E-03
 0.70087980765640E-03
 0.77044382139777E-03
 0.84588657423307E-03
 0.92764252654249E-03
 0.10161784121102E-02
 0.11119959105547E-02
 0.12156353364273E-02
 0.13276792839069E-02
 0.14487571281280E-02
 0.15795500328414E-02
 0.17207967157901E-02
 0.18733000426161E-02
 0.20379338089776E-02
 0.22156521088886E-02
 0.24075712832644E-02
 0.26147106168567E-02
 0.28383894158641E-02
 0.30799999430471E-02
 0.33410842093707E-02
 0.36233534500838E-02
 0.39287179494746E-02
 0.42593126647155E-02
 0.46175380558705E-02
 0.50061028698161E-02
 0.54280733190209E-02
 0.58869465823922E-02
 0.63867191006277E-02
 0.69319968739106E-02
 0.75282288762392E-02
 0.81814249805782E-02
 0.88989540726457E-02
 0.96894336166143E-02
 0.10563113974518E-01
 0.11532308787665E-01
 0.12611965830520E-01
 0.13820544955866E-01
 0.15180487839384E-01
 0.16720341003546E-01
 0.18476257778023E-01
 0.20494819178457E-01
 0.22837353837036E-01
 0.25584443114469E-01
 0.28845784574312E-01
 0.32771792934380E-01
 0.37568636045934E-01
 0.43521577990940E-01
 0.51007859716700E-01
 0.60481822014633E-01
 0.72368462157059E-01
 0.86809924960618E-01
 0.10341569243036E+00
 0.12132660440980E+00
 0.13961454313660E+00
 0.15759579141410E+00
 0.17488155520011E+00
 0.19128983645600E+00
 0.20676361010491E+00
 0.22130498829660E+00
 0.23494864549909E+00
 0.24774275634445E+00
 0.25973745161868E+00
 0.27098456285455E+00
 0.28153456584567E+00
 0.29143399852854E+00
 0.30072699597556E+00
 0.30945464290402E+00
 0.31765541245925E+00
 0.32536389520920E+00
 0.33261382906474E+00
 0.33943584440273E+00
 0.34585770758606E+00
 0.35190654806091E+00
 0.35760639834970E+00
 0.36298092158347E+00
 0.36805090808331E+00
 0.37283706032027E+00
 0.37735735529993E+00
 0.38162994133687E+00
 0.38567069837642E+00
 0.38949444055571E+00
 0.39311600452419E+00
 0.39654780796476E+00
 0.39980288555122E+00
 0.40289215977953E+00
 0.40582605125455E+00
 0.40861512412587E+00
 0.41126815374601E+00
 0.41379327558710E+00
 0.41619925844315E+00
 0.41849305598111E+00
 0.42068152742430E+00
 0.42277064523324E+00
 0.42476717256458E+00
 0.42667619175639E+00
 0.42850283635555E+00
 0.43025146834879E+00
 0.43192737596573E+00
 0.43353426788955E+00
 0.43507600139907E+00
 0.43655575036714E+00
 0.43797773406588E+00
 0.43934464443477E+00
 0.44065940602273E+00
 0.44192475342656E+00
 0.44314281494287E+00
 0.44431686197265E+00
 0.44544868308958E+00
 0.44654038195492E+00
 0.44759700341807E+00
 0.44861414858653E+00
 0.44959673190058E+00
 0.45054638457464E+00
 0.45146464107454E+00
 0.45235294554179E+00
 0.45321265800470E+00
 0.45404506069032E+00
 0.45485136233030E+00
 0.45563270395521E+00
 0.45639016307266E+00
 0.45712475797477E+00
 0.45783745164560E+00
 0.45852915528493E+00
 0.45920073178923E+00
 0.45985299859495E+00
 0.46048673079021E+00
 0.46110266364112E+00
 0.46170149504258E+00
 0.46228388801949E+00
 0.46285047230948E+00
 0.46340184704576E+00
 0.46393858215597E+00
 0.46446122019933E+00
 0.46497027791636E+00
 0.46546624777407E+00
 0.46594959931455E+00
 0.46642078071363E+00
 0.46688021903334E+00
 0.46732832274734E+00
 0.46776548189833E+00
 0.46819206930169E+00
 0.46860844146786E+00
 0.46901493949710E+00
 0.46941189017222E+00
 0.46979960548406E+00
 0.47017838523896E+00
 0.47054851647711E+00
 0.47091027439263E+00
 0.47126392297095E+00
 0.47160971551138E+00
 0.47194789517153E+00
 0.47227869547396E+00
 0.47260234112561E+00
 0.47291904696369E+00
 0.47322902062459E+00
 0.47353246146613E+00
 0.47382956127194E+00
 0.47412050460668E+00
 0.47440546917651E+00
 0.47468462610955E+00
 0.47495814027259E+00
 0.47522617054516E+00
 0.47548887051958E+00
 0.47574638700833E+00
 0.47599886289617E+00
 0.47624643564256E+00
 0.47648923790875E+00
 0.47672739776855E+00
 0.47696103890897E+00
 0.47719028080058E+00
 0.47741523888763E+00
 0.47763602474263E+00
 0.47785274671809E+00
 0.47806550815224E+00
 0.47827441040728E+00
 0.47847955110580E+00
 0.47868102471255E+00
 0.47887892266490E+00
 0.47907333349635E+00
 0.47926434294347E+00
 0.47945203405595E+00
 0.47963648730280E+00
 0.47981778066435E+00
 0.47999599025081E+00
 0.48017118831051E+00
 0.48034344641190E+00
 0.48051283350109E+00
 0.48067941645176E+00
 0.48084326015617E+00
 0.48100442759390E+00
 0.48116297990150E+00
 0.48131897643931E+00
 0.48147247485127E+00
 0.48162353112944E+00
 0.48177219966829E+00
 0.48191853332259E+00
 0.48206258399679E+00
 0.48220440054953E+00
 0.48234403203154E+00
 0.48248152565976E+00
 0.48261692534541E+00
 0.48275027977866E+00
 0.48288163034433E+00
 0.48301101931207E+00
 0.48313848780715E+00
 0.48326407586892E+00
 0.48338782247233E+00
 0.48350976556638E+00
 0.48362994210467E+00
 0.48374838863896E+00
