 0.00000000000000E+00
 0.00000000000000E+00
 0.00000000000000E+00
 0.00000000000000E+00
 0.77121967227009E-78
 0.80534354357142E-65
 0.16037099781500E-55
 0.15117633261511E-48
 0.40177586150446E-43
 0.87817928634988E-39
 0.31200661771119E-35
 0.28377916058620E-32
 0.90488755870519E-30
 0.12663404602930E-27
 0.91702526691256E-26
 0.38881028567453E-24
 0.10608356608384E-22
 0.20045828462729E-21
 0.27800988302383E-20
 0.29642413328573E-19
 0.25229149380941E-18
 0.17675828866348E-17
 0.10456260279606E-16
 0.53344016630236E-16
 0.23890811154382E-15
 0.95355869348794E-15
 0.34356017130872E-14
 0.11297167468794E-13
 0.34226472593815E-13
 0.96326619165627E-13
 0.25364596282096E-12
 0.62881714633613E-12
 0.14757866119376E-11
 0.32948257493102E-11
 0.70277550184314E-11
 0.14375883685978E-10
 0.28298586088865E-10
 0.53768761384305E-10
 0.98881989597312E-10
 0.17643876624898E-09
 0.30614267000839E-09
 0.51758063732664E-09
 0.85417428376530E-09
 0.13783108160007E-08
 0.21778796248589E-08
 0.33744531543298E-08
 0.51333576175896E-08
 0.76758827465522E-08
 0.11293874537470E-07
 0.16366946392160E-07
 0.23382527278439E-07
 0.32958947291874E-07
 0.45871731128266E-07
 0.63083247927034E-07
 0.85775825179626E-07
 0.11538840741797E-06
 0.15365680754809E-06
 0.20265753225017E-06
 0.26485522180559E-06
 0.34315357309124E-06
 0.44094974094111E-06
 0.56219198054612E-06
 0.71144068678735E-06
 0.89393236623229E-06
 0.11156466510745E-05
 0.13833762196665E-05
 0.17047990499012E-05
 0.20885540453427E-05
 0.25443185476101E-05
 0.30828887097739E-05
 0.37162626743316E-05
 0.44577250972349E-05
 0.53219369463642E-05
 0.63250260193924E-05
 0.74846819110439E-05
 0.88202545408642E-05
 0.10352857974984E-04
 0.12105474694182E-04
 0.14103110238196E-04
 0.16372780715008E-04
 0.18943819926060E-04
 0.21847909403192E-04
 0.25119243684992E-04
 0.28794703247410E-04
 0.32914022597445E-04
 0.37519984290099E-04
 0.42658637157540E-04
 0.48379512308589E-04
 0.54735912618739E-04
 0.61785189913295E-04
 0.69589086556527E-04
 0.78214072406151E-04
 0.87731814273278E-04
 0.98219619990394E-04
 0.10976098554208E-03
 0.12244623334235E-03
 0.13637314179893E-03
 0.15164785849048E-03
 0.16838578831182E-03
 0.18671257352717E-03
 0.20676547845931E-03
 0.22869472561500E-03
 0.25266523109385E-03
 0.27885834095546E-03
 0.30747437215062E-03
 0.33873672955884E-03
 0.37288921581579E-03
 0.41020762152430E-03
 0.45099948307882E-03
 0.49561035675125E-03
 0.54442957134610E-03
 0.59789879547170E-03
 0.65651989729264E-03
 0.72086720364002E-03
 0.79160075886032E-03
 0.86948201502174E-03
 0.95539677858042E-03
 0.10503784564996E-02
 0.11556439008569E-02
 0.12726402908675E-02
 0.14030715108665E-02
 0.15490044803359E-02
 0.17129402144901E-02
 0.18979333609872E-02
 0.21077549534637E-02
 0.23471154628913E-02
 0.26219772542611E-02
 0.29399146453736E-02
 0.33107981303186E-02
 0.37476122178190E-02
 0.42677436085382E-02
 0.48949790551890E-02
 0.56622278152333E-02
 0.66163947545402E-02
 0.78255203131444E-02
 0.93896045982563E-02
 0.11458012668307E-01
 0.14250266944263E-01
 0.18072881175779E-01
 0.23298455066999E-01
 0.30249631995046E-01
 0.39007701006639E-01
 0.49317973892835E-01
 0.60724049382314E-01
 0.72770082003461E-01
 0.85103828529721E-01
 0.97480532954253E-01
 0.10974083118945E+00
 0.12177895461877E+00
 0.13352738934959E+00
 0.14494412565109E+00
 0.15600071898132E+00
 0.16668165738619E+00
 0.17697964590568E+00
 0.18689222482205E+00
 0.19642165956628E+00
 0.20557332183401E+00
 0.21435528845410E+00
 0.22277592579027E+00
 0.23084669130466E+00
 0.23857926256884E+00
 0.24598476903212E+00
 0.25307655158425E+00
 0.25986628427061E+00
 0.26636759461502E+00
 0.27259205587192E+00
 0.27855313012085E+00
 0.28426189249865E+00
 0.28973135430737E+00
 0.29497244210629E+00
 0.29999571374951E+00
 0.30481306025441E+00
 0.30943351755039E+00
 0.31386824724101E+00
 0.31812587500514E+00
 0.32221486308332E+00
 0.32614500499107E+00
 0.32992365500190E+00
 0.33355772502494E+00
 0.33705596147382E+00
 0.34042443976984E+00
 0.34366962554237E+00
 0.34679685895829E+00
 0.34981346909464E+00
 0.35272407941804E+00
 0.35553381966162E+00
 0.35824671735867E+00
 0.36086896511582E+00
 0.36340402307939E+00
 0.36585593928201E+00
 0.36822768556008E+00
 0.37052458927016E+00
 0.37274917405357E+00
 0.37490464722038E+00
 0.37699403992024E+00
 0.37901933056709E+00
 0.38098503247866E+00
 0.38289277589023E+00
 0.38474498849177E+00
 0.38655044031452E+00
 0.38829817072502E+00
 0.38999689901871E+00
 0.39164857453882E+00
 0.39325504727748E+00
 0.39481807319173E+00
 0.39633931968889E+00
 0.39782037227409E+00
 0.39926273719595E+00
 0.40066784787651E+00
 0.40203706859579E+00
 0.40337169864401E+00
 0.40467297611016E+00
 0.40594208131797E+00
 0.40718014027651E+00
 0.40838822744763E+00
 0.40956736894571E+00
 0.41071854505654E+00
 0.41184269273542E+00
 0.41294070834403E+00
 0.41401344869326E+00
 0.41506173469336E+00
 0.41608635228440E+00
 0.41708805452005E+00
 0.41806756320555E+00
 0.41902557057301E+00
 0.41996274073518E+00
 0.42087971167789E+00
 0.42177709439926E+00
 0.42265547737096E+00
 0.42351542562813E+00
 0.42435748237689E+00
 0.42518217003212E+00
 0.42598999125103E+00
 0.42678143053936E+00
 0.42755695220099E+00
 0.42831700560216E+00
 0.42906202301959E+00
 0.42979242107078E+00
 0.43050860147229E+00
 0.43121095165428E+00
 0.43189984541135E+00
 0.43257564350997E+00
 0.43323869514062E+00
 0.43388933479532E+00
 0.43452788825838E+00
 0.43515466949027E+00
 0.43576998192775E+00
 0.43637411893012E+00
 0.43696736422676E+00
 0.43754999227001E+00
 0.43812226863577E+00
 0.43868445036634E+00
 0.43923678738663E+00
 0.43977951852351E+00
 0.44031287824392E+00
 0.44083709270953E+00
 0.44135238107321E+00
 0.44185895575801E+00
 0.44235702272245E+00
 0.44284678168615E+00
 0.44332842638170E+00
 0.44380214475927E+00
 0.44426812042351E+00
 0.44472652798403E+00
 0.44517754047445E+00
 0.44562132479634E+00
 0.44605804302144E+00
 0.44648785258234E+00
 0.44691090644185E+00
 0.44732735324139E+00
 0.44773733745296E+00
 0.44814099953002E+00
 0.44853847603212E+00
 0.44892990108858E+00
 0.44931540124345E+00
 0.44969510343143E+00
 0.45006912996181E+00
 0.45043759982720E+00
 0.45080062884850E+00
 0.45115832977526E+00
 0.45151081238573E+00
 0.45185818358543E+00
 0.45220054749315E+00
 0.45253800553573E+00
 0.45287065652837E+00
 0.45319859675972E+00
 0.45352192145960E+00
 0.45384071933398E+00
 0.45415508086218E+00
 0.45446509302376E+00
 0.45477083833083E+00
 0.45507240404457E+00
 0.45536986847100E+00
 0.45566331028033E+00
 0.45595280621510E+00
 0.45623843117144E+00
 0.45652025823807E+00
 0.45679835875402E+00
 0.45707280235637E+00
 0.45734365849625E+00
