 0.00000000000000E+00
 0.00000000000000E+00
 0.00000000000000E+00
 0.00000000000000E+00
 0.91704933373074E-26
 0.20044430752083E-21
 0.25217882128753E-18
 0.53271460281500E-16
 0.34250055559735E-14
 0.95762262088535E-13
 0.14612390459229E-11
 0.14157725899038E-10
 0.96723396583250E-10
 0.50216930242737E-09
 0.20931182600056E-08
 0.72987067025265E-08
 0.21972662952339E-07
 0.58524985010859E-07
 0.14061123324128E-06
 0.30948365590106E-06
 0.63187900894217E-06
 0.12090921576654E-05
 0.21867099382093E-05
 0.37643812623069E-05
 0.62049878723078E-05
 0.98426385158292E-05
 0.15089020563919E-04
 0.22437791643955E-04
 0.32466834498680E-04
 0.45838338228800E-04
 0.63296810660020E-04
 0.85665164454561E-04
 0.11383917669385E-03
 0.14878056298323E-03
 0.19150892807131E-03
 0.24309308023407E-03
 0.30464163296855E-03
 0.37729361586068E-03
 0.46220887928456E-03
 0.56055877440412E-03
 0.67351719098256E-03
 0.80225196033336E-03
 0.94791696035954E-03
 0.11116447089409E-02
 0.12945397248350E-02
 0.14976725955812E-02
 0.17220746567247E-02
 0.19687334741625E-02
 0.22385889616724E-02
 0.25325301831184E-02
 0.28513927450820E-02
 0.31959568440144E-02
 0.35669457903219E-02
 0.39650251480974E-02
 0.43908022770453E-02
 0.48448263438721E-02
 0.53275887903409E-02
 0.58395238872469E-02
 0.63810101386953E-02
 0.69523714916665E-02
 0.75538791578980E-02
 0.81857530622086E-02
 0.88481645785399E-02
 0.95412384166775E-02
 0.10265055169581E-01
 0.11019654115657E-01
 0.11805035073974E-01
 0.12621162442904E-01
 0.13467967332247E-01
 0.14345350709847E-01
 0.15253186830480E-01
 0.16191324890378E-01
 0.17159594254463E-01
 0.18157806316958E-01
 0.19185758035317E-01
 0.20243235172456E-01
 0.21330016234553E-01
 0.22445873306538E-01
 0.23590598593309E-01
 0.24763932220480E-01
 0.25965669532887E-01
 0.27195600386361E-01
 0.28453524533978E-01
 0.29739260342725E-01
 0.31052645161995E-01
 0.32393539713976E-01
 0.33761833415517E-01
 0.35157443168926E-01
 0.36580324740823E-01
 0.38030472531389E-01
 0.39507926593121E-01
 0.41012770999269E-01
 0.42545148324208E-01
 0.44105258821356E-01
 0.45693367447323E-01
 0.47309812734728E-01
 0.48955003981687E-01
 0.50629442049447E-01
 0.52333721275042E-01
 0.54068529864398E-01
 0.55834674978582E-01
 0.57633083751780E-01
 0.59464821564926E-01
 0.61331090626410E-01
 0.63233266765677E-01
 0.65173001440446E-01
 0.67151884419352E-01
 0.69171961964066E-01
 0.71235466753301E-01
 0.73344913873987E-01
 0.75503112942415E-01
 0.77713256236904E-01
 0.79978910865383E-01
 0.82304123911773E-01
 0.84693471638177E-01
 0.87152104417990E-01
 0.89685911995857E-01
 0.92301551171609E-01
 0.95006673819760E-01
 0.97810201258681E-01
 0.10072189327880E+00
 0.10375350496171E+00
 0.10691860783733E+00
 0.11023300055584E+00
 0.11371526310498E+00
 0.11738747239884E+00
 0.12127616333979E+00
 0.12541256001831E+00
 0.12983521108794E+00
 0.13459112814232E+00
 0.13973840535115E+00
 0.14535016236298E+00
 0.15151687655900E+00
 0.15835458282963E+00
 0.16601052622531E+00
 0.17466694142410E+00
 0.18454584647557E+00
 0.19588588007580E+00
 0.20887805361112E+00
 0.22352091977278E+00
 0.23942189613343E+00
 0.25577046090813E+00
 0.27164410617014E+00
 0.28640204005398E+00
 0.29978982732553E+00
 0.31181531042485E+00
 0.32260063810793E+00
 0.33230083359400E+00
 0.34106235504893E+00
 0.34901433495463E+00
 0.35626641084370E+00
 0.36290823998838E+00
 0.36901534207773E+00
 0.37465089870150E+00
 0.37986753288823E+00
 0.38471005415796E+00
 0.38921669953743E+00
 0.39342054387353E+00
 0.39734960365405E+00
 0.40102914592583E+00
 0.40448108869848E+00
 0.40772431023855E+00
 0.41077635553942E+00
 0.41365213167451E+00
 0.41636578737174E+00
 0.41892927726335E+00
 0.42135422309041E+00
 0.42365033034060E+00
 0.42582729412414E+00
 0.42789329878866E+00
 0.42985582057509E+00
 0.43172236826333E+00
 0.43349892486054E+00
 0.43519193826113E+00
 0.43680657703211E+00
 0.43834769190915E+00
 0.43982040745081E+00
 0.44122873436859E+00
 0.44257635544946E+00
 0.44386748653814E+00
 0.44510522603796E+00
 0.44629270842046E+00
 0.44743256151641E+00
 0.44852805320888E+00
 0.44958139155429E+00
 0.45059490585738E+00
 0.45157047238953E+00
 0.45251069551621E+00
 0.45341715289223E+00
 0.45429159564308E+00
 0.45513535778624E+00
 0.45595058039783E+00
 0.45673837991019E+00
 0.45750009258524E+00
 0.45823697098313E+00
 0.45894987813141E+00
 0.45964055188904E+00
 0.46030969981546E+00
 0.46095829690678E+00
 0.46158952142182E+00
 0.46219964429510E+00
 0.46279180853157E+00
 0.46336677952272E+00
 0.46392527994217E+00
 0.46446799241569E+00
 0.46499556216121E+00
 0.46550859995156E+00
 0.46600768361924E+00
 0.46649336081104E+00
 0.46696615073553E+00
 0.46742654602377E+00
 0.46787501442053E+00
 0.46831200031504E+00
 0.46873792624205E+00
 0.46915319411673E+00
 0.46955818659069E+00
 0.46995326814896E+00
 0.47033878617782E+00
 0.47071507209439E+00
 0.47108244187778E+00
 0.47144119747767E+00
 0.47179162727628E+00
 0.47213400693268E+00
 0.47246860006258E+00
 0.47279565892032E+00
 0.47311542499545E+00
 0.47342812978432E+00
 0.47373399458072E+00
 0.47403323207441E+00
 0.47432604611103E+00
 0.47461263230504E+00
 0.47489317845282E+00
 0.47516786493947E+00
 0.47543686533564E+00
 0.47570034574762E+00
 0.47595846664978E+00
 0.47621138219268E+00
 0.47645924072601E+00
 0.47670218509001E+00
 0.47694035285554E+00
 0.47717387657407E+00
 0.47740288401076E+00
 0.47762749866148E+00
 0.47784783871859E+00
 0.47806401912196E+00
 0.47827615052334E+00
 0.47848433974541E+00
 0.47868868995028E+00
 0.47888930080708E+00
 0.47908626862642E+00
 0.47927968651000E+00
 0.47946964447954E+00
 0.47965622996756E+00
 0.47983952648417E+00
 0.48001961590398E+00
 0.48019657714325E+00
 0.48037048660712E+00
 0.48054141829261E+00
 0.48070944388634E+00
 0.48087463284829E+00
 0.48103705250404E+00
 0.48119676812045E+00
 0.48135384339639E+00
 0.48150833890147E+00
 0.48166031458245E+00
 0.48180982823267E+00
 0.48195693593586E+00
 0.48210169213511E+00
 0.48224414969422E+00
 0.48238435995180E+00
 0.48252237277629E+00
 0.48265823662040E+00
 0.48279199856651E+00
 0.48292370482235E+00
 0.48305339898955E+00
 0.48318112475029E+00
 0.48330692418210E+00
 0.48343083820079E+00
 0.48355290661168E+00
 0.48367316814560E+00
 0.48379166049471E+00
 0.48390842034767E+00
 0.48402348342048E+00
 0.48413688449018E+00
 0.48424865742356E+00
 0.48435883520739E+00
 0.48446745044301E+00
 0.48457453351199E+00
 0.48468011536479E+00
 0.48478422575064E+00
 0.48488689289410E+00
 0.48498814659099E+00
 0.48508801360776E+00
 0.48518652081199E+00
 0.48528369440381E+00
 0.48537955994408E+00
 0.48547414236848E+00
 0.48556746600767E+00
 0.48565955460422E+00
 0.48575043182197E+00
