                  NaN
                  NaN
                  NaN
                  NaN
 0.10000000133514E-09
 0.10000000133514E-09
 0.10000000133514E-09
 0.10000000133514E-09
 0.10000000133514E-09
 0.10000000133517E-09
 0.10000000133558E-09
 0.10000000133959E-09
 0.10000000137352E-09
 0.10000000173797E-09
 0.10000000634422E-09
 0.10000005679588E-09
 0.10000049072489E-09
 0.10000344406711E-09
 0.10001981504578E-09
 0.10009587440249E-09
 0.10039946273786E-09
 0.10146227321200E-09
 0.10478238907310E-09
 0.11417185697608E-09
 0.13850445406615E-09
 0.19688334777638E-09
 0.32769337638320E-09
 0.60349511752393E-09
 0.11542077603615E-08
 0.22014559720764E-08
 0.15314004640396E-04
 0.15318365222504E-04
 0.15325282797689E-04
 0.34593164468000E-04
 0.34612147548942E-04
 0.55397347178353E-04
 0.68850032544216E-04
 0.84657879618538E-04
 0.10307669149568E-03
 0.12437239296010E-03
 0.14882106287703E-03
 0.17670909628668E-03
 0.20833342153530E-03
 0.24400160206954E-03
 0.28403213329983E-03
 0.32875526156779E-03
 0.37851328173162E-03
 0.43366066981599E-03
 0.49456566226869E-03
 0.56161018965536E-03
 0.63519111723744E-03
 0.71572049481841E-03
 0.80362654668335E-03
 0.89935431748008E-03
 0.10033665646131E-02
 0.11161445951683E-02
 0.12381881918754E-02
 0.13700176980874E-02
 0.15121734904755E-02
 0.16652163165996E-02
 0.18297305514880E-02
 0.20063210180111E-02
 0.21956173559172E-02
 0.23982715981512E-02
 0.26149607704948E-02
 0.28463870684674E-02
 0.30932794138554E-02
 0.33563913209737E-02
 0.36365062769000E-02
 0.39344342577568E-02
 0.42510148859211E-02
 0.45871182480436E-02
 0.49436455170011E-02
 0.53215310080849E-02
 0.57217429930044E-02
 0.61452836326171E-02
 0.65931925198877E-02
 0.70665482659426E-02
 0.75679031963466E-02
 0.80957665858142E-02
 0.86525915622781E-02
 0.92396350627074E-02
 0.98582044421457E-02
 0.10509660040006E-01
 0.11195421151874E-01
 0.11916964254097E-01
 0.12675834589648E-01
 0.13473646116856E-01
 0.14312084847129E-01
 0.15192922410013E-01
 0.16118013750605E-01
 0.17089306344819E-01
 0.18108852636421E-01
 0.19178814427986E-01
 0.20301469958674E-01
 0.21479231334270E-01
 0.22714652642469E-01
 0.24010443078557E-01
 0.25369479783966E-01
 0.26794831147831E-01
 0.28289768561334E-01
 0.29857793540969E-01
 0.31502659779628E-01
 0.33228396693471E-01
 0.35039342773467E-01
 0.36941236862697E-01
 0.38937263480624E-01
 0.41033813922158E-01
 0.43236888637419E-01
 0.45553045642823E-01
 0.47989457770401E-01
 0.50554025654235E-01
 0.53255447200133E-01
 0.56103361975159E-01
 0.59108485848861E-01
 0.62282756742020E-01
 0.65639591005822E-01
 0.69194060333324E-01
 0.72963262423664E-01
 0.76967727081239E-01
 0.81227871262624E-01
 0.85770153749790E-01
 0.90624390015962E-01
 0.95825332897180E-01
 0.10141390410379E+00
 0.10743877155536E+00
 0.11395928577609E+00
 0.12104439808235E+00
 0.12878125173779E+00
 0.13727693669738E+00
 0.14666561513247E+00
 0.15711956193076E+00
 0.16885540208787E+00
 0.18215945543771E+00
 0.19740792153084E+00
 0.21508727260939E+00
 0.23583070994070E+00
 0.26039579625118E+00
 0.28955565684863E+00
 0.32376594651912E+00
 0.36258139444456E+00
 0.40433008590273E+00
 0.44663808878595E+00
 0.48747747435838E+00
 0.52568758860178E+00
 0.56084980228146E+00
 0.59296174235092E+00
 0.62221815054949E+00
 0.64886958358348E+00
 0.67317763761660E+00
 0.69538623009042E+00
 0.71571108891602E+00
 0.73434497690199E+00
 0.75145840253269E+00
 0.76719901885979E+00
 0.78169778181072E+00
 0.79507031242954E+00
 0.80741948382178E+00
 0.81883533346236E+00
 0.82940063694585E+00
 0.83918841668209E+00
 0.84826364016341E+00
 0.85668647504990E+00
 0.86450998548484E+00
 0.87178373582217E+00
 0.87855141203687E+00
 0.88485421502533E+00
 0.89072833956379E+00
 0.89620826706712E+00
 0.90132446445932E+00
 0.90610484239719E+00
 0.91057594746727E+00
 0.91476076461398E+00
 0.91868173649697E+00
 0.92235827243487E+00
 0.92580857329724E+00
 0.92904994221208E+00
 0.93209739464169E+00
 0.93496471397997E+00
 0.93766556701239E+00
 0.94021150842524E+00
 0.94261348995191E+00
 0.94488126612961E+00
 0.94702476138492E+00
 0.94905216223759E+00
 0.95097132875972E+00
 0.95278919826637E+00
 0.95451307614507E+00
 0.95614880276176E+00
 0.95770206970962E+00
 0.95917784214906E+00
 0.96058159128503E+00
 0.96191750848957E+00
 0.96318976359689E+00
 0.96440222289012E+00
 0.96555819286216E+00
 0.96666157967697E+00
 0.96771517799464E+00
 0.96872186692676E+00
 0.96968623126313E+00
 0.97060686680257E+00
 0.97148809380861E+00
 0.97233208008289E+00
 0.97314084960151E+00
 0.97391629332544E+00
 0.97466017933214E+00
 0.97537416223367E+00
 0.97605979111269E+00
 0.97671851784355E+00
 0.97735170387358E+00
 0.97796062689072E+00
 0.97854648684892E+00
 0.97911041138487E+00
 0.97965346109440E+00
 0.98017663390465E+00
 0.98068086967806E+00
 0.98116705402921E+00
 0.98163602197168E+00
 0.98208856147864E+00
 0.98252541628280E+00
 0.98294728913186E+00
 0.98335484424417E+00
 0.98374870985633E+00
 0.98412948046659E+00
 0.98449771902942E+00
 0.98485395888123E+00
 0.98519870571722E+00
 0.98553243882477E+00
 0.98585561333383E+00
 0.98616866126900E+00
 0.98647199301845E+00
 0.98676599860744E+00
 0.98705104891057E+00
 0.98732749687141E+00
 0.98759567800126E+00
 0.98785591219440E+00
 0.98810850406495E+00
 0.98835374391117E+00
 0.98859190855600E+00
 0.98882326204474E+00
 0.98904805636037E+00
 0.98926653208765E+00
 0.98947891913689E+00
 0.98968543675301E+00
 0.98988629492290E+00
 0.99008169432656E+00
 0.99027182691924E+00
 0.99045687638019E+00
 0.99063701856982E+00
 0.99081242188491E+00
 0.99098324765466E+00
 0.99114965048728E+00
 0.99131177875399E+00
 0.99146977426844E+00
 0.99162377354050E+00
 0.99177390741894E+00
 0.99192030150358E+00
 0.99206307639909E+00
 0.99220234795667E+00
 0.99233822747960E+00
 0.99247082195112E+00
 0.99260023422076E+00
 0.99272656336635E+00
 0.99284990420502E+00
 0.99297034845374E+00
 0.99308798423835E+00
 0.99320289640206E+00
 0.99331516664889E+00
 0.99342487368716E+00
 0.99353209335260E+00
 0.99363689873554E+00
 0.99373936030024E+00
 0.99383954599291E+00
 0.99393752151261E+00
 0.99403334975995E+00
 0.99412709190604E+00
 0.99421880684674E+00
 0.99430855143775E+00
 0.99439638058533E+00
 0.99448234732158E+00
 0.99456650288159E+00
 0.99464889677577E+00
 0.99472957685610E+00
 0.99480858938607E+00
 0.99488597909915E+00
 0.99496178926157E+00
 0.99503606187780E+00
 0.99510883713745E+00
 0.99518015437566E+00
 0.99525005153104E+00
 0.99531856277833E+00
 0.99538572885118E+00
 0.99545158156553E+00
 0.99551615428993E+00
 0.99557947934086E+00
 0.99564158804833E+00
 0.99570251077439E+00
 0.99576227695358E+00
 0.99582091512397E+00
 0.99587845310708E+00
