                  NaN
                  NaN
                  NaN
                  NaN
 0.11890896704895E+43
 0.24889292500956E+34
 0.15724715072571E+28
 0.35237963556356E+23
 0.85246674324269E+19
 0.10904636997891E+17
 0.46833592061549E+14
 0.49889942797238E+12
 0.10688996326810E+11
 0.39655158063790E+09
 0.22825089649327E+08
 0.18771907834765E+07
 0.20712699986255E+06
 0.29196598563855E+05
 0.50587804250633E+04
 0.10450578637885E+04
 0.25145640883578E+03
 0.69403952576782E+02
 0.21913063122802E+02
 0.80568810943255E+01
 0.35972761752942E+01
 0.20322310888498E+01
 0.14392157496228E+01
 0.11986276863249E+01
 0.10948680799646E+01
 0.10475929116783E+01
 0.38215772937575E+04
 0.20868551113893E+04
 0.11821611350701E+04
 0.15620827553621E+04
 0.94319384468575E+03
 0.93675714526799E+03
 0.74118849183286E+03
 0.59404153434155E+03
 0.48181637779136E+03
 0.39514012509607E+03
 0.32740795076109E+03
 0.27389977267496E+03
 0.23119729478687E+03
 0.19679384850273E+03
 0.16882975325602E+03
 0.14591038114470E+03
 0.12697890508742E+03
 0.11122659181811E+03
 0.98029177560255E+02
 0.86900434715811E+02
 0.77458664833953E+02
 0.69401846896373E+02
 0.62489299121235E+02
 0.56527883440357E+02
 0.51361606692662E+02
 0.46863691589520E+02
 0.42930460658592E+02
 0.39476702321908E+02
 0.36431958216303E+02
 0.33737671278470E+02
 0.31344986047515E+02
 0.29212882761160E+02
 0.27306821323898E+02
 0.25597552980827E+02
 0.24060231390974E+02
 0.22673659217122E+02
 0.21419692823199E+02
 0.20282721521343E+02
 0.19249298711753E+02
 0.18307777083687E+02
 0.17448046587764E+02
 0.16661305990072E+02
 0.15939864012780E+02
 0.15276985273773E+02
 0.14666752429662E+02
 0.14103949177449E+02
 0.13583969163544E+02
 0.13102736662455E+02
 0.12659006664680E+02
 0.12244897094369E+02
 0.11859822041493E+02
 0.11501211317019E+02
 0.11166763835456E+02
 0.10854410040548E+02
 0.10562289657516E+02
 0.10288721121266E+02
 0.10032186781726E+02
 0.97913129965036E+01
 0.95648484948613E+01
 0.93516588554047E+01
 0.91507064626944E+01
 0.89610448106686E+01
 0.87818065519300E+01
 0.86121955502964E+01
 0.84514777446748E+01
 0.82989764925565E+01
 0.81540682856325E+01
 0.80161721275056E+01
 0.78847466714251E+01
 0.77592906613608E+01
 0.76393315006512E+01
 0.75244267709391E+01
 0.74141583885766E+01
 0.73081328749032E+01
 0.72059732763786E+01
 0.71074999348312E+01
 0.70120306674367E+01
 0.69193970734060E+01
 0.68292759938901E+01
 0.67413526853466E+01
 0.66553207995757E+01
 0.65708745012190E+01
 0.64877129882584E+01
 0.64055321598128E+01
 0.63240248493742E+01
 0.62428816528023E+01
 0.61617819050419E+01
 0.60803980328307E+01
 0.59983848560709E+01
 0.59154412525379E+01
 0.58310819635456E+01
 0.57449505057053E+01
 0.56566093402733E+01
 0.55655873866002E+01
 0.54713707438874E+01
 0.53733896052068E+01
 0.52710392256094E+01
 0.51635811479332E+01
 0.50502447885388E+01
 0.49301413017528E+01
 0.48022611146213E+01
 0.46654650774913E+01
 0.45184411417778E+01
 0.43597435830922E+01
 0.41878100909576E+01
 0.40010881877721E+01
 0.37983531045764E+01
 0.35794318742383E+01
 0.33465511905036E+01
 0.31061485385597E+01
 0.28697844977035E+01
 0.26511609185264E+01
 0.24600889864907E+01
 0.22991639153970E+01
 0.21656673604766E+01
 0.20549199515629E+01
 0.19623388450879E+01
 0.18841082928191E+01
 0.18172679260501E+01
 0.17595539510172E+01
 0.17092293684314E+01
 0.16649759905900E+01
 0.16257611491509E+01
 0.15907736983252E+01
 0.15593693039185E+01
 0.15310276709788E+01
 0.15053249134822E+01
 0.14819107788296E+01
 0.14604984540184E+01
 0.14408429559242E+01
 0.14227382579187E+01
 0.14060126931717E+01
 0.13905142371270E+01
 0.13761169493512E+01
 0.13627067590864E+01
 0.13501894136498E+01
 0.13384773675260E+01
 0.13274989200380E+01
 0.13171855087938E+01
 0.13074804399438E+01
 0.12983333517922E+01
 0.12896954093636E+01
 0.12815282943619E+01
 0.12737920737940E+01
 0.12664551721013E+01
 0.12594889241643E+01
 0.12528633517998E+01
 0.12465555212876E+01
 0.12405447229746E+01
 0.12348075869160E+01
 0.12293272958430E+01
 0.12240870189223E+01
 0.12190728788697E+01
 0.12142676314435E+01
 0.12096599485364E+01
 0.12052379060968E+01
 0.12009920747383E+01
 0.11969091767897E+01
 0.11929814761430E+01
 0.11892003236381E+01
 0.11855592816253E+01
 0.11820476879243E+01
 0.11786602761771E+01
 0.11753906207615E+01
 0.11722327321675E+01
 0.11691826226378E+01
 0.11662318046511E+01
 0.11633770891966E+01
 0.11606139009254E+01
 0.11579265129122E+01
 0.11553341797848E+01
 0.11528212994304E+01
 0.11503843339789E+01
 0.11480199534629E+01
 0.11457250218688E+01
 0.11434965835851E+01
 0.11413318480772E+01
 0.11392281822360E+01
 0.11371830965974E+01
 0.11351942363591E+01
 0.11332593722154E+01
 0.11313763919856E+01
 0.11295432929649E+01
 0.11277581747415E+01
 0.11260192328975E+01
 0.11243247526666E+01
 0.11226731034939E+01
 0.11210627338706E+01
 0.11194921660142E+01
 0.11179599932571E+01
 0.11164648733233E+01
 0.11150055261579E+01
 0.11135807299343E+01
 0.11121893178011E+01
 0.11108301747255E+01
 0.11095022346479E+01
 0.11082044768900E+01
 0.11069359271355E+01
 0.11056956499280E+01
 0.11044827498422E+01
 0.11032963686166E+01
 0.11021356832354E+01
 0.11009999040581E+01
 0.10998882720342E+01
 0.10988000617593E+01
 0.10977345729665E+01
 0.10966911337563E+01
 0.10956690981647E+01
 0.10946678448683E+01
 0.10936867760480E+01
 0.10927253162641E+01
 0.10917829114044E+01
 0.10908590262747E+01
 0.10899531494287E+01
 0.10890647836698E+01
 0.10881934508960E+01
 0.10873386899571E+01
 0.10865000558904E+01
 0.10856771191963E+01
 0.10848694651939E+01
 0.10840766933658E+01
 0.10832984167738E+01
 0.10825342598206E+01
 0.10817838643454E+01
 0.10810468791978E+01
 0.10803229662808E+01
 0.10796117985137E+01
 0.10789130593737E+01
 0.10782264424639E+01
 0.10775516511234E+01
 0.10768883980306E+01
 0.10762364048549E+01
 0.10755954000538E+01
 0.10749651259153E+01
 0.10743453272543E+01
 0.10737357583246E+01
 0.10731361808211E+01
 0.10725463635690E+01
 0.10719660822569E+01
 0.10713951191910E+01
 0.10708332630542E+01
 0.10702803086658E+01
 0.10697360567792E+01
 0.10692003118681E+01
 0.10686728898713E+01
 0.10681536061803E+01
 0.10676422831796E+01
 0.10671387482665E+01
 0.10666428336278E+01
 0.10661543760779E+01
 0.10656732169028E+01
 0.10651992017055E+01
 0.10647321802691E+01
 0.10642720064125E+01
 0.10638185378613E+01
 0.10633716361176E+01
 0.10629311642651E+01
 0.10624969951070E+01
 0.10620689988007E+01
 0.10616470507110E+01
 0.10612310303730E+01
 0.10608208177162E+01
 0.10604162984382E+01
 0.10600173602191E+01
 0.10596238935729E+01
 0.10592357917506E+01
 0.10588529506620E+01
 0.10584752687930E+01
 0.10581026471306E+01
 0.10577349869232E+01
