-0.00000000000000E+00
-0.00000000000000E+00
-0.00000000000000E+00
-0.33667642357773E-06
-0.00000000000000E+00
 0.37034406593550E-05
 0.16497144755309E-03
 0.26503168064039E-02
 0.23893589104888E-01
 0.14331911339995E+00
 0.63756380665271E+00
 0.22620501077356E+01
 0.67330901188510E+01
 0.17436036654475E+02
 0.40350418205178E+02
 0.85153633946137E+02
 0.16644663637751E+03
 0.30503913263304E+03
 0.52923586348982E+03
 0.87632222007161E+03
 0.13926813271153E+04
 0.21364408553123E+04
 0.31771702943256E+04
 0.45972490175730E+04
 0.64924532435675E+04
 0.89721369139787E+04
 0.12160086771620E+05
 0.16194632549256E+05
 0.21228748642850E+05
 0.27430309455721E+05
 0.34982809376020E+05
 0.44084674650527E+05
 0.54949100006691E+05
 0.67804724130575E+05
 0.82894423766993E+05
 0.10047693058816E+06
 0.12082501637413E+06
 0.14422615855167E+06
 0.17098223411036E+06
 0.20140898302445E+06
 0.23583636631942E+06
 0.27460744513740E+06
 0.31807930486923E+06
 0.36662171175655E+06
 0.42061685716525E+06
 0.48045996680880E+06
 0.54655754685771E+06
 0.61932789008170E+06
 0.69920038359782E+06
 0.78661535952152E+06
 0.88202295909844E+06
 0.98588326695015E+06
 0.10986653953590E+07
 0.12208467863185E+07
 0.13529130963048E+07
 0.14953572266007E+07
 0.16486788906527E+07
 0.18133837525880E+07
 0.19899833026253E+07
 0.21789937515571E+07
 0.23809355609368E+07
 0.25963327733133E+07
 0.28257124856966E+07
 0.30696041912629E+07
 0.33285391386310E+07
 0.36030497493402E+07
 0.38936692229192E+07
 0.42009308095977E+07
 0.45253675825331E+07
 0.48675115454014E+07
 0.52278936219504E+07
 0.56070430902995E+07
 0.60054872231683E+07
 0.64237510174797E+07
 0.68623569203232E+07
 0.73218246248199E+07
 0.78026708823010E+07
 0.83054094047079E+07
 0.88305454960155E+07
 0.93785960279084E+07
 0.99500611065365E+07
 0.10545442059603E+08
 0.11165237511660E+08
 0.11809943305682E+08
 0.12480052949323E+08
 0.13176057719963E+08
 0.13898447380903E+08
 0.14647710332921E+08
 0.15424333981876E+08
 0.16228805477750E+08
 0.17061612048420E+08
 0.17923242153980E+08
 0.18814185334583E+08
 0.19734933419567E+08
 0.20685981209544E+08
 0.21667826923484E+08
 0.22680973947502E+08
 0.23725930354107E+08
 0.24803210321797E+08
 0.25913335892150E+08
 0.27056836216157E+08
 0.28234249411085E+08
 0.29446122707138E+08
 0.30693015027953E+08
 0.31975495189615E+08
 0.33294115935277E+08
 0.34649518102621E+08
 0.36042286018719E+08
 0.37473036801520E+08
 0.38942399484250E+08
 0.40451017575312E+08
 0.41999541487935E+08
 0.43588634482903E+08
 0.45218963450116E+08
 0.46891197696922E+08
 0.48606009055596E+08
 0.50364055068960E+08
 0.52165983096825E+08
 0.54012405500291E+08
 0.55903838362243E+08
 0.57840885619157E+08
 0.59823928613608E+08
 0.61853257310663E+08
 0.63929003116115E+08
 0.66051070484329E+08
 0.68219046407766E+08
 0.70432035040284E+08
 0.72688772422268E+08
 0.74987070399919E+08
 0.77323761008540E+08
 0.79694286352077E+08
 0.82092014588041E+08
 0.84508081428299E+08
 0.86929743694796E+08
 0.89339393584008E+08
 0.91713884296217E+08
 0.94022609638041E+08
 0.96230552150509E+08
 0.98306700785255E+08
 0.10024587928339E+09
 0.10210278456766E+09
 0.10400195042741E+09
 0.10609503530505E+09
 0.10849651555337E+09
 0.11126197978043E+09
 0.11440425956368E+09
 0.11791726167994E+09
 0.12178813177304E+09
 0.12600602829125E+09
 0.13056229443567E+09
 0.13545290264036E+09
 0.14067735747795E+09
 0.14623855327837E+09
 0.15214173205372E+09
 0.15839542599530E+09
 0.16501010490206E+09
 0.17199821015923E+09
 0.17937389303338E+09
 0.18715310930437E+09
 0.19535235719568E+09
 0.20398998769862E+09
 0.21308520193422E+09
 0.22265788921721E+09
 0.23272868567207E+09
 0.24331868497183E+09
 0.25444946800004E+09
 0.26614283715206E+09
 0.27842086816469E+09
 0.29130566801009E+09
 0.30481943747702E+09
 0.31898434164357E+09
 0.33382241435925E+09
 0.34935563694138E+09
 0.36560575988982E+09
 0.38259469788469E+09
 0.40034327771385E+09
 0.41887302074408E+09
 0.43820495460026E+09
 0.45835990550584E+09
 0.47935845203254E+09
 0.50122102789410E+09
 0.52396787332568E+09
 0.54761907323070E+09
 0.57219450534913E+09
 0.59771395334654E+09
 0.62419705037278E+09
 0.65166332835513E+09
 0.68013216672809E+09
 0.70962290033658E+09
 0.74015476615313E+09
 0.77174694805898E+09
 0.80441852866274E+09
 0.83818858671573E+09
 0.87307615082106E+09
 0.90910021965122E+09
 0.94627978864681E+09
 0.98463379968991E+09
 0.10241812341880E+10
 0.10649410614934E+10
 0.11069321880074E+10
 0.11501737648769E+10
 0.11946847278588E+10
 0.12404841238487E+10
 0.12875910297745E+10
 0.13360245589250E+10
 0.13858038650669E+10
 0.14369481414314E+10
 0.14894766344901E+10
 0.15434086377221E+10
 0.15987634997107E+10
 0.16555606250970E+10
 0.17138194767335E+10
 0.17735595816503E+10
 0.18348005225369E+10
 0.18975619559565E+10
 0.19618636019105E+10
 0.20277252500941E+10
 0.20951667621311E+10
 0.21642080724307E+10
 0.22348691842249E+10
 0.23071701815543E+10
 0.23811312230676E+10
 0.24567725447458E+10
 0.25341144621307E+10
 0.26131773698000E+10
 0.26939817435998E+10
 0.27765481424247E+10
 0.28608972032684E+10
 0.29470496516567E+10
 0.30350262956478E+10
 0.31248480283913E+10
 0.32165358289654E+10
 0.33101107627215E+10
 0.34055939841165E+10
 0.35030067308032E+10
 0.36023703329712E+10
 0.37037062083695E+10
 0.38070358651314E+10
 0.39123809003574E+10
 0.40197630025061E+10
 0.41292039510140E+10
 0.42407256161722E+10
 0.43543499631674E+10
 0.44700990434680E+10
 0.45879950077640E+10
 0.47080600969164E+10
 0.48303166461375E+10
 0.49547870855102E+10
 0.50814939381847E+10
 0.52104598231384E+10
 0.53417074541623E+10
 0.54752596404478E+10
 0.56111392890478E+10
 0.57493693981250E+10
 0.58899730670878E+10
 0.60329734905309E+10
 0.61783939603684E+10
 0.63262578659016E+10
 0.64765886935670E+10
 0.66294100285315E+10
 0.67847455535577E+10
 0.69426190502325E+10
 0.71030544000366E+10
 0.72660755792172E+10
 0.74317066675396E+10
 0.75999718428332E+10
 0.77708953824095E+10
 0.79445016637404E+10
 0.81208151640365E+10
 0.82998604611444E+10
 0.84816622334105E+10
 0.86662452596938E+10
 0.88536344198900E+10
 0.90438546964768E+10
 0.92369311688572E+10
 0.94328890221924E+10
 0.96317535419353E+10
 0.98335501154508E+10
 0.10038304231805E+11
 0.10246041482412E+11
 0.10456787560972E+11
 0.10670568263594E+11
 0.10887409489234E+11
 0.11107337239234E+11
 0.11330377617982E+11
 0.11556556832646E+11
 0.11785901195476E+11
 0.12018437117418E+11
 0.12254191117168E+11
 0.12493189815492E+11
 0.12735460391473E+11
 0.12981028760797E+11
 0.13229922313674E+11
 0.13482168085270E+11
 0.13737793217499E+11
 0.13996824953862E+11
 0.14259290642972E+11
 0.14525217737595E+11
 0.14794633795203E+11
 0.15067566479154E+11
