 0.10940782383175E+00
 0.10940782383175E+00
 0.10940782383175E+00
 0.10940782383175E+00
 0.10940782383175E+00
 0.10940782383173E+00
 0.10940782383111E+00
 0.10940782382286E+00
 0.10940782376052E+00
 0.10940782344698E+00
 0.10940782227389E+00
 0.10940781875831E+00
 0.10940780987376E+00
 0.10940779023010E+00
 0.10940775119397E+00
 0.10940768006462E+00
 0.10940755930445E+00
 0.10940736611104E+00
 0.10940707199651E+00
 0.10940664275491E+00
 0.10940603848718E+00
 0.10940521391219E+00
 0.10940411867860E+00
 0.10940269790152E+00
 0.10940089263192E+00
 0.10939864042606E+00
 0.10939587596712E+00
 0.10939253154941E+00
 0.10938853763674E+00
 0.10938382340750E+00
 0.10937831667309E+00
 0.10937194603929E+00
 0.10936463894829E+00
 0.10935632189878E+00
 0.10934692605787E+00
 0.10933637678309E+00
 0.10932460702314E+00
 0.10931154670637E+00
 0.10929712791188E+00
 0.10928128391185E+00
 0.10926394915091E+00
 0.10924505934756E+00
 0.10922455134417E+00
 0.10920236314970E+00
 0.10917843380966E+00
 0.10915270324715E+00
 0.10912511221284E+00
 0.10909560206664E+00
 0.10906411461483E+00
 0.10903059185533E+00
 0.10899497582601E+00
 0.10895720830446E+00
 0.10891723051881E+00
 0.10887498290978E+00
 0.10883040476986E+00
 0.10878343392603E+00
 0.10873400638844E+00
 0.10868205594448E+00
 0.10862751379290E+00
 0.10857030811508E+00
 0.10851036361585E+00
 0.10844760109801E+00
 0.10838193693924E+00
 0.10831328262866E+00
 0.10824154419750E+00
 0.10816662169138E+00
 0.10808840864401E+00
 0.10800679141373E+00
 0.10792164857961E+00
 0.10783285034405E+00
 0.10774025776480E+00
 0.10764372233044E+00
 0.10754308487236E+00
 0.10743817503242E+00
 0.10732881043462E+00
 0.10721479590855E+00
 0.10709592241038E+00
 0.10697196682788E+00
 0.10684264305296E+00
 0.10670777928832E+00
 0.10656706391136E+00
 0.10642020465712E+00
 0.10626689041958E+00
 0.10610678816046E+00
 0.10593954269245E+00
 0.10576477526500E+00
 0.10558208108873E+00
 0.10539103036569E+00
 0.10519116323666E+00
 0.10498198971115E+00
 0.10476298668167E+00
 0.10453359922120E+00
 0.10429323282784E+00
 0.10404125439572E+00
 0.10377698884669E+00
 0.10349971402683E+00
 0.10320866372047E+00
 0.10290301521885E+00
 0.10258188910195E+00
 0.10224435057017E+00
 0.10188939403141E+00
 0.10151594421920E+00
 0.10112284563328E+00
 0.10070886734648E+00
 0.10027267904266E+00
 0.99812735656432E-01
 0.99327699962652E-01
 0.98815825779581E-01
 0.98275316763636E-01
 0.97704227072888E-01
 0.97100464788544E-01
 0.96461734060125E-01
 0.95785560764070E-01
 0.95069227336066E-01
 0.94309759286838E-01
 0.93503921398680E-01
 0.92648120290106E-01
 0.91738432210288E-01
 0.90770475135919E-01
 0.89739244805507E-01
 0.88639623732545E-01
 0.87465463410830E-01
 0.86209943837479E-01
 0.84865419569162E-01
 0.83423222841593E-01
 0.81873421346529E-01
 0.80204492865423E-01
 0.78403688278888E-01
 0.76455763534198E-01
 0.74343139950538E-01
 0.72045330476162E-01
 0.69538023881588E-01
 0.66793894943473E-01
 0.63780644606461E-01
 0.60462111147383E-01
 0.56801772036113E-01
 0.52766951898213E-01
 0.48346665006563E-01
 0.43580862733393E-01
 0.38603215580086E-01
 0.33667005120665E-01
 0.29081915345416E-01
 0.25077640424313E-01
 0.21722864359526E-01
 0.18964030013723E-01
 0.16700357087830E-01
 0.14831414160088E-01
 0.13272932336623E-01
 0.11959522692161E-01
 0.10841135842903E-01
 0.98796170423721E-02
 0.90460116153407E-02
 0.83177881862712E-02
 0.76772994143809E-02
 0.71106275914724E-02
 0.66065829173788E-02
 0.61560959868212E-02
 0.57517178661820E-02
 0.53873611213426E-02
 0.50578572742867E-02
 0.47588916056808E-02
 0.44868587530894E-02
 0.42386061597599E-02
 0.40115036438500E-02
 0.38032072858557E-02
 0.36117582899261E-02
 0.34353753409918E-02
 0.32725746392366E-02
 0.31219766566184E-02
 0.29824222872873E-02
 0.28528859626919E-02
 0.27324033884885E-02
 0.26201906792623E-02
 0.25154725791967E-02
 0.24176167550502E-02
 0.23260491851765E-02
 0.22402051106875E-02
 0.21596312380400E-02
 0.20839202914365E-02
 0.20126454065415E-02
 0.19454793049706E-02
 0.18821064118381E-02
 0.18222600002877E-02
 0.17656398939502E-02
 0.17120305602538E-02
 0.16612164173947E-02
 0.16130202995899E-02
 0.15672229013287E-02
 0.15236803093233E-02
 0.14822420324929E-02
 0.14427894811040E-02
 0.14051559024562E-02
 0.13692450002281E-02
 0.13349493483859E-02
 0.13021698290670E-02
 0.12708343178006E-02
 0.12408184719643E-02
 0.12120645291904E-02
 0.11844997972953E-02
 0.11579199788935E-02
 0.11325413097102E-02
 0.11081636102889E-02
 0.10847328445645E-02
 0.10621986249458E-02
 0.10405139563557E-02
 0.10196349891790E-02
 0.99952065585958E-03
 0.98013263007933E-03
 0.96143499292174E-03
 0.94339408271875E-03
 0.92597832274862E-03
 0.90915806556165E-03
 0.89290547029055E-03
 0.87719429820411E-03
 0.86199990809148E-03
 0.84729906774764E-03
 0.83306987540908E-03
 0.81929166814989E-03
 0.80594494569734E-03
 0.79301125103766E-03
 0.78047316491437E-03
 0.76831419381163E-03
 0.75651872058005E-03
 0.74507194832092E-03
 0.73395984745591E-03
 0.72316910815016E-03
 0.71268709769582E-03
 0.70250180751978E-03
 0.69260183386990E-03
 0.68297632799229E-03
 0.67361496668544E-03
 0.66450792147721E-03
 0.65564582949275E-03
 0.64701976500126E-03
 0.63862122181636E-03
 0.63044207915694E-03
 0.62247458647180E-03
 0.61471134201493E-03
 0.60714527289468E-03
 0.59976961811418E-03
 0.59257791146956E-03
 0.58556396568954E-03
 0.57872185162097E-03
 0.57204591066140E-03
 0.56553070282203E-03
 0.55917101964265E-03
 0.55296186728266E-03
 0.54689845571131E-03
 0.54097618801022E-03
 0.53519065155659E-03
 0.52953760859333E-03
 0.52401298800609E-03
 0.51861286659252E-03
 0.51333350431933E-03
 0.50817127355338E-03
 0.50312269412460E-03
 0.49818441700959E-03
 0.49335321825532E-03
 0.48862599312139E-03
 0.48399975100680E-03
 0.47947161002327E-03
 0.47503879247059E-03
 0.47069860610995E-03
 0.46644849557362E-03
 0.46228595551420E-03
 0.45820858084043E-03
 0.45421405020784E-03
 0.45030012228504E-03
 0.44646463230076E-03
 0.44270548899167E-03
 0.43902067153559E-03
 0.43540822654277E-03
 0.43186626553528E-03
 0.42839294556913E-03
 0.42498653302149E-03
 0.42164530283693E-03
 0.41836760044335E-03
 0.41515182467950E-03
 0.41199642525314E-03
 0.40889990083531E-03
 0.40586079717680E-03
 0.40287770526924E-03
 0.39994925973613E-03
 0.39707413709361E-03
 0.39425105426910E-03
 0.39147876705571E-03
 0.38875605006849E-03
 0.38608176961834E-03
 0.38345477232163E-03
 0.38087395528645E-03
 0.37833828656696E-03
 0.37584665032680E-03
 0.37339807717858E-03
 0.37099158748795E-03
 0.36862622987719E-03
 0.36630107984030E-03
 0.36401523907435E-03
 0.36176783450313E-03
 0.35955801747316E-03
 0.35738494231585E-03
