-0.13642672644084E+01
-0.13642672644084E+01
-0.13642672644084E+01
-0.13642672644084E+01
-0.13642672644084E+01
-0.13642672644084E+01
-0.13642672644085E+01
-0.13642672644101E+01
-0.13642672644242E+01
-0.13642672645029E+01
-0.13642672648289E+01
-0.13642672659003E+01
-0.13642672688490E+01
-0.13642672759078E+01
-0.13642672910203E+01
-0.13642673205689E+01
-0.13642673741832E+01
-0.13642674655876E+01
-0.13642676134497E+01
-0.13642678423598E+01
-0.13642681829086E+01
-0.13642686734324E+01
-0.13642693598136E+01
-0.13642702963829E+01
-0.13642715463067E+01
-0.13642731817060E+01
-0.13642752842205E+01
-0.13642779450814E+01
-0.13642812651782E+01
-0.13642853552274E+01
-0.13642903362469E+01
-0.13642963391029E+01
-0.13643035044013E+01
-0.13643119829337E+01
-0.13643219348821E+01
-0.13643335308850E+01
-0.13643469508407E+01
-0.13643623843460E+01
-0.13643800304947E+01
-0.13644000975233E+01
-0.13644228030476E+01
-0.13644483733231E+01
-0.13644770438543E+01
-0.13645090585093E+01
-0.13645446693508E+01
-0.13645841370376E+01
-0.13646277296684E+01
-0.13646757231155E+01
-0.13647284005678E+01
-0.13647860524330E+01
-0.13648489755880E+01
-0.13649174734673E+01
-0.13649918554596E+01
-0.13650724364471E+01
-0.13651595367296E+01
-0.13652534813851E+01
-0.13653545999843E+01
-0.13654632260224E+01
-0.13655796968370E+01
-0.13657043528792E+01
-0.13658375374034E+01
-0.13659795960257E+01
-0.13661308763770E+01
-0.13662917276681E+01
-0.13664625002677E+01
-0.13666435453182E+01
-0.13668352144749E+01
-0.13670378594267E+01
-0.13672518317456E+01
-0.13674774822983E+01
-0.13677151612393E+01
-0.13679652176377E+01
-0.13682279992400E+01
-0.13685038522920E+01
-0.13687931213574E+01
-0.13690961491841E+01
-0.13694132765794E+01
-0.13697448423463E+01
-0.13700911797426E+01
-0.13704526296551E+01
-0.13708295219134E+01
-0.13712221871529E+01
-0.13716309542261E+01
-0.13720561501511E+01
-0.13724981004056E+01
-0.13729571289965E+01
-0.13734335589323E+01
-0.13739277123227E+01
-0.13744399106212E+01
-0.13749704751127E+01
-0.13755197271333E+01
-0.13760879888321E+01
-0.13766755830700E+01
-0.13772828342181E+01
-0.13779100686070E+01
-0.13785576148217E+01
-0.13792258048550E+01
-0.13799149737905E+01
-0.13806254607390E+01
-0.13813576099970E+01
-0.13821117705496E+01
-0.13828882972958E+01
-0.13836875511443E+01
-0.13845099007160E+01
-0.13853557211563E+01
-0.13862253770099E+01
-0.13871192909215E+01
-0.13880378482663E+01
-0.13889814560453E+01
-0.13899505291183E+01
-0.13909454918913E+01
-0.13919667733245E+01
-0.13930148108511E+01
-0.13940900442981E+01
-0.13951929150864E+01
-0.13963238663024E+01
-0.13974833316084E+01
-0.13986717379506E+01
-0.13998894891930E+01
-0.14011369257023E+01
-0.14024144457861E+01
-0.14037223009474E+01
-0.14050606824236E+01
-0.14064296768795E+01
-0.14078292213008E+01
-0.14092590433010E+01
-0.14107185520525E+01
-0.14122069139493E+01
-0.14137226858617E+01
-0.14152637784559E+01
-0.14168271857114E+01
-0.14184085337999E+01
-0.14200019765522E+01
-0.14215991095962E+01
-0.14231883202453E+01
-0.14247543427381E+01
-0.14262769916986E+01
-0.14277331724364E+01
-0.14291024325660E+01
-0.14303813582446E+01
-0.14316060231494E+01
-0.14328585597200E+01
-0.14342389896289E+01
-0.14358228122421E+01
-0.14376466893203E+01
-0.14397190835367E+01
-0.14420359762930E+01
-0.14445888898930E+01
-0.14473706741238E+01
-0.14503756196594E+01
-0.14536010702423E+01
-0.14570466991284E+01
-0.14607144151843E+01
-0.14646076756183E+01
-0.14687321075754E+01
-0.14730946160901E+01
-0.14777034064963E+01
-0.14825678118278E+01
-0.14876983552296E+01
-0.14931059175987E+01
-0.14988026017684E+01
-0.15048010712490E+01
-0.15111144434276E+01
-0.15177563282271E+01
-0.15247406373322E+01
-0.15320816037526E+01
-0.15397936065890E+01
-0.15478912052165E+01
-0.15563889796101E+01
-0.15653015716189E+01
-0.15746435995401E+01
-0.15844295951230E+01
-0.15946740554710E+01
-0.16053913254590E+01
-0.16165958582418E+01
-0.16283013894883E+01
-0.16405221129556E+01
-0.16532718967685E+01
-0.16665644762238E+01
-0.16804134232869E+01
-0.16948322143868E+01
-0.17098341983495E+01
-0.17254326215569E+01
-0.17416405937624E+01
-0.17584711626756E+01
-0.17759372767382E+01
-0.17940518176334E+01
-0.18128275664727E+01
-0.18322772749597E+01
-0.18524136302495E+01
-0.18732492844823E+01
-0.18947968230071E+01
-0.19170688286290E+01
-0.19400778510792E+01
-0.19638364203493E+01
-0.19883570642994E+01
-0.20136522754664E+01
-0.20397345724553E+01
-0.20666164659204E+01
-0.20943104249987E+01
-0.21228290802413E+01
-0.21521849201457E+01
-0.21823905065076E+01
-0.22134584209293E+01
-0.22454012689941E+01
-0.22782316829811E+01
-0.23119623211970E+01
-0.23466058770617E+01
-0.23821750749973E+01
-0.24186826757681E+01
-0.24561414771099E+01
-0.24945643151500E+01
-0.25339640683416E+01
-0.25743536518471E+01
-0.26157460295494E+01
-0.26581542071703E+01
-0.27015912363964E+01
-0.27460702163519E+01
-0.27916042941648E+01
-0.28382066623532E+01
-0.28858905667296E+01
-0.29346693023124E+01
-0.29845562151220E+01
-0.30355647036504E+01
-0.30877082185159E+01
-0.31410002639342E+01
-0.31954543988936E+01
-0.32510842338901E+01
-0.33079034378083E+01
-0.33659257339645E+01
-0.34251649017944E+01
-0.34856347774055E+01
-0.35473492538038E+01
-0.36103222827624E+01
-0.36745678709234E+01
-0.37401000859590E+01
-0.38069330532884E+01
-0.38750809579409E+01
-0.39445580436216E+01
-0.40153786142879E+01
-0.40875570338986E+01
-0.41611077263335E+01
-0.42360451780573E+01
-0.43123839324396E+01
-0.43901385982881E+01
-0.44693238438804E+01
-0.45499543997204E+01
-0.46320450588811E+01
-0.47156106758150E+01
-0.48006661681749E+01
-0.48872265161445E+01
-0.49753067628262E+01
-0.50649220158639E+01
-0.51560874429901E+01
-0.52488182787109E+01
-0.53431298203095E+01
-0.54390374292533E+01
-0.55365565312382E+01
-0.56357026160228E+01
-0.57364912384803E+01
-0.58389380178501E+01
-0.59430586385480E+01
-0.60488688508721E+01
-0.61563844676204E+01
-0.62656213698633E+01
-0.63765955033463E+01
-0.64893228794254E+01
-0.66038195755141E+01
-0.67201017348058E+01
-0.68381855668649E+01
-0.69580873475376E+01
-0.70798234189601E+01
-0.72034101899043E+01
-0.73288641367967E+01
-0.74562017999881E+01
-0.75854397895788E+01
-0.77165947818134E+01
-0.78496835201495E+01
-0.79847228151184E+01
-0.81217295447524E+01
-0.82607206545429E+01
-0.84017131575219E+01
-0.85447241345517E+01
-0.86897707340194E+01
-0.88368701722727E+01
-0.89860397334451E+01
-0.91372967709751E+01
-0.92906587033900E+01
-0.94461430202829E+01
-0.96037672785636E+01
-0.97635494033616E+01
-0.99255064865727E+01
-0.10089656592570E+02
-0.10256017551567E+02
-0.10424607264180E+02
-0.10595443698025E+02
-0.10768544890041E+02
-0.10943928945856E+02
-0.11121614040156E+02
-0.11301618417460E+02
