 0.11610875870174E+01
 0.11610875866134E+01
 0.11610875822437E+01
 0.11610875637996E+01
 0.11610875137691E+01
 0.11610874076952E+01
 0.11610872145712E+01
 0.11610868971257E+01
 0.11610864130213E+01
 0.11610857190105E+01
 0.11610847803743E+01
 0.11610835867497E+01
 0.11610821732308E+01
 0.11610806436876E+01
 0.11610791924641E+01
 0.11610782551062E+01
 0.11610779816929E+01
 0.11610791860145E+01
 0.11610823782127E+01
 0.11610884555781E+01
 0.11610981102472E+01
 0.11611124084948E+01
 0.11611321537431E+01
 0.11611585067217E+01
 0.11611924058820E+01
 0.11612346695721E+01
 0.11612864423968E+01
 0.11613485414683E+01
 0.11614216463688E+01
 0.11615067364577E+01
 0.11616042740731E+01
 0.11617150840381E+01
 0.11618395716190E+01
 0.11619780292409E+01
 0.11621310299623E+01
 0.11622986097360E+01
 0.11624811700206E+01
 0.11626785836951E+01
 0.11628909772337E+01
 0.11631184535425E+01
 0.11633606515661E+01
 0.11636176491880E+01
 0.11638889901361E+01
 0.11641745178696E+01
 0.11644740609899E+01
 0.11647870229234E+01
 0.11651131377366E+01
 0.11654520013372E+01
 0.11658033220594E+01
 0.11661663813488E+01
 0.11665408347916E+01
 0.11669263406341E+01
 0.11673221517596E+01
 0.11677278940158E+01
 0.11681430719200E+01
 0.11685671866302E+01
 0.11689998828993E+01
 0.11694403932618E+01
 0.11698883593450E+01
 0.11703433025781E+01
 0.11708048890655E+01
 0.11712723883618E+01
 0.11717454770005E+01
 0.11722237172960E+01
 0.11727066828144E+01
 0.11731940994827E+01
 0.11736852982664E+01
 0.11741800248922E+01
 0.11746779119283E+01
 0.11751786059994E+01
 0.11756819076082E+01
 0.11761872265150E+01
 0.11766943873293E+01
 0.11772031025550E+01
 0.11777131000696E+01
 0.11782241243647E+01
 0.11787360789381E+01
 0.11792484643516E+01
 0.11797612336205E+01
 0.11802741566911E+01
 0.11807870812312E+01
 0.11812999936030E+01
 0.11818124810229E+01
 0.11823245556668E+01
 0.11828361140653E+01
 0.11833470686682E+01
 0.11838574898276E+01
 0.11843670496299E+01
 0.11848758448869E+01
 0.11853838570602E+01
 0.11858912199355E+01
 0.11863976850273E+01
 0.11869034142568E+01
 0.11874084597444E+01
 0.11879128914248E+01
 0.11884169370399E+01
 0.11889204346678E+01
 0.11894236434172E+01
 0.11899268420458E+01
 0.11904299473337E+01
 0.11909332733032E+01
 0.11914370344400E+01
 0.11919415989552E+01
 0.11924469772805E+01
 0.11929535809145E+01
 0.11934617758809E+01
 0.11939719548659E+01
 0.11944842781940E+01
 0.11949992812161E+01
 0.11955175405545E+01
 0.11960392896510E+01
 0.11965652954872E+01
 0.11970958953255E+01
 0.11976318171897E+01
 0.11981738501855E+01
 0.11987224818208E+01
 0.11992787222980E+01
 0.11998431930247E+01
 0.12004170262242E+01
 0.12010010583935E+01
 0.12015964542507E+01
 0.12022041933581E+01
 0.12028257157400E+01
 0.12034622160209E+01
 0.12041149771275E+01
 0.12047856370031E+01
 0.12054756253504E+01
 0.12061862849446E+01
 0.12069189936410E+01
 0.12076748252889E+01
 0.12084543301023E+01
 0.12092572929690E+01
 0.12100813445673E+01
 0.12109217109594E+01
 0.12117683950420E+01
 0.12126025683963E+01
 0.12133911349349E+01
 0.12140774262919E+01
 0.12145716456533E+01
 0.12147507356711E+01
 0.12144874886938E+01
 0.12137145812173E+01
 0.12124681995174E+01
 0.12108582042272E+01
 0.12090053024883E+01
 0.12070046799911E+01
 0.12049213815268E+01
 0.12027965163105E+01
 0.12006561135321E+01
 0.11985160767934E+01
 0.11963866748707E+01
 0.11942744693596E+01
 0.11921837930494E+01
 0.11901173919922E+01
 0.11880773882609E+01
 0.11860652417239E+01
 0.11840820539250E+01
 0.11821286773666E+01
 0.11802058788950E+01
 0.11783140831235E+01
 0.11764537964009E+01
 0.11746254026771E+01
 0.11728291487941E+01
 0.11710652252236E+01
 0.11693337021925E+01
 0.11676345955562E+01
 0.11659678047748E+01
 0.11643331799847E+01
 0.11627304622011E+01
 0.11611593457648E+01
 0.11596194580871E+01
 0.11581103468757E+01
 0.11566315384806E+01
 0.11551824842952E+01
 0.11537626592937E+01
 0.11523713919187E+01
 0.11510080896751E+01
 0.11496721198681E+01
 0.11483628378949E+01
 0.11470795705860E+01
 0.11458216640841E+01
 0.11445884587854E+01
 0.11433793062751E+01
 0.11421935445591E+01
 0.11410305426822E+01
 0.11398896736418E+01
 0.11387703301910E+01
 0.11376718991721E+01
 0.11365938029463E+01
 0.11355354725452E+01
 0.11344963616025E+01
 0.11334759206528E+01
 0.11324736364187E+01
 0.11314890054996E+01
 0.11305215406379E+01
 0.11295707769479E+01
 0.11286362464973E+01
 0.11277175159960E+01
 0.11268141605645E+01
 0.11259257660314E+01
 0.11250519502757E+01
 0.11241923156965E+01
 0.11233464989809E+01
 0.11225141440336E+01
 0.11216949072632E+01
 0.11208884622032E+01
 0.11200944774111E+01
 0.11193126491674E+01
 0.11185426786547E+01
 0.11177842772504E+01
 0.11170371660645E+01
 0.11163010755321E+01
 0.11155757502179E+01
 0.11148609277016E+01
 0.11141563695655E+01
 0.11134618400088E+01
 0.11127771108154E+01
 0.11121019610898E+01
 0.11114361820584E+01
 0.11107795559825E+01
 0.11101318873587E+01
 0.11094929815477E+01
 0.11088626499645E+01
 0.11082407095643E+01
 0.11076269828062E+01
 0.11070212974139E+01
 0.11064234910713E+01
 0.11058333914586E+01
 0.11052508458620E+01
 0.11046757011083E+01
 0.11041078082996E+01
 0.11035470226407E+01
 0.11029932035037E+01
 0.11024462188603E+01
 0.11019059256481E+01
 0.11013721992226E+01
 0.11008449135030E+01
 0.11003239457007E+01
 0.10998091762145E+01
 0.10993004885604E+01
 0.10987977692441E+01
 0.10983009076491E+01
 0.10978098006664E+01
 0.10973243337190E+01
 0.10968444090127E+01
 0.10963699266174E+01
 0.10959007889910E+01
 0.10954369009640E+01
 0.10949781696298E+01
 0.10945245043124E+01
 0.10940758164695E+01
 0.10936320196380E+01
 0.10931930338148E+01
 0.10927587675734E+01
 0.10923291447137E+01
 0.10919040865408E+01
 0.10914835160638E+01
 0.10910673580207E+01
 0.10906555388191E+01
 0.10902479865062E+01
 0.10898446307012E+01
 0.10894454025655E+01
 0.10890502390373E+01
 0.10886590656358E+01
 0.10882718220836E+01
 0.10878884453617E+01
 0.10875088736931E+01
 0.10871330466001E+01
 0.10867609048653E+01
 0.10863923905040E+01
 0.10860274467305E+01
 0.10856660179188E+01
 0.10853080495835E+01
 0.10849534924506E+01
 0.10846022860237E+01
 0.10842543830287E+01
 0.10839097333483E+01
 0.10835682877570E+01
 0.10832299979970E+01
 0.10828948167620E+01
 0.10825626976720E+01
 0.10822335952480E+01
 0.10819074648960E+01
 0.10815842628795E+01
 0.10812639463022E+01
 0.10809464730867E+01
 0.10806318057839E+01
 0.10803198962978E+01
 0.10800107085462E+01
 0.10797042036700E+01
 0.10794003464007E+01
 0.10790990931504E+01
 0.10788004101360E+01
 0.10785042611824E+01
 0.10782106107977E+01
 0.10779194241229E+01
 0.10776306669399E+01
 0.10773443056509E+01
 0.10770603072671E+01
 0.10767786430327E+01
