 0.00000000000000E+00
 0.00000000000000E+00
 0.00000000000000E+00
 0.32614654722962E-25
 0.60040281233821E-26
-0.43431916401780E-26
 0.16454187859998E-23
 0.27768630070642E-22
 0.16234760269974E-21
 0.62096060463267E-21
 0.20324379498655E-21
 0.21063020142472E-20
 0.22208246881954E-19
 0.14339649675436E-20
 0.40572158669245E-19
 0.83768200377427E-19
 0.56383047204184E-19
 0.28930764483178E-18
-0.18357427594412E-19
 0.75548157522042E-19
 0.91909719045641E-18
 0.51084404034439E-18
 0.18379431763397E-17
 0.36433332138331E-18
 0.69625181972314E-18
 0.15130263682157E-17
 0.11668261894376E-17
 0.59102300102278E-17
 0.14868635700759E-17
-0.51124725311924E-13
-0.36922081039654E-13
 0.16387747953987E-12
-0.12090490249554E-12
 0.57176920508819E-14
 0.15310683521010E-12
 0.34242418298093E-13
-0.76792401506524E-13
-0.92350373222540E-13
-0.23071424858965E-12
 0.63097418238903E-13
-0.88396065809432E-13
 0.27239908854722E-13
-0.91812496533857E-13
-0.19960515694801E-12
 0.45256913030164E-12
-0.99873103648245E-13
-0.41225538332061E-12
 0.74938875622027E-13
 0.11649776884438E-13
-0.14655182784254E-12
-0.18510160892823E-12
-0.68565219887740E-13
-0.11605955085017E-12
-0.17699631502976E-12
 0.15300560455903E-12
-0.42647338725728E-13
-0.32224516350932E-13
-0.15226540282782E-13
-0.74234275796626E-13
 0.90646925014861E-13
 0.11005085149555E-12
 0.76925916252107E-13
-0.33851072636259E-13
 0.50577524061072E-13
-0.40052948459218E-13
 0.11314910990637E-12
-0.16640215813074E-14
 0.37089629573815E-13
-0.15243065933706E-12
 0.23712708557957E-13
 0.11658093197157E-13
-0.17932030526896E-13
-0.69438919714496E-13
-0.85098004635491E-13
 0.80557844565116E-14
-0.33156862630301E-13
-0.11902444393664E-13
-0.29421791131105E-14
 0.22425579303136E-13
-0.20535399446765E-13
-0.42996024188421E-13
-0.21039457589753E-13
-0.66140601096224E-14
-0.15870861515903E-13
 0.83482824428056E-14
 0.14801467769614E-13
 0.50889453737218E-14
 0.51582685095421E-13
 0.18626643400718E-13
 0.10484067435697E-13
 0.16737624617788E-13
-0.43648600498885E-13
-0.35383183613653E-14
 0.22830689149714E-14
-0.38215353371917E-13
-0.15436074160368E-13
 0.94049004740826E-14
-0.19071879327727E-13
 0.18565246046371E-14
-0.89780382798077E-15
-0.24428020479229E-14
 0.10948501871329E-13
-0.53994176903680E-14
-0.11508537049487E-13
-0.16166935677925E-14
-0.16398212960992E-13
-0.19593638264955E-13
 0.12687208217279E-13
 0.27972905864773E-14
-0.66659761833548E-14
-0.23579694611501E-14
 0.54036388664940E-16
-0.11552303668426E-13
 0.92681131097812E-15
-0.17470885121387E-15
-0.47569060990374E-14
 0.76088085355776E-14
-0.98458049815779E-14
-0.62933573140712E-14
 0.87828967546969E-14
 0.11561075134196E-13
 0.10050314372860E-13
-0.67616098244534E-14
 0.93173237598478E-14
-0.21395193340681E-14
 0.23579421300129E-14
-0.54787351045970E-15
 0.96402596838023E-14
-0.18558834030755E-14
-0.13796441257375E-13
 0.98695458719636E-14
 0.56701922597594E-14
-0.58785693883693E-15
 0.58864934916655E-14
-0.41373819233270E-14
-0.85423391953277E-14
 0.28163554799604E-14
 0.10866552943858E-13
 0.26129518578277E-14
-0.28628948596326E-15
-0.21807013534614E-14
 0.13434531604832E-13
 0.37700829276809E-15
 0.15155229843654E-13
-0.45040362029170E-14
-0.25899992659773E-14
 0.59540868667448E-14
-0.14226104007838E-13
 0.21293554254942E-14
 0.23022115588962E-14
 0.13977813154838E-13
 0.78519270463343E-14
-0.87938219575940E-14
-0.84699854865163E-14
 0.55557979352069E-14
 0.96611980806394E-14
 0.83757764851897E-14
-0.82478733342679E-14
 0.65363341117308E-14
-0.73106441070930E-14
 0.24107372765871E-14
-0.64438525986149E-14
-0.73167963699411E-15
 0.91892352824788E-15
-0.21091289722996E-13
-0.56601230089328E-14
-0.34510911026776E-13
 0.59420884205337E-14
-0.71455469424374E-13
 0.70811924148697E-14
-0.10068180993617E-12
-0.12350773351453E-13
 0.31507368352325E-13
 0.60099931081925E-13
-0.14852640792718E-12
 0.90719847117278E-14
 0.54905018718825E-14
-0.99214120193857E-14
 0.27758035487866E-13
-0.51220929074958E-12
-0.37926543117178E-12
 0.41309136478995E-13
-0.29557886847535E-13
 0.27183384897842E-12
-0.12261248119621E-14
 0.35467307158342E-13
-0.19974087572176E-12
-0.30202478248534E-13
-0.13392167706049E-13
 0.13482110261265E-13
-0.84434049837721E-13
 0.17004864295579E-13
 0.84010728567273E-13
 0.37995725583815E-13
-0.31352973510294E-13
-0.43011809167075E-12
-0.18049836098204E-13
 0.27085018602145E-13
-0.47801940413763E-13
 0.13318523698171E-12
-0.65229686633866E-13
 0.10817528386907E-12
-0.19128770036497E-13
-0.32192327945526E-13
-0.16465577089243E-13
 0.11224747489459E-13
 0.55233891684703E-12
 0.62750577025976E-12
-0.66294620780871E-14
-0.43883963603494E-12
-0.25714691934262E-13
-0.12925682820698E-13
 0.71098045951083E-12
 0.20897725300191E-13
 0.12795982404969E-13
 0.86667100164130E-13
-0.69359482744949E-14
-0.53830320898770E-13
 0.30570586173358E-14
-0.27933614482630E-13
 0.54525143063853E-13
 0.30467765074267E-13
-0.27526169553190E-13
 0.15562479935503E-13
-0.11130246400778E-12
 0.45037971212667E-13
-0.17996674185055E-13
-0.12005771136055E-12
 0.28507682304150E-12
 0.21060555182353E-13
 0.64095595265726E-14
 0.82133021954484E-13
-0.25609938760539E-12
 0.39519640432891E-13
 0.22495568809485E-13
 0.14930426978798E-12
 0.26136118098200E-12
 0.56442385422433E-13
 0.17036726004374E-13
 0.25443276375068E-13
-0.74659195422505E-13
-0.17861255546568E-12
-0.26956409564162E-13
 0.21100388721317E-13
-0.11276230021643E-13
-0.21370376486100E-12
-0.36831656080563E-11
-0.30067498896514E-13
 0.89763198824120E-14
-0.29743712701104E-14
 0.37404976792545E-14
-0.13847341046234E-13
 0.27585427864874E-12
-0.30590678595785E-13
-0.26626756551071E-13
-0.75296330330302E-14
 0.10229748821044E-13
 0.45955793828600E-13
 0.37977015902922E-12
-0.39927498949800E-13
-0.41347594138839E-13
-0.60139333370370E-14
 0.94293402352330E-14
-0.12652091865867E-13
 0.39623696206537E-12
 0.75919128101060E-13
 0.23017994962774E-12
-0.39596305789660E-13
-0.16995245421743E-13
-0.42715382762234E-14
-0.43093392369990E-14
 0.16145152297897E-13
-0.48320448933531E-13
-0.42650456077927E-12
 0.37650449251388E-12
-0.12760538362182E-13
-0.29022583340819E-14
 0.17894910183430E-13
 0.19064963768335E-14
-0.15397081598024E-13
-0.72358100131019E-15
 0.18255720185781E-13
 0.44141278706850E-13
-0.19361218912774E-12
-0.42509623789840E-11
 0.54379495546095E-13
-0.36727270566520E-13
 0.28475471974655E-14
-0.12952712019045E-13
 0.56127220374811E-14
-0.15190682033580E-13
 0.93672700725272E-14
 0.57108213487522E-14
-0.36210823583302E-13
-0.24073621173967E-12
-0.36915375530216E-13
-0.52573969700072E-13
 0.74397722832636E-14
 0.10747757677505E-14
-0.20498876072415E-13
