 0.00000000000000E+00
 0.00000000000000E+00
-0.38654405597585E-25
-0.11726617428481E-25
-0.83493516090783E-26
 0.29533703153211E-25
 0.45511583442547E-24
 0.10807250622088E-21
-0.58613809805879E-21
 0.35659123830391E-21
 0.88688201448679E-21
 0.62619789612756E-20
 0.14686098744518E-19
 0.22083060500172E-19
 0.20052906008937E-19
 0.54564607585297E-19
 0.42287285403138E-19
 0.36919109900175E-18
 0.22028913113294E-19
 0.31478398967518E-18
 0.42419870328757E-18
 0.56760448927154E-19
 0.10017618213383E-17
 0.10784266312946E-17
 0.15214391616172E-17
-0.18339713554130E-18
 0.53223650746278E-18
 0.10645755919044E-17
 0.31389342034935E-17
-0.26861567118948E-18
 0.53011836516055E-09
 0.11827987551211E-08
-0.14757610355443E-07
 0.62290720308789E-08
 0.18491103249715E-07
 0.11432583730259E-07
-0.28210499126984E-07
-0.10591033389772E-09
 0.16693481163793E-07
 0.37768251580535E-08
-0.15592390470720E-07
 0.17961334047628E-07
-0.28561960898531E-08
-0.33731051721440E-08
 0.31957940465122E-08
 0.40947630066104E-08
 0.21063285113374E-08
-0.16970887217083E-07
 0.44487324526828E-08
 0.16008374768982E-08
-0.12128185339383E-08
 0.10976238973292E-07
-0.22180264620823E-08
 0.12556369186448E-07
 0.44148382126924E-08
-0.81344957076372E-09
 0.20938741341636E-08
 0.83780308759660E-08
 0.99998020400571E-08
 0.38846287235005E-08
-0.26868589507242E-08
-0.30813807739504E-08
-0.85633208059290E-08
 0.12097654700706E-07
-0.33100278739575E-08
-0.89836995089732E-08
 0.62783793537321E-09
 0.11069829884467E-07
-0.13129260573784E-08
 0.53580908023055E-08
 0.25256156326697E-08
-0.28127615001035E-08
 0.46915806926481E-08
-0.16992598995651E-07
 0.88853728313035E-08
 0.76110186217818E-08
-0.19914606784974E-08
 0.42345746743835E-08
-0.51707417252966E-08
 0.10949014078398E-07
 0.63658576562399E-08
-0.28316008601282E-08
 0.13079714183844E-07
-0.49089497947825E-08
 0.16149579286061E-08
 0.16191569574146E-07
 0.56893303582334E-09
 0.14136821922966E-07
-0.15266827045977E-07
 0.42548736454398E-08
-0.36217508396713E-08
 0.10693507770754E-07
 0.32838095017131E-09
 0.18091168349298E-07
 0.37138631806087E-08
 0.20989279456432E-07
 0.25529785710757E-07
-0.30193526563048E-07
-0.73973403396035E-08
-0.40346764769528E-09
 0.86416373827749E-09
-0.14737214825188E-07
 0.14552645271153E-07
-0.15988262480127E-07
 0.54120442500639E-08
-0.39809648223718E-07
-0.12049736464095E-07
 0.72206077958975E-09
-0.32903211192457E-08
-0.21731023944889E-07
 0.27337706262043E-07
 0.96576727470594E-09
 0.22957362532138E-08
-0.27234885576547E-07
-0.25831256519758E-07
-0.12569873103944E-08
-0.10250224674073E-07
-0.54911296619097E-08
 0.41743426942369E-07
 0.15085254680479E-07
-0.27418112685909E-07
 0.27157694247480E-07
 0.26083043884839E-07
-0.24528360258285E-07
 0.41131061975843E-07
 0.44086417468514E-07
 0.45789110805450E-07
-0.16845747554959E-08
 0.53168696577215E-07
-0.13037140394459E-07
 0.13103803982731E-08
-0.33399135649056E-08
 0.21355207209226E-08
-0.12987385103180E-07
-0.54586156306642E-08
-0.96030478724317E-08
 0.57101944959429E-08
 0.10195295952364E-07
-0.67384927690021E-08
 0.20306559798705E-07
-0.54944053760697E-07
 0.33935941866308E-08
 0.22524934964660E-07
-0.28551817224309E-07
-0.51841671871573E-08
 0.10595301229344E-07
 0.53746666781034E-08
 0.21954640867075E-07
 0.86240194802785E-07
 0.13618934805252E-08
 0.13168927233333E-07
 0.63313312606334E-07
-0.43598891737797E-07
 0.62196394380887E-07
-0.91707105459378E-08
 0.22743589595197E-08
 0.24823413876987E-08
 0.12196732625103E-07
-0.98582420346042E-08
 0.11387216863932E-07
 0.56057790241560E-07
-0.15766700431013E-07
-0.64301413903116E-07
 0.65700870270147E-07
-0.61707763110880E-07
-0.97805607579442E-07
 0.26741842205684E-07
-0.64262069630194E-07
 0.43590596300304E-07
 0.88476962044648E-07
 0.60875521923150E-07
 0.13714400858932E-06
-0.12771362443821E-06
-0.68012446545796E-07
 0.21846921727734E-07
-0.93226749847133E-08
 0.27187836578568E-07
-0.61872069478184E-07
-0.66335415422511E-07
-0.89810952197082E-07
 0.12259702614380E-06
 0.79334139333149E-07
-0.76401735305862E-07
 0.47386989981607E-07
-0.78298238581175E-07
-0.13272056995433E-07
 0.32673346303037E-07
 0.11588975550398E-07
-0.61732432652335E-07
 0.26052233414460E-07
 0.25639221271461E-07
 0.23444725378672E-07
-0.38556195613315E-08
 0.55351106358191E-07
-0.64106102427904E-07
-0.83211806266644E-08
 0.60007518994126E-07
 0.52608667524737E-08
 0.22904594482093E-07
 0.20394249584491E-07
 0.30312866214211E-08
 0.98110590058072E-07
 0.14120313361526E-06
 0.21021665444262E-07
-0.32751973022293E-09
-0.55963776941871E-08
-0.50518674893756E-07
 0.13428716119946E-06
 0.40080252327495E-07
 0.74212620672756E-08
 0.36968498586586E-07
-0.20014588812912E-07
 0.51839657538596E-08
 0.56714877370985E-07
-0.10376354274953E-06
-0.15929383349036E-07
 0.39183178617439E-07
-0.17433278675001E-07
 0.36052464467120E-09
-0.37015025398021E-07
 0.26063996089227E-07
-0.28464375022249E-07
 0.46633956010099E-07
-0.23113001749516E-07
-0.66831554971671E-07
-0.27774669330167E-08
 0.10657844714851E-07
-0.64531855679689E-08
-0.11690368404419E-07
 0.44204182228218E-07
-0.89889589096083E-09
 0.28182282338394E-08
 0.25006922048886E-07
 0.28280019504928E-07
 0.27007616384019E-08
-0.85460972665793E-08
-0.13325247401259E-07
-0.61515619135152E-08
 0.53378154019374E-08
-0.81338838998915E-08
 0.12092853363837E-07
 0.13704260676702E-07
 0.19702032194856E-07
 0.34535201809586E-08
-0.51686796655246E-09
 0.87315046642993E-08
-0.70103696813693E-08
 0.35159982710988E-08
 0.48571131247298E-08
-0.25890980256814E-08
-0.22267483767947E-07
-0.94143315891521E-08
-0.83595717021836E-09
 0.90841547785194E-08
 0.98744455248524E-09
 0.23873807052594E-09
 0.50693551395060E-08
 0.45636899243945E-08
 0.27245545793623E-09
-0.27437878483112E-08
 0.29038224309306E-08
-0.35242276589490E-09
 0.17285822391775E-09
 0.82044133787293E-09
-0.20490082595379E-08
-0.56464907645157E-10
 0.25212981195869E-08
-0.66152863488119E-08
 0.14678930214113E-08
-0.83763650676809E-09
-0.30421632594821E-08
 0.51283168039040E-08
 0.45057377946054E-08
 0.23033601648691E-08
-0.53264784122191E-08
-0.20289626955772E-08
 0.40867667286698E-08
 0.16083872906636E-08
-0.15250821669709E-08
 0.49758953189056E-08
-0.73412377453197E-08
 0.92736262159300E-08
-0.22348311111012E-08
-0.29950439472023E-08
-0.11079602116152E-07
 0.57340249940566E-08
-0.12402432712494E-08
-0.35055309188350E-08
-0.48525982896130E-08
 0.50691823282032E-08
-0.21159560496987E-08
 0.14274581331460E-07
 0.24034464972534E-08
-0.27826893027384E-08
-0.17744933992126E-07
-0.17510933823354E-09
-0.53389153290748E-09
-0.34259296269572E-08
-0.64622515631295E-08
-0.10885695296061E-08
