 0.00000000000000E+00
 0.00000000000000E+00
 0.18790206414937E-26
 0.56670340328729E-26
 0.18790206414937E-26
-0.27482117848594E-25
-0.89005173080656E-24
 0.43969027677829E-21
 0.44905824831102E-21
 0.77553302772501E-12
-0.26976710556321E-13
-0.47166815548276E-07
 0.42929519738069E-06
-0.52395322463277E-06
-0.42501588007058E-07
 0.33775328664453E-06
 0.58116021933540E-07
 0.44371240832429E-09
 0.22653334607851E-06
-0.14981403493946E-06
-0.49605632965533E-07
-0.19464886494297E-06
 0.18939230590201E-07
 0.12827774059333E-06
 0.17225125564222E-06
 0.55391085804358E-06
-0.13149848995375E-06
-0.38714293432181E-06
 0.13704882019143E-06
-0.16896974283560E-06
-0.30852949446898E-06
-0.29715461394350E-06
-0.38033088737346E-07
-0.88817505194226E-07
 0.10351360699084E-06
-0.14941891660245E-07
 0.13025637878767E-06
 0.14994835451848E-07
-0.17243039435944E-06
 0.19069225087250E-07
-0.14484088749873E-06
 0.88658727649307E-07
-0.99232343348075E-08
 0.15911318465505E-06
-0.10536789354556E-06
 0.48389317988755E-07
-0.77912047828641E-07
-0.24318451954167E-06
 0.18924633883843E-07
 0.72851405346741E-07
 0.38361533680105E-06
-0.58017151187063E-07
 0.70912925723822E-08
 0.28389422006338E-06
-0.45502499795062E-08
 0.96370872420686E-06
 0.35055745383094E-06
 0.29019780487474E-06
 0.61676979896235E-06
 0.13034867977948E-05
 0.11569953484516E-05
 0.14641770742967E-05
 0.21281164561147E-05
 0.22443963699849E-05
 0.31939163781834E-05
 0.37832270093409E-05
 0.49703713437890E-05
 0.54948470125081E-05
 0.71477964742656E-05
 0.78440443673193E-05
 0.87548010164627E-05
 0.99754725735170E-05
 0.12645065499419E-04
 0.14873781651104E-04
 0.17668852001621E-04
 0.19028269225176E-04
 0.22200762177590E-04
 0.28110548536526E-04
 0.31041023018563E-04
 0.34629633633181E-04
 0.41350057073510E-04
 0.46799707655029E-04
 0.54785417127308E-04
 0.65924849639838E-04
 0.66367466381560E-04
 0.75609206001687E-04
 0.85623235584088E-04
 0.92670106937137E-04
 0.10894336550403E-03
 0.11899147161979E-03
 0.13118067489187E-03
 0.14699301456260E-03
 0.16307114916919E-03
 0.18300558715191E-03
 0.19930824293161E-03
 0.22549042696953E-03
 0.24325469908247E-03
 0.27257387977144E-03
 0.29755874670828E-03
 0.32948712829414E-03
 0.35796564643716E-03
 0.39538667531554E-03
 0.42914824865784E-03
 0.47891954795956E-03
 0.52042014506264E-03
 0.56470972940853E-03
 0.61158965755932E-03
 0.67193969866098E-03
 0.73270191447094E-03
 0.79152524134899E-03
 0.85413506447296E-03
 0.93205534850117E-03
 0.10053081026980E-02
 0.10994580317234E-02
 0.11813634227386E-02
 0.12809829082055E-02
 0.14003536505780E-02
 0.15106901863384E-02
 0.15972008992152E-02
 0.17930270721292E-02
 0.18833074371561E-02
 0.20213335756842E-02
 0.22031580135734E-02
 0.23828806738463E-02
 0.25526206966513E-02
 0.27362686595536E-02
 0.29198245345382E-02
 0.31839568265268E-02
 0.33987957382265E-02
 0.36479732962531E-02
 0.39153258731918E-02
 0.42381408350190E-02
 0.45410288036756E-02
 0.48378298502081E-02
 0.51739213922428E-02
 0.55941409183133E-02
 0.59189604395558E-02
 0.64519488714926E-02
 0.68320995282530E-02
 0.74216551318469E-02
 0.78860662572909E-02
 0.84261438488182E-02
 0.90256433391492E-02
 0.96319895024766E-02
 0.10339983372262E-01
 0.10999173237378E-01
 0.11835296389157E-01
 0.12665211833437E-01
 0.13521374178511E-01
 0.14360822604480E-01
 0.15581688235266E-01
 0.16603898062052E-01
 0.17736741965740E-01
 0.18998426083486E-01
 0.20293512979953E-01
 0.21782372711171E-01
 0.23121581720301E-01
 0.25128220110997E-01
 0.26962954360411E-01
 0.28961873065553E-01
 0.31771436949582E-01
 0.34371072922710E-01
 0.37914078907517E-01
 0.41824994898279E-01
 0.46401348970806E-01
 0.51885579770929E-01
 0.57722522466608E-01
 0.63726720903558E-01
 0.69027533671356E-01
 0.73447955334789E-01
 0.76672899329603E-01
 0.78013471263210E-01
 0.77935656142812E-01
 0.77268381838462E-01
 0.75357169186491E-01
 0.72862702368264E-01
 0.69935252002239E-01
 0.66708125311748E-01
 0.63782995075457E-01
 0.60785238319913E-01
 0.58136621928356E-01
 0.55474209587178E-01
 0.53121106259482E-01
 0.50906445633685E-01
 0.48469417147335E-01
 0.46916342336464E-01
 0.44820376684345E-01
 0.43439177617231E-01
 0.41961268829129E-01
 0.40843390363438E-01
 0.39787167685046E-01
 0.38353305974918E-01
 0.37455320221191E-01
 0.36569647079527E-01
 0.35633960398735E-01
 0.34712734773290E-01
 0.33735595072735E-01
 0.33329846018087E-01
 0.33025425399728E-01
 0.32140020493988E-01
 0.31798372641214E-01
 0.31042447293021E-01
 0.30628178994683E-01
 0.29979890445960E-01
 0.30019407149876E-01
 0.29419009704892E-01
 0.29194679614424E-01
 0.28957934780911E-01
 0.28498323976062E-01
 0.28002986954897E-01
 0.27860883675556E-01
 0.27437045272356E-01
 0.27122438434040E-01
 0.26683800597649E-01
 0.27028854621641E-01
 0.26447401694083E-01
 0.26655618351288E-01
 0.26311099785302E-01
 0.25815559288277E-01
 0.25606252687955E-01
 0.25431907258749E-01
 0.25144944458202E-01
 0.25158288483626E-01
 0.24994165974159E-01
 0.24814127941873E-01
 0.24738144419735E-01
 0.24571760144109E-01
 0.24439058103411E-01
 0.24449329822695E-01
 0.24078755068715E-01
 0.24007484316836E-01
 0.24037759324371E-01
 0.23816068605981E-01
 0.23657491223967E-01
 0.23633825983444E-01
 0.23559271989295E-01
 0.23256614860623E-01
 0.23141838670016E-01
 0.23213207917455E-01
 0.23066616566392E-01
 0.23065694057542E-01
 0.22949893702941E-01
 0.22868624152707E-01
 0.22808220938176E-01
 0.22627190100961E-01
 0.22654697772793E-01
 0.22520840105360E-01
 0.22447662753355E-01
 0.22430859442850E-01
 0.22401499241155E-01
 0.22250901594290E-01
 0.22225433479913E-01
 0.22108023481429E-01
 0.22109516135900E-01
 0.21992576647187E-01
 0.21955048672999E-01
 0.21899715365015E-01
 0.21831232214200E-01
 0.21757423365879E-01
 0.21731357195616E-01
 0.21656887733744E-01
 0.21611610332728E-01
 0.21558906684404E-01
 0.21508867347294E-01
 0.21453229097260E-01
 0.21397511758891E-01
 0.21357522122177E-01
 0.21332668096602E-01
 0.21269189381748E-01
 0.21211188237142E-01
 0.21194268022804E-01
 0.21102158382912E-01
 0.21071962277995E-01
 0.21029905815060E-01
 0.20983741189671E-01
 0.20920131739527E-01
 0.20881227806435E-01
 0.20872301056822E-01
 0.20806970907125E-01
 0.20755265015922E-01
 0.20737231611397E-01
 0.20762783126172E-01
 0.20754403423706E-01
 0.20624170178730E-01
 0.20619176272930E-01
 0.20512913053367E-01
 0.20514550244016E-01
 0.20484914066970E-01
 0.20520697793889E-01
 0.20496004076124E-01
 0.20395543437747E-01
 0.20364996094691E-01
 0.20371197807384E-01
 0.20382214627515E-01
 0.20220053012531E-01
 0.20165003935773E-01
 0.20255945019487E-01
 0.20126169199049E-01
 0.20237935131176E-01
 0.20090576923823E-01
