 0.00000000000000E+00
 0.00000000000000E+00
 0.00000000000000E+00
-0.25817861416614E-26
-0.16291794419157E-25
 0.16406068616978E-22
-0.17789712958169E-22
 0.77879410061319E-22
 0.19454421576418E-07
 0.86147494292915E-07
-0.74665753422315E-07
-0.57313699622130E-07
 0.14367432244882E-06
-0.38906075204643E-07
-0.14969363996016E-06
-0.47622972584626E-07
-0.16986188708920E-06
-0.81841494978346E-07
 0.68380441023407E-07
-0.58299447905225E-07
 0.59619002812761E-07
 0.21775673259462E-07
 0.20188292452043E-06
 0.37418469144498E-07
-0.25313804249684E-07
 0.42476129012715E-07
-0.61562139384892E-07
-0.63275286609394E-07
-0.89941289359385E-07
-0.13778455009293E-06
-0.35003749949430E-07
-0.35891400019219E-07
 0.90174003118148E-09
 0.21989175784638E-07
 0.24641086853702E-07
-0.26448646553784E-07
 0.91998426166610E-07
-0.99968923408676E-07
 0.93640796379415E-07
 0.19540270788467E-06
 0.37469883391243E-06
-0.49378723902602E-06
 0.76241885244382E-06
 0.16551645480059E-06
-0.78077018777103E-07
 0.39059950834469E-06
 0.61212856816772E-06
 0.78965111620109E-06
 0.58421341577037E-06
 0.88316362837650E-06
 0.13803915977998E-05
 0.19270472753035E-05
 0.22391173357447E-05
 0.28441845681736E-05
 0.35300034532914E-05
 0.43080575402965E-05
 0.53218023381984E-05
 0.62464424801423E-05
 0.75619531240530E-05
 0.93540459127791E-05
 0.10976393178429E-04
 0.13342284174945E-04
 0.15429135673089E-04
 0.18436194417546E-04
 0.21568163033173E-04
 0.24923366115498E-04
 0.29680796880055E-04
 0.33650344788533E-04
 0.39111123835469E-04
 0.44926337679019E-04
 0.50106183476376E-04
 0.57923319519692E-04
 0.65824996912285E-04
 0.75497830057040E-04
 0.84492775381967E-04
 0.97298921458675E-04
 0.10321433991376E-03
 0.12150976156730E-03
 0.13217201833576E-03
 0.14980768525509E-03
 0.16569067264580E-03
 0.18364780781871E-03
 0.20320018506326E-03
 0.22520254345263E-03
 0.24851967705903E-03
 0.27203940632331E-03
 0.29876891554561E-03
 0.32876347034995E-03
 0.36011407979897E-03
 0.39343750575058E-03
 0.43152101478540E-03
 0.46963326246253E-03
 0.51215527818796E-03
 0.55514687601852E-03
 0.60549045476032E-03
 0.65584747424676E-03
 0.71290369077903E-03
 0.77013511346759E-03
 0.82999913064505E-03
 0.90469578778759E-03
 0.97489218465504E-03
 0.10503431077411E-02
 0.11325410432886E-02
 0.12234622334253E-02
 0.13092296024294E-02
 0.14124946625781E-02
 0.15273736359111E-02
 0.16355373260086E-02
 0.17525612676818E-02
 0.18869174187357E-02
 0.20119712718882E-02
 0.21667820376301E-02
 0.23225851910607E-02
 0.24937178254274E-02
 0.26607545338110E-02
 0.28456914063515E-02
 0.30492381697228E-02
 0.32619128306643E-02
 0.34762018373800E-02
 0.37188713970046E-02
 0.39722451001789E-02
 0.42247249271858E-02
 0.45023948049098E-02
 0.48122277111750E-02
 0.51182429487505E-02
 0.54201194316108E-02
 0.57558730318907E-02
 0.60834184120222E-02
 0.64590898101170E-02
 0.67982907544636E-02
 0.71210206816474E-02
 0.74709183682371E-02
 0.77579045902702E-02
 0.80500677617928E-02
 0.82109439750827E-02
 0.82219343225636E-02
 0.81241314726009E-02
 0.78391760331676E-02
 0.71846102098993E-02
 0.60990879855317E-02
 0.44351730539640E-02
 0.25330168324879E-02
 0.90241548498682E-03
 0.22072120416627E-03
 0.79452687424482E-03
 0.41541947962907E-02
 0.15596484293515E-01
 0.40099711750410E-01
 0.75748148667894E-01
 0.11119352864101E+00
 0.13421787732208E+00
 0.14045310615139E+00
 0.13377737384067E+00
 0.12094430221721E+00
 0.10723306607649E+00
 0.95263594193908E-01
 0.85542762528512E-01
 0.77932904040096E-01
 0.72180388345793E-01
 0.67406364350949E-01
 0.63322438149635E-01
 0.60075029975904E-01
 0.57320149248674E-01
 0.54898758932109E-01
 0.52660954473942E-01
 0.50734336338300E-01
 0.49011621352385E-01
 0.47340141138384E-01
 0.45778309643643E-01
 0.44365137990086E-01
 0.43158379055980E-01
 0.41905655664658E-01
 0.40776870311628E-01
 0.39692375561336E-01
 0.38627548278007E-01
 0.37692089759309E-01
 0.36787456586948E-01
 0.35899599199651E-01
 0.35060718349712E-01
 0.34217899669196E-01
 0.33512925615537E-01
 0.32786814093890E-01
 0.32063690959280E-01
 0.31406080067876E-01
 0.30741376284696E-01
 0.30194818992346E-01
 0.29562672062887E-01
 0.28976740124670E-01
 0.28509498670402E-01
 0.27956870284933E-01
 0.27480434720510E-01
 0.27013840345014E-01
 0.26564393611959E-01
 0.26101767462691E-01
 0.25706305662411E-01
 0.25284754404410E-01
 0.24905619491905E-01
 0.24546565323239E-01
 0.24184010081534E-01
 0.23833822494016E-01
 0.23498080966132E-01
 0.23171480867301E-01
 0.22862209694686E-01
 0.22569827497943E-01
 0.22278689996274E-01
 0.22006606457990E-01
 0.21717909662225E-01
 0.21468173382805E-01
 0.21214726788274E-01
 0.20956980499460E-01
 0.20717363101047E-01
 0.20483356371973E-01
 0.20263403025530E-01
 0.20054992149225E-01
 0.19833305717299E-01
 0.19645449862042E-01
 0.19427582615867E-01
 0.19232703317759E-01
 0.19054750015750E-01
 0.18852429903244E-01
 0.18680162865851E-01
 0.18506183500917E-01
 0.18340001184236E-01
 0.18182414464951E-01
 0.18006292002704E-01
 0.17840839173096E-01
 0.17702559550028E-01
 0.17531230011340E-01
 0.17387491353099E-01
 0.17238879346422E-01
 0.17105109774497E-01
 0.16960233220956E-01
 0.16839411653512E-01
 0.16696655346329E-01
 0.16557714467389E-01
 0.16441410447407E-01
 0.16307961901443E-01
 0.16178197165467E-01
 0.16074113924343E-01
 0.15948210792656E-01
 0.15826994027509E-01
 0.15710624513376E-01
 0.15595075677722E-01
 0.15491219778551E-01
 0.15381821139888E-01
 0.15291456458645E-01
 0.15173533930544E-01
 0.15073287738312E-01
 0.14971170286179E-01
 0.14870034019977E-01
 0.14764731409171E-01
 0.14677693163738E-01
 0.14585526673545E-01
 0.14479907594799E-01
 0.14391259952398E-01
 0.14298574088345E-01
 0.14213912311364E-01
 0.14124566543352E-01
 0.14039967391836E-01
 0.13954030553225E-01
 0.13870440997090E-01
 0.13779978264628E-01
 0.13711206303481E-01
 0.13615614682083E-01
 0.13543555101209E-01
 0.13466716203404E-01
 0.13381810472838E-01
 0.13311303113857E-01
 0.13228938451373E-01
 0.13155736729563E-01
 0.13085811819132E-01
 0.13011754559591E-01
 0.12931689870787E-01
 0.12862163842611E-01
 0.12806503169065E-01
 0.12730199831020E-01
 0.12659614078812E-01
 0.12590313992092E-01
 0.12528832079936E-01
 0.12450748240982E-01
 0.12383353793140E-01
 0.12334653954380E-01
 0.12274086745684E-01
 0.12204714773504E-01
 0.12143414586261E-01
 0.12071965348247E-01
 0.12020016302843E-01
 0.11959668264787E-01
 0.11891643059840E-01
 0.11837289009487E-01
 0.11778533776019E-01
 0.11721256586293E-01
 0.11672871724558E-01
 0.11614456682815E-01
 0.11560694973166E-01
 0.11493402198173E-01
 0.11447194356138E-01
 0.11379745493421E-01
 0.11339558806754E-01
 0.11285345151473E-01
