 0.00000000000000E+00
 0.00000000000000E+00
 0.00000000000000E+00
 0.00000000000000E+00
 0.00000000000000E+00
 0.18762587885569E-24
 0.55638961025824E-23
 0.17251001074574E-12
-0.62531117521128E-11
-0.65505945502968E-07
-0.36710443546854E-06
-0.47076491250036E-07
 0.29602632596761E-06
 0.23510189776769E-06
 0.15038339001834E-06
 0.33410882974540E-07
-0.10519722855347E-06
-0.13022995974321E-06
-0.51337846412646E-07
-0.10135866366259E-06
-0.16827298993501E-06
-0.54758653300920E-07
 0.16879974148632E-06
-0.87732551919155E-07
-0.12516235376709E-06
 0.56305304986968E-07
 0.44156965720859E-07
-0.73820173954671E-07
-0.77988587167116E-07
 0.23058030683254E-07
-0.27382730424998E-07
-0.34997807244015E-08
 0.37939750528092E-07
-0.18402915723772E-07
 0.57181886471639E-07
-0.62914281261076E-07
-0.14278286744993E-07
-0.15861452349927E-07
 0.15236416643501E-07
 0.26859701693567E-08
 0.78664103870281E-07
 0.55654513916565E-07
 0.47742711151139E-07
 0.17311452036928E-06
 0.18983333496853E-06
 0.36878885598006E-06
 0.37454197642157E-06
 0.52899578285826E-06
 0.83521887829569E-06
 0.10058223457216E-05
 0.13192973262667E-05
 0.16411487185516E-05
 0.21257119485488E-05
 0.26787469388383E-05
 0.33745843014683E-05
 0.40649585528874E-05
 0.49628781605761E-05
 0.60604315918446E-05
 0.73213201825821E-05
 0.88288872929219E-05
 0.10583211550523E-04
 0.12687404970521E-04
 0.15043995023531E-04
 0.17781837234199E-04
 0.20866065444458E-04
 0.24389274206154E-04
 0.28406387490733E-04
 0.32881428078074E-04
 0.37999083536047E-04
 0.43628231803014E-04
 0.49971397751041E-04
 0.57060994904305E-04
 0.65008479096562E-04
 0.73653970294977E-04
 0.83225639976270E-04
 0.94030436077668E-04
 0.10580535668056E-03
 0.11859671605282E-03
 0.13247993393035E-03
 0.14796327706081E-03
 0.16511009608453E-03
 0.18383350588118E-03
 0.20356891475990E-03
 0.22544902251841E-03
 0.24906735240190E-03
 0.27475621327116E-03
 0.30257175611228E-03
 0.33250202874910E-03
 0.36492323033847E-03
 0.40003032068011E-03
 0.43749700394401E-03
 0.47806137872018E-03
 0.52167134358620E-03
 0.56841860337850E-03
 0.61866102679526E-03
 0.67232850009344E-03
 0.72990831470938E-03
 0.79176061897423E-03
 0.85792347364158E-03
 0.92825807754570E-03
 0.10034172663950E-02
 0.10839946635550E-02
 0.11697582603959E-02
 0.12612570404541E-02
 0.13584912719438E-02
 0.14627455384817E-02
 0.15732634011942E-02
 0.16909456520035E-02
 0.18161349430837E-02
 0.19494262991454E-02
 0.20908616511398E-02
 0.22406887848260E-02
 0.24002509185410E-02
 0.25697755100892E-02
 0.27506835690807E-02
 0.29422712148569E-02
 0.31446100377883E-02
 0.33597045482944E-02
 0.35885741942966E-02
 0.38306309030895E-02
 0.40878452396293E-02
 0.43596913318509E-02
 0.46488464095586E-02
 0.49549313620917E-02
 0.52794305710885E-02
 0.56230757376263E-02
 0.59875117107352E-02
 0.63748790498081E-02
 0.67844174261743E-02
 0.72191526071405E-02
 0.76787323894059E-02
 0.81658457486525E-02
 0.86816863282735E-02
 0.92299576743710E-02
 0.98100560247563E-02
 0.10426903980592E-01
 0.11078502752815E-01
 0.11768561156859E-01
 0.12500607017322E-01
 0.13278332135261E-01
 0.14101592519487E-01
 0.14973430015414E-01
 0.15897546548224E-01
 0.16875884829396E-01
 0.17913079407164E-01
 0.19013872813254E-01
 0.20179891852462E-01
 0.21416078506337E-01
 0.22720631235329E-01
 0.24102310378082E-01
 0.25569073812386E-01
 0.27126646967131E-01
 0.28785461163434E-01
 0.30560773773123E-01
 0.32473595794634E-01
 0.34550272068630E-01
 0.36824056500597E-01
 0.39339270044548E-01
 0.42151114621719E-01
 0.45334057033328E-01
 0.48976904667628E-01
 0.53130314083419E-01
 0.57757998692560E-01
 0.62714215488425E-01
 0.67773253581202E-01
 0.72679325056639E-01
 0.77213100081034E-01
 0.81245460756869E-01
 0.84741642612901E-01
 0.87746190442497E-01
 0.90337138774486E-01
 0.92610235719603E-01
 0.94640286597230E-01
 0.96495892779989E-01
 0.98231949793850E-01
 0.99877093207103E-01
 0.10146221033774E+00
 0.10300165648311E+00
 0.10450160415540E+00
 0.10597282409734E+00
 0.10741719262395E+00
 0.10883444584546E+00
 0.11022920829261E+00
 0.11160509141331E+00
 0.11295233461634E+00
 0.11428420301020E+00
 0.11558852420893E+00
 0.11687239531917E+00
 0.11813178024273E+00
 0.11937114666898E+00
 0.12058914499881E+00
 0.12178323699277E+00
 0.12295990325516E+00
 0.12411164824382E+00
 0.12524185803056E+00
 0.12635066203520E+00
 0.12744114926927E+00
 0.12851146945448E+00
 0.12956235357998E+00
 0.13059504520289E+00
 0.13160743474536E+00
 0.13260364579326E+00
 0.13357917226946E+00
 0.13453840491048E+00
 0.13547992331614E+00
 0.13640723671755E+00
 0.13731503475195E+00
 0.13821160371260E+00
 0.13908806637107E+00
 0.13995170062218E+00
 0.14079990508776E+00
 0.14163447272324E+00
 0.14245418071149E+00
 0.14325963571488E+00
 0.14405209479394E+00
 0.14483187293378E+00
 0.14559957055430E+00
 0.14635478763562E+00
 0.14709906473022E+00
 0.14782904075568E+00
 0.14854746437251E+00
 0.14925641837721E+00
 0.14995445187064E+00
 0.15063906087533E+00
 0.15131599739368E+00
 0.15197978779521E+00
 0.15263576256912E+00
 0.15328174640095E+00
 0.15391830958926E+00
 0.15454442014691E+00
 0.15516224211859E+00
 0.15577016542380E+00
 0.15636933074020E+00
 0.15696137714106E+00
 0.15754390193668E+00
 0.15811866639420E+00
 0.15868434677769E+00
 0.15924318355890E+00
 0.15979333956806E+00
 0.16033694885336E+00
 0.16087267057476E+00
 0.16140094007603E+00
 0.16192227830687E+00
 0.16243647856203E+00
 0.16294453795208E+00
 0.16344526920116E+00
 0.16393965901814E+00
 0.16442729662049E+00
 0.16490889055949E+00
 0.16538413679964E+00
 0.16585337585678E+00
 0.16631656239805E+00
 0.16677401473101E+00
 0.16722566113689E+00
 0.16767165760898E+00
 0.16811220801112E+00
 0.16854716201712E+00
 0.16897689369042E+00
 0.16940135871643E+00
 0.16982066012980E+00
 0.17023488984276E+00
 0.17064419260619E+00
 0.17104861904232E+00
 0.17144819931810E+00
 0.17184302795178E+00
 0.17223341333767E+00
 0.17261908833426E+00
 0.17300048510589E+00
 0.17337701274160E+00
 0.17374963575668E+00
 0.17411806254153E+00
 0.17448204422322E+00
 0.17484211286753E+00
 0.17519788415711E+00
 0.17554988998267E+00
 0.17589806090152E+00
 0.17624224620614E+00
 0.17658279759708E+00
 0.17691954867118E+00
 0.17725231041952E+00
 0.17758187959624E+00
 0.17790806409097E+00
 0.17823034029773E+00
 0.17854946336436E+00
 0.17886498546740E+00
 0.17917698297406E+00
 0.17948635205646E+00
 0.17979214382966E+00
 0.18009405352520E+00
 0.18039369728661E+00
 0.18069040238348E+00
 0.18098359022828E+00
 0.18127381829765E+00
 0.18156106161911E+00
 0.18184576708553E+00
 0.18212736021857E+00
 0.18240634543134E+00
 0.18268241497122E+00
 0.18295546290077E+00
 0.18322599469641E+00
