 0.00000000000000E+00
 0.00000000000000E+00
 0.00000000000000E+00
 0.00000000000000E+00
 0.00000000000000E+00
-0.97025094473855E-26
-0.57704542750165E-24
 0.70390130462659E-13
-0.33989179873869E-11
 0.13303079370801E-06
-0.58094500887664E-06
-0.26444090746673E-06
 0.24377852675543E-06
 0.71649038786727E-07
-0.97363160543019E-07
-0.18546704670088E-06
 0.53405374828469E-07
 0.18734621988455E-06
-0.25447495493880E-06
 0.33434517492737E-06
 0.71645537302308E-07
 0.13618877378605E-06
-0.16620059919011E-06
-0.17192715100737E-07
 0.22881829138181E-07
 0.14351083874264E-06
-0.11502742949827E-06
 0.11470382138202E-06
 0.30603054717243E-06
 0.22305761020214E-06
-0.19011852223435E-06
 0.74481017042644E-07
 0.15016244123083E-06
-0.22713443016365E-06
-0.26847217131442E-06
 0.37955401872347E-07
-0.13414321655311E-06
-0.31306456191842E-07
 0.17999593482746E-06
 0.38843926488797E-06
 0.15507870382774E-06
 0.18502467176563E-08
 0.22324134214212E-06
 0.18028013302745E-06
 0.17709313891391E-06
 0.27427357620426E-06
 0.15119438681543E-06
 0.75901516331604E-06
 0.70574169369598E-06
 0.83445890079173E-06
 0.85370055426891E-06
 0.14520050135774E-05
 0.23151192258920E-05
 0.29185845513955E-05
 0.32390577521618E-05
 0.40350337269572E-05
 0.46195357126331E-05
 0.57956590372195E-05
 0.68503009192995E-05
 0.87902403000094E-05
 0.10664934533460E-04
 0.12896140391003E-04
 0.15098580132369E-04
 0.17849413143349E-04
 0.20946569650182E-04
 0.24461445959909E-04
 0.28039605950615E-04
 0.32308894998777E-04
 0.37588981298767E-04
 0.42912011226382E-04
 0.49423671864599E-04
 0.55951311860491E-04
 0.63709604795813E-04
 0.71860424480980E-04
 0.80602837829360E-04
 0.92605728278735E-04
 0.10377557837886E-03
 0.11472141236363E-03
 0.12831868697333E-03
 0.14415856551229E-03
 0.16201488334751E-03
 0.17740541868623E-03
 0.19688695774787E-03
 0.21757106272525E-03
 0.24025522177970E-03
 0.26466630562480E-03
 0.29141426984577E-03
 0.31873946048402E-03
 0.35037226637963E-03
 0.38338539795625E-03
 0.41887882380999E-03
 0.45693923748538E-03
 0.49743795251417E-03
 0.54126001174139E-03
 0.58731592139815E-03
 0.63685167974160E-03
 0.69035339286234E-03
 0.74896967811584E-03
 0.81048397882802E-03
 0.87485180871184E-03
 0.94484418961299E-03
 0.10177572513421E-02
 0.10975935954335E-02
 0.11828007951199E-02
 0.12718188601376E-02
 0.13686782381888E-02
 0.14671714608602E-02
 0.15736285268544E-02
 0.16926112406864E-02
 0.18124288579881E-02
 0.19377805371257E-02
 0.20711333388037E-02
 0.22226357946329E-02
 0.23745230855582E-02
 0.25447060564170E-02
 0.27132871856668E-02
 0.28928821863037E-02
 0.30919984257700E-02
 0.33030193317998E-02
 0.35191692305255E-02
 0.37565939580562E-02
 0.40009031165591E-02
 0.42676689964059E-02
 0.45465201158015E-02
 0.48491040578418E-02
 0.51547276974340E-02
 0.54828087343314E-02
 0.58528055456609E-02
 0.62226193020761E-02
 0.66143792455167E-02
 0.70396508969652E-02
 0.74900177466255E-02
 0.79728929476805E-02
 0.84889067051751E-02
 0.90335188137476E-02
 0.95927252634656E-02
 0.10188078817252E-01
 0.10830584698369E-01
 0.11544718953460E-01
 0.12265487124105E-01
 0.13034466350341E-01
 0.13850947985123E-01
 0.14726495356071E-01
 0.15635419766578E-01
 0.16617026795768E-01
 0.17669975176655E-01
 0.18759169963628E-01
 0.19904884363395E-01
 0.21102597483476E-01
 0.22381360245880E-01
 0.23736783861381E-01
 0.25222058878428E-01
 0.26835755418488E-01
 0.28654631633075E-01
 0.30730115287679E-01
 0.33220966228556E-01
 0.36240132703715E-01
 0.39892423256320E-01
 0.44425396158440E-01
 0.50148935306576E-01
 0.57159361496910E-01
 0.65194670806536E-01
 0.73374488064697E-01
 0.80382164846308E-01
 0.85148063095257E-01
 0.87146145496084E-01
 0.86359466532561E-01
 0.83545954712577E-01
 0.79423308649689E-01
 0.74857219806885E-01
 0.70273930755733E-01
 0.65877824060528E-01
 0.61827785097035E-01
 0.58201073565656E-01
 0.54999972912619E-01
 0.52129840555949E-01
 0.49534570254691E-01
 0.47256728748802E-01
 0.45164978227483E-01
 0.43277282233712E-01
 0.41526024428577E-01
 0.39956582083866E-01
 0.38553329807693E-01
 0.37289322333218E-01
 0.36066950261380E-01
 0.34929304658030E-01
 0.33884763283384E-01
 0.32940631070447E-01
 0.32046516903265E-01
 0.31222901517240E-01
 0.30429317088914E-01
 0.29672649903723E-01
 0.28986571267095E-01
 0.28348398620372E-01
 0.27736500221998E-01
 0.27147960578076E-01
 0.26624699217543E-01
 0.26174687236483E-01
 0.25623047689394E-01
 0.25189756760695E-01
 0.24717451321406E-01
 0.24280350094956E-01
 0.23937374411512E-01
 0.23514967540603E-01
 0.23196488601073E-01
 0.22823839393780E-01
 0.22511596665208E-01
 0.22169110875974E-01
 0.21858526097366E-01
 0.21550226572711E-01
 0.21302692441707E-01
 0.21005037477550E-01
 0.20759739347286E-01
 0.20490886844249E-01
 0.20244194449297E-01
 0.20054719471808E-01
 0.19792535849320E-01
 0.19570727503880E-01
 0.19367187485103E-01
 0.19144953468020E-01
 0.18974949400514E-01
 0.18755827664919E-01
 0.18571329880922E-01
 0.18402772723787E-01
 0.18229529955700E-01
 0.18030646959518E-01
 0.17878182074447E-01
 0.17704464997595E-01
 0.17539998401176E-01
 0.17396091872159E-01
 0.17233242226153E-01
 0.17085149989696E-01
 0.16947140536190E-01
 0.16802493006841E-01
 0.16653933078855E-01
 0.16523276528421E-01
 0.16393254298994E-01
 0.16255784008013E-01
 0.16145415495435E-01
 0.16012496442358E-01
 0.15893282955552E-01
 0.15775138674288E-01
 0.15649709678928E-01
 0.15545297550957E-01
 0.15423879397045E-01
 0.15319031131742E-01
 0.15208048767203E-01
 0.15105111080069E-01
 0.14996741452973E-01
 0.14892582791740E-01
 0.14795048907316E-01
 0.14694771687527E-01
 0.14595657756536E-01
 0.14501768579101E-01
 0.14407426877069E-01
 0.14311383019501E-01
 0.14222655602226E-01
 0.14132415205669E-01
 0.14044033997405E-01
 0.13957232806329E-01
 0.13869723196998E-01
 0.13787353932126E-01
 0.13702873578729E-01
 0.13621559837777E-01
 0.13539287540401E-01
 0.13460787112828E-01
 0.13381003674374E-01
 0.13303867598532E-01
 0.13223029095757E-01
 0.13153508276604E-01
 0.13079032214089E-01
 0.13000815451498E-01
 0.12931292249119E-01
 0.12858202788149E-01
 0.12791982191620E-01
 0.12724180571945E-01
 0.12651009340509E-01
 0.12582427821314E-01
 0.12509138057877E-01
 0.12445364216083E-01
 0.12377786212706E-01
 0.12316093200072E-01
 0.12247470987674E-01
 0.12191473208443E-01
 0.12123149206697E-01
 0.12066002379929E-01
 0.12004463997235E-01
 0.11945205538192E-01
 0.11879464232370E-01
 0.11822378776121E-01
 0.11763746314448E-01
 0.11708774845449E-01
 0.11649758163684E-01
 0.11592738442171E-01
 0.11536457135892E-01
 0.11472170956964E-01
 0.11425555515677E-01
 0.11371525575828E-01
 0.11318762720460E-01
 0.11270444118852E-01
