 0.00000000000000E+00
 0.00000000000000E+00
 0.00000000000000E+00
 0.00000000000000E+00
 0.00000000000000E+00
-0.22373026141171E-25
-0.92074316979989E-24
-0.10849276470738E-12
 0.18327172337124E-11
-0.39921640856423E-08
 0.16790254113623E-06
 0.52306831121361E-07
-0.23752855312178E-06
-0.12944919458862E-06
-0.18234572182605E-06
-0.14628999594102E-07
 0.11409560431627E-06
 0.14395248916799E-06
 0.22436322445574E-08
 0.16558368694370E-06
 0.22571883735258E-06
 0.12989786973634E-06
-0.19976951706361E-06
 0.30739227438168E-06
 0.22481541009915E-06
-0.50706922089328E-07
-0.75137474884815E-07
 0.25832132959267E-06
 0.23657398292196E-06
-0.15335908521938E-07
 0.10750285216922E-06
-0.47220801271325E-08
-0.19409803226503E-06
-0.32833389764052E-07
-0.22622100798973E-06
 0.17705470688766E-06
 0.55884234180245E-07
 0.28843224173104E-06
 0.12516139308618E-06
 0.25678613183296E-06
-0.25368106262948E-07
 0.22041822547832E-06
 0.52897933653234E-06
 0.24166007507649E-06
 0.44737826884143E-06
-0.92882632458144E-07
 0.75024111449896E-06
 0.96379644195444E-06
 0.27600231365503E-06
 0.98463667075427E-06
 0.13091380269525E-05
 0.19546133161044E-05
 0.17257218788135E-05
 0.20270300206508E-05
 0.22288145270633E-05
 0.37986864679186E-05
 0.50058923714886E-05
 0.60843685597934E-05
 0.78800839818702E-05
 0.96428159308305E-05
 0.11653683592404E-04
 0.13079676205341E-04
 0.15459162670084E-04
 0.17730547833965E-04
 0.20868706470938E-04
 0.24476346308233E-04
 0.27908582545326E-04
 0.32813232025876E-04
 0.37219342710620E-04
 0.43655355577479E-04
 0.50089532136448E-04
 0.57072342253187E-04
 0.63659294887415E-04
 0.73791655244068E-04
 0.85657683560511E-04
 0.93369895806803E-04
 0.10324373507845E-03
 0.11710913304694E-03
 0.13667474753815E-03
 0.15249360494997E-03
 0.16518617296811E-03
 0.17882331364466E-03
 0.20637751780105E-03
 0.22634203960353E-03
 0.25143791242348E-03
 0.27625280131868E-03
 0.30373875255754E-03
 0.33689476519385E-03
 0.36970354903360E-03
 0.40114339406844E-03
 0.44622475061812E-03
 0.48548811828208E-03
 0.52827976147268E-03
 0.57669426654600E-03
 0.62788599546814E-03
 0.68679075847417E-03
 0.74791786303872E-03
 0.80790197849442E-03
 0.87032709008379E-03
 0.95172628364262E-03
 0.10364573343438E-02
 0.11146804197664E-02
 0.12070501303070E-02
 0.13037531960289E-02
 0.14154687686130E-02
 0.15117604657934E-02
 0.16335251985717E-02
 0.17599229614917E-02
 0.18979837414287E-02
 0.20306921179899E-02
 0.21875473071393E-02
 0.23699409957792E-02
 0.25599104877042E-02
 0.27545405954708E-02
 0.29235474442911E-02
 0.31330775697471E-02
 0.33948972293258E-02
 0.36469054072089E-02
 0.38745091266771E-02
 0.41776455649459E-02
 0.44803113710212E-02
 0.48160335728861E-02
 0.51467090186933E-02
 0.55214262021739E-02
 0.59245256833347E-02
 0.63718219035925E-02
 0.68346150179538E-02
 0.72762757810557E-02
 0.77783479608171E-02
 0.83106342965503E-02
 0.89219524750984E-02
 0.95900131340744E-02
 0.10306875178176E-01
 0.11007154433906E-01
 0.11821690282252E-01
 0.12542114383445E-01
 0.13471966199550E-01
 0.14489816666567E-01
 0.15522020830237E-01
 0.16509087718604E-01
 0.17627144713724E-01
 0.18852260525197E-01
 0.20159250758645E-01
 0.21620857803152E-01
 0.23130237477946E-01
 0.24607043362740E-01
 0.26178511814577E-01
 0.27767938772423E-01
 0.29849515344977E-01
 0.32194514637024E-01
 0.34674903259998E-01
 0.37461493102660E-01
 0.40555685549344E-01
 0.43964905329106E-01
 0.47628997978404E-01
 0.52091725464582E-01
 0.58795911361696E-01
 0.70109441203541E-01
 0.88495327202154E-01
 0.11420670519524E+00
 0.14257749665848E+00
 0.16607767377759E+00
 0.17726373222021E+00
 0.17292743863524E+00
 0.15419459301907E+00
 0.12648325185679E+00
 0.96899398677787E-01
 0.70541067943765E-01
 0.50345039519532E-01
 0.36188796826732E-01
 0.27216600857193E-01
 0.21687290606125E-01
 0.19143511113073E-01
 0.18308589200658E-01
 0.18054730810396E-01
 0.18691019164485E-01
 0.19527533643807E-01
 0.20215002997192E-01
 0.21227518871214E-01
 0.21968551430420E-01
 0.22628509296757E-01
 0.23434325803231E-01
 0.24124361489465E-01
 0.24227778499317E-01
 0.25178386193893E-01
 0.24967836537551E-01
 0.25401093945659E-01
 0.25598886013319E-01
 0.25911196356143E-01
 0.25986400603797E-01
 0.25839711381340E-01
 0.26062603625930E-01
 0.25666917952308E-01
 0.25674624884523E-01
 0.25817835030044E-01
 0.26004708876208E-01
 0.25845224249214E-01
 0.25823252884561E-01
 0.25673043538554E-01
 0.25547241073790E-01
 0.25464287195253E-01
 0.25240830213361E-01
 0.25247645409111E-01
 0.25287278239596E-01
 0.25238530499538E-01
 0.24900298577344E-01
 0.25103131253465E-01
 0.24574213261404E-01
 0.24726119580391E-01
 0.24499205982113E-01
 0.24423674079627E-01
 0.24238312661336E-01
 0.24194395527648E-01
 0.24236599829470E-01
 0.24264885837033E-01
 0.24043643853899E-01
 0.24001771396083E-01
 0.23776178524190E-01
 0.23505796776340E-01
 0.23460931180357E-01
 0.23586869437532E-01
 0.23341541855859E-01
 0.23080248902677E-01
 0.23285561600023E-01
 0.22991720695308E-01
 0.23237154016151E-01
 0.23009123004467E-01
 0.22935600049753E-01
 0.22770866078450E-01
 0.22731111575251E-01
 0.22599019696230E-01
 0.22658156861775E-01
 0.22648717908516E-01
 0.22437924749777E-01
 0.22384084953110E-01
 0.22201458741186E-01
 0.22311393189508E-01
 0.22181359163152E-01
 0.22222736549190E-01
 0.22085654101226E-01
 0.22040549284586E-01
 0.22017581101277E-01
 0.21979110734131E-01
 0.21962215404292E-01
 0.21798174925962E-01
 0.21768727822842E-01
 0.21685252967178E-01
 0.21675026186767E-01
 0.21612615033759E-01
 0.21580936828395E-01
 0.21512091945661E-01
 0.21488646659252E-01
 0.21425557145396E-01
 0.21377012343643E-01
 0.21338850506524E-01
 0.21274656674936E-01
 0.21244356576108E-01
 0.21189709185346E-01
 0.21147060203482E-01
 0.21103726085756E-01
 0.21070054784348E-01
 0.21017456058697E-01
 0.20976963912708E-01
 0.20935095487366E-01
 0.20926266251514E-01
 0.20856086652952E-01
 0.20819516607383E-01
 0.20754029149267E-01
 0.20801490267379E-01
 0.20730345252434E-01
 0.20659229379811E-01
 0.20663340883431E-01
 0.20611458497289E-01
 0.20613686101268E-01
 0.20575392254043E-01
 0.20521117989582E-01
 0.20499895863947E-01
 0.20435256608667E-01
 0.20397116798969E-01
 0.20445151868541E-01
 0.20375740547342E-01
 0.20291908542390E-01
 0.20252912670725E-01
 0.20184754513447E-01
 0.20208743738005E-01
 0.20219229653511E-01
 0.20093698341018E-01
 0.20062216129877E-01
 0.20214248212649E-01
 0.20118228857863E-01
 0.20022696136887E-01
 0.20021350604236E-01
 0.20032461001211E-01
 0.20019675695398E-01
 0.19951246088229E-01
 0.19932884690693E-01
 0.19900263937764E-01
 0.19834429591887E-01
 0.19881194527678E-01
 0.19880833369746E-01
