 0.00000000000000E+00
 0.00000000000000E+00
-0.25697240368075E-26
 0.98706222348402E-26
 0.15418344220845E-26
-0.19405018894771E-25
-0.44529989610858E-24
-0.79714042095622E-11
-0.67694264517348E-11
-0.14472855216078E-10
-0.31442410604875E-12
-0.29770418446703E-06
-0.48636474064315E-05
 0.91466399684948E-06
-0.37952948961012E-05
-0.22818139833056E-05
-0.48079404369876E-05
 0.56415049945352E-05
-0.94796970549303E-06
-0.88013764495013E-05
 0.32804162112996E-05
-0.74776627978380E-07
 0.23399749443926E-05
-0.39482954299595E-05
 0.10096582486311E-05
-0.19298953180389E-05
-0.27816712008098E-05
-0.17561943832605E-05
-0.44094210623574E-06
 0.12661860910848E-05
-0.38144911922761E-05
-0.20268921783092E-05
 0.29476795768672E-05
 0.18382176969477E-05
-0.70383853704308E-06
 0.33467733002734E-05
-0.79027509109061E-07
 0.22608599461357E-05
 0.79410695804901E-06
 0.22944939190378E-05
 0.41913786076697E-05
 0.39957388489160E-05
 0.40361305296516E-05
 0.84175726154115E-05
 0.95896504499727E-05
 0.10861700345233E-04
 0.15963163191649E-04
 0.17603729094247E-04
 0.20769199530801E-04
 0.24790304569187E-04
 0.30738610553052E-04
 0.37684328603549E-04
 0.46671513866709E-04
 0.57406402144993E-04
 0.63435909868642E-04
 0.75580126068848E-04
 0.88026215364992E-04
 0.10182581069890E-03
 0.11886219022491E-03
 0.13618647299816E-03
 0.15506277059957E-03
 0.17795462003427E-03
 0.20017809881166E-03
 0.22833349192344E-03
 0.26052541364305E-03
 0.29065091011530E-03
 0.32476062752569E-03
 0.36085088895649E-03
 0.40394091627665E-03
 0.45083502400619E-03
 0.50100189555220E-03
 0.55330194633988E-03
 0.60720913557252E-03
 0.66908889339998E-03
 0.73595104275848E-03
 0.80433466815325E-03
 0.88200209024013E-03
 0.96348773038344E-03
 0.10463709219169E-02
 0.11405944511051E-02
 0.12403835223404E-02
 0.13436370025278E-02
 0.14575339681688E-02
 0.15741406959886E-02
 0.17026786588865E-02
 0.18328547673068E-02
 0.19771495743187E-02
 0.21287094570172E-02
 0.22840404350505E-02
 0.24532053286983E-02
 0.26300454027591E-02
 0.28161459202849E-02
 0.30164124804858E-02
 0.32211049843128E-02
 0.34375085808089E-02
 0.36770876276148E-02
 0.39238011467020E-02
 0.41792584468932E-02
 0.44501773837137E-02
 0.47328248443228E-02
 0.50404401480940E-02
 0.53561455587917E-02
 0.56885369892370E-02
 0.60275832841139E-02
 0.64021319031434E-02
 0.67893794452717E-02
 0.71911736692825E-02
 0.76091396798321E-02
 0.80506007582616E-02
 0.85187732906238E-02
 0.90061237055921E-02
 0.95130918443465E-02
 0.10078609199413E-01
 0.10629261336626E-01
 0.11220022902989E-01
 0.11845530052193E-01
 0.12494251097274E-01
 0.13157180683464E-01
 0.13871015172283E-01
 0.14616377014143E-01
 0.15393088033146E-01
 0.16238018838521E-01
 0.17066874695194E-01
 0.17987323839919E-01
 0.18909780737451E-01
 0.19870335640129E-01
 0.20884979733042E-01
 0.21975001275682E-01
 0.23074165888106E-01
 0.24254251073995E-01
 0.25472897228003E-01
 0.26734936581586E-01
 0.28050816165635E-01
 0.29412792988661E-01
 0.30837438463450E-01
 0.32375924146339E-01
 0.33947962867263E-01
 0.35584644621044E-01
 0.37259268200041E-01
 0.39029618728818E-01
 0.40846116390899E-01
 0.42722367836107E-01
 0.44721754972147E-01
 0.46740121413071E-01
 0.48827709726765E-01
 0.51063984875682E-01
 0.53233660982412E-01
 0.55537369824499E-01
 0.57873137678700E-01
 0.60338709621449E-01
 0.62750864348190E-01
 0.65248950839360E-01
 0.67726570724655E-01
 0.70207243177245E-01
 0.72769018171982E-01
 0.75266175603751E-01
 0.77743085198906E-01
 0.80036240605518E-01
 0.82331006516942E-01
 0.84613296785829E-01
 0.86908601258981E-01
 0.88939832182884E-01
 0.90593586340764E-01
 0.92303013613881E-01
 0.93729413922563E-01
 0.94957330425662E-01
 0.96038157728384E-01
 0.96636429390187E-01
 0.97397963806116E-01
 0.97766381707348E-01
 0.98117633381541E-01
 0.98070920600708E-01
 0.97829197014972E-01
 0.97380872917993E-01
 0.96497474952342E-01
 0.95574894055598E-01
 0.94379121352701E-01
 0.93147331153897E-01
 0.91593190493275E-01
 0.89950004301004E-01
 0.88204841585237E-01
 0.86370789215539E-01
 0.84555951865450E-01
 0.82717611499656E-01
 0.80783795406480E-01
 0.78767978182902E-01
 0.76608213651599E-01
 0.74730442375960E-01
 0.72444022933224E-01
 0.70455662729985E-01
 0.68688718771810E-01
 0.66869594892039E-01
 0.64932429482970E-01
 0.63346625452834E-01
 0.61831357612047E-01
 0.60273381748893E-01
 0.58754256490551E-01
 0.57478772436343E-01
 0.56184301333569E-01
 0.54989273844732E-01
 0.53906460617053E-01
 0.52854318919179E-01
 0.51795546049926E-01
 0.50856412722278E-01
 0.49897912736120E-01
 0.49019678123827E-01
 0.48197222419698E-01
 0.47452071133104E-01
 0.46734302847336E-01
 0.45987118953054E-01
 0.45299538097567E-01
 0.44661864656404E-01
 0.44035476091446E-01
 0.43436297691292E-01
 0.42893402850545E-01
 0.42283215272378E-01
 0.41804917263302E-01
 0.41273695004193E-01
 0.40783309108451E-01
 0.40276050627339E-01
 0.39837536325018E-01
 0.39380962819865E-01
 0.38944027565610E-01
 0.38483947378755E-01
 0.38098547182143E-01
 0.37710969955361E-01
 0.37327251142341E-01
 0.36950995988153E-01
 0.36591995966133E-01
 0.36223961555269E-01
 0.35862219991676E-01
 0.35528544680349E-01
 0.35213940389966E-01
 0.34871546341599E-01
 0.34557861766750E-01
 0.34261481202177E-01
 0.33945777733137E-01
 0.33650781775473E-01
 0.33366939903288E-01
 0.33093742391923E-01
 0.32835317072664E-01
 0.32568049200070E-01
 0.32282700640884E-01
 0.32025985039117E-01
 0.31796470492257E-01
 0.31505855312323E-01
 0.31292493198864E-01
 0.31031463183190E-01
 0.30822211279696E-01
 0.30584215113697E-01
 0.30333798716867E-01
 0.30163234105532E-01
 0.29890725516821E-01
 0.29709772576526E-01
 0.29541051138057E-01
 0.29289201183287E-01
 0.29036872642733E-01
 0.28933093779535E-01
 0.28705604867261E-01
 0.28476108561340E-01
 0.28319833415310E-01
 0.28141934473461E-01
 0.27996835707368E-01
 0.27804942591511E-01
 0.27612678651503E-01
 0.27435834883301E-01
 0.27266993541087E-01
 0.27080855089434E-01
 0.26878719819244E-01
 0.26758225886356E-01
 0.26571870072418E-01
 0.26471178572403E-01
 0.26260338101691E-01
 0.26134823881440E-01
 0.25997416916492E-01
 0.25884717411159E-01
 0.25744516663487E-01
 0.25566268539349E-01
 0.25435194516200E-01
 0.25270536153682E-01
 0.25161808589833E-01
 0.25017553584442E-01
 0.24831813562044E-01
 0.24748631442074E-01
 0.24570538679736E-01
 0.24456115594588E-01
 0.24312387900532E-01
 0.24123155716006E-01
 0.24048579960500E-01
 0.23948769836633E-01
 0.23800370116075E-01
 0.23715260601587E-01
 0.23641948344071E-01
 0.23477065091882E-01
 0.23310320550306E-01
 0.23166780108803E-01
 0.23088210723877E-01
 0.22964196728963E-01
 0.22834721847666E-01
 0.22789458612513E-01
