 0.00000000000000E+00
 0.00000000000000E+00
 0.00000000000000E+00
-0.65229309445924E-25
-0.48032224987057E-25
-0.27796426497139E-25
 0.12171066485537E-25
 0.39870499256834E-24
 0.10014949517192E-22
 0.53426522198956E-11
 0.92009687805938E-11
 0.13401493160582E-10
 0.22969463238097E-10
-0.88551033070146E-11
 0.30320972243480E-10
-0.58682686972062E-11
-0.20920724338557E-10
-0.31309181846549E-10
 0.16474448139287E-10
-0.33448460626691E-10
 0.36372875040024E-11
-0.86694230244252E-11
-0.11653537776273E-10
 0.51599269375586E-10
 0.65761483167655E-09
 0.14551945149735E-09
-0.81036341003394E-10
-0.39394553835306E-09
 0.50572982746293E-09
 0.40417798949873E-09
 0.11644331829496E-08
 0.18544806858963E-08
 0.35644171300075E-08
 0.61932128542850E-08
 0.10397742965471E-07
 0.16965276373055E-07
 0.26948822980805E-07
 0.41761480499025E-07
 0.63239910594707E-07
 0.93756467070354E-07
 0.13630535396333E-06
 0.19461242443499E-06
 0.27321878781776E-06
 0.37760868283273E-06
 0.51433690585472E-06
 0.69111644466514E-06
 0.91692035669257E-06
 0.12021441033774E-05
 0.15586740206138E-05
 0.19999240601534E-05
 0.25410946021335E-05
 0.31995759138895E-05
 0.39921678710525E-05
 0.49429435126942E-05
 0.60724072967091E-05
 0.74058531486162E-05
 0.89704781261504E-05
 0.10795293298647E-04
 0.12911561552767E-04
 0.15353837743641E-04
 0.18157262456530E-04
 0.21362268695647E-04
 0.25007143975296E-04
 0.29134986376543E-04
 0.33797165784362E-04
 0.39036050341816E-04
 0.44901702590226E-04
 0.51454690104445E-04
 0.58745378990834E-04
 0.66832735982651E-04
 0.75779167937621E-04
 0.85651170286232E-04
 0.96496898637252E-04
 0.10845366572547E-03
 0.12146661680062E-03
 0.13574554808987E-03
 0.15134009837320E-03
 0.16824880675305E-03
 0.18654692610759E-03
 0.20638053448155E-03
 0.22789995572148E-03
 0.25126379936075E-03
 0.27646365993095E-03
 0.30349941659892E-03
 0.33255879111140E-03
 0.36380393061437E-03
 0.39732683890173E-03
 0.43322173339493E-03
 0.47162853322161E-03
 0.51267453389404E-03
 0.55649437305311E-03
 0.60322387970475E-03
 0.65301950056510E-03
 0.70601899514409E-03
 0.76238238566939E-03
 0.82227498727508E-03
 0.88586133217381E-03
 0.95331961171141E-03
 0.10248322441698E-02
 0.11005887304993E-02
 0.11807872269521E-02
 0.12656264998873E-02
 0.13553346844997E-02
 0.14501235365181E-02
 0.15502293962620E-02
 0.16558917001105E-02
 0.17673619292130E-02
 0.18849042128631E-02
 0.20087921229906E-02
 0.21393076571464E-02
 0.22767449228798E-02
 0.24214190795785E-02
 0.25736599381684E-02
 0.27337880718796E-02
 0.29021641914068E-02
 0.30791498261375E-02
 0.32651311739491E-02
 0.34605060544228E-02
 0.36656872806828E-02
 0.38811284559981E-02
 0.41072402177592E-02
 0.43445145213546E-02
 0.45934747787729E-02
 0.48546598365812E-02
 0.51285714893001E-02
 0.54157091268824E-02
 0.57166493811237E-02
 0.60320686943073E-02
 0.63627222418785E-02
 0.67092973097283E-02
 0.70724231920430E-02
 0.74526727768842E-02
 0.78509393686152E-02
 0.82680780876871E-02
 0.87048839661889E-02
 0.91622562798628E-02
 0.96411109841163E-02
 0.10142407066763E-01
 0.10667160331086E-01
 0.11216413837224E-01
 0.11791266186769E-01
 0.12392874602138E-01
 0.13022438486464E-01
 0.13681204701176E-01
 0.14370460991140E-01
 0.15091560861718E-01
 0.15845900201579E-01
 0.16634920790526E-01
 0.17460224982759E-01
 0.18323163661431E-01
 0.19225437244122E-01
 0.20168699673125E-01
 0.21154552062193E-01
 0.22184528017362E-01
 0.23260226953102E-01
 0.24383324658576E-01
 0.25555476547217E-01
 0.26778247412753E-01
 0.28052748876047E-01
 0.29379827129730E-01
 0.30760714261230E-01
 0.32195861207028E-01
 0.33685439014904E-01
 0.35229172932383E-01
 0.36826244377094E-01
 0.38475250451721E-01
 0.40174112616145E-01
 0.41919990968923E-01
 0.43709338864582E-01
 0.45537876374112E-01
 0.47400639861149E-01
 0.49292042800804E-01
 0.51205990292100E-01
 0.53136014301182E-01
 0.55075422214173E-01
 0.57017459737868E-01
 0.58955456018668E-01
 0.60882979133918E-01
 0.62793938930246E-01
 0.64682696427824E-01
 0.66544123514172E-01
 0.68373637286538E-01
 0.70167243696209E-01
 0.71921489598956E-01
 0.73633491020381E-01
 0.75300857802421E-01
 0.76921692595828E-01
 0.78494522544731E-01
 0.80018255169775E-01
 0.81492170184349E-01
 0.82915833160913E-01
 0.84289064329822E-01
 0.85611925727343E-01
 0.86884698837093E-01
 0.88107839714127E-01
 0.89281896813625E-01
 0.90407587456253E-01
 0.91485875811829E-01
 0.92517475281546E-01
 0.93503327116280E-01
 0.94444790675688E-01
 0.95342804684163E-01
 0.96198558563913E-01
 0.97013242404684E-01
 0.97788084447999E-01
 0.98524325382153E-01
 0.99223215689122E-01
 0.99886013384515E-01
 0.10051397664233E+00
 0.10110835294728E+00
 0.10167037927926E+00
 0.10220126985142E+00
 0.10270223354191E+00
 0.10317443645180E+00
 0.10361903042995E+00
 0.10403713375387E+00
 0.10442983086249E+00
 0.10479817888302E+00
 0.10514319477371E+00
 0.10546586280190E+00
 0.10576713271604E+00
 0.10604791764540E+00
 0.10630909536257E+00
 0.10655151303734E+00
 0.10677595378154E+00
 0.10698324024792E+00
 0.10717409763083E+00
 0.10734916192210E+00
 0.10750918098883E+00
 0.10765480371539E+00
 0.10778663400120E+00
 0.10790526046486E+00
 0.10801124437795E+00
 0.10810512405820E+00
 0.10818741199002E+00
 0.10825859537912E+00
 0.10831914313300E+00
 0.10836949899370E+00
 0.10841008795586E+00
 0.10844131463438E+00
 0.10846356781753E+00
 0.10847721533278E+00
 0.10848261145961E+00
 0.10848009222716E+00
 0.10846998018918E+00
 0.10845258311024E+00
 0.10842819529413E+00
 0.10839709800452E+00
 0.10835956065772E+00
 0.10831584064905E+00
 0.10826618463585E+00
 0.10821082891767E+00
 0.10814999952860E+00
 0.10808391324332E+00
 0.10801277771402E+00
 0.10793679212639E+00
 0.10785614763635E+00
 0.10777102741489E+00
 0.10768160739482E+00
 0.10758805620682E+00
 0.10749053622406E+00
 0.10738920310040E+00
 0.10728420661277E+00
 0.10717569051870E+00
 0.10706379321123E+00
 0.10694864769183E+00
 0.10683038193600E+00
 0.10670911916668E+00
 0.10658497777987E+00
 0.10645807194524E+00
 0.10632851165325E+00
 0.10619640255055E+00
 0.10606184677939E+00
 0.10592494263156E+00
 0.10578578469573E+00
 0.10564446448082E+00
 0.10550106996948E+00
 0.10535568606458E+00
 0.10520839484888E+00
 0.10505927533759E+00
 0.10490840387262E+00
 0.10475585402443E+00
 0.10460169708491E+00
 0.10444600163214E+00
 0.10428883400096E+00
 0.10413025825048E+00
 0.10397033620830E+00
 0.10380912776624E+00
 0.10364669069572E+00
 0.10348308072193E+00
 0.10331835192022E+00
 0.10315255650729E+00
 0.10298574490179E+00
 0.10281796576343E+00
 0.10264926647680E+00
 0.10247969266403E+00
 0.10230928820375E+00
 0.10213809621337E+00
 0.10196615754272E+00
 0.10179351254296E+00
