 0.00000000000000E+00
 0.00000000000000E+00
 0.00000000000000E+00
-0.13940602798978E-24
-0.56822122159688E-24
-0.39459807055339E-24
 0.45520335670132E-25
 0.38966142520750E-23
 0.46414547088727E-22
-0.29038137829349E-11
-0.25737858059795E-11
 0.53822672817713E-11
-0.55578207044494E-11
 0.20783833151462E-12
-0.19629388888971E-10
 0.70715972438020E-11
-0.19659514949986E-11
-0.34898237228773E-10
 0.33876675811234E-11
-0.12732417868727E-12
-0.43225147741360E-13
 0.15830688059432E-10
-0.37890120868076E-10
 0.20671639977150E-09
-0.14864517943533E-09
-0.99055770382411E-09
 0.93524415538284E-09
-0.15857558069980E-08
 0.53367936931123E-09
-0.10400743892010E-09
 0.16201884373965E-08
 0.16812031498639E-08
 0.35506658481376E-08
 0.61685230389832E-08
 0.10378131316739E-07
 0.16945969945388E-07
 0.26922847302438E-07
 0.41722169011169E-07
 0.63208668597713E-07
 0.93731572795681E-07
 0.13629536677355E-06
 0.19463773587800E-06
 0.27330932942627E-06
 0.37781837918680E-06
 0.51473869683162E-06
 0.69181834696046E-06
 0.91808944096971E-06
 0.12040091773244E-05
 0.15615559888088E-05
 0.20042686231199E-05
 0.25475061484759E-05
 0.32060474166203E-05
 0.40075830572638E-05
 0.49615038004613E-05
 0.60981093986615E-05
 0.74409917662261E-05
 0.90179717475786E-05
 0.10858761634185E-04
 0.12995269164036E-04
 0.15465467454878E-04
 0.18303930329947E-04
 0.21546365906351E-04
 0.25244570277695E-04
 0.29432848276838E-04
 0.34174800173246E-04
 0.39507273978429E-04
 0.45486029192473E-04
 0.52178780621974E-04
 0.59631820764023E-04
 0.67921617815265E-04
 0.77103954102645E-04
 0.87244490330902E-04
 0.98540680576370E-04
 0.11059226798813E-03
 0.12425689190812E-03
 0.13918080522537E-03
 0.15521235502669E-03
 0.17245401096832E-03
 0.19149203552877E-03
 0.21240956424536E-03
 0.23525453555965E-03
 0.25999769875675E-03
 0.28631294147357E-03
 0.31457980509928E-03
 0.34541512214103E-03
 0.37850377899825E-03
 0.41421352993862E-03
 0.45248947422796E-03
 0.49355202790195E-03
 0.53756444565029E-03
 0.58468936529807E-03
 0.63507420672699E-03
 0.68894308854385E-03
 0.74644420090169E-03
 0.80777977969231E-03
 0.87315741200271E-03
 0.94278429070613E-03
 0.10168827260699E-02
 0.10956858882048E-02
 0.11794432573790E-02
 0.12683794338948E-02
 0.13627987447613E-02
 0.14629720172496E-02
 0.15691478527450E-02
 0.16816757841920E-02
 0.18008462183489E-02
 0.19270013533363E-02
 0.20604944455090E-02
 0.22016815643324E-02
 0.23509273758165E-02
 0.25086440216208E-02
 0.26752857647590E-02
 0.28512318339833E-02
 0.30369522550101E-02
 0.32329244843503E-02
 0.34396759368232E-02
 0.36577093629161E-02
 0.38875552832775E-02
 0.41298023069029E-02
 0.43849735666724E-02
 0.46538491864329E-02
 0.49372538506679E-02
 0.52356842838156E-02
 0.55495935257672E-02
 0.58796059538860E-02
 0.62267495486425E-02
 0.65922176078318E-02
 0.69771303168170E-02
 0.73825489034119E-02
 0.78083020469469E-02
 0.82552395282862E-02
 0.87246902478575E-02
 0.92190150933356E-02
 0.97380839391498E-02
 0.10283580188788E-01
 0.10856626643961E-01
 0.11458528929410E-01
 0.12090635516982E-01
 0.12754407194186E-01
 0.13451318803218E-01
 0.14182961126778E-01
 0.14950931439900E-01
 0.15756933428324E-01
 0.16602605804535E-01
 0.17489820828221E-01
 0.18420402214430E-01
 0.19396361276061E-01
 0.20419937342619E-01
 0.21491915122235E-01
 0.22616006371424E-01
 0.23793768808718E-01
 0.25026762343630E-01
 0.26316686649391E-01
 0.27665268917048E-01
 0.29076009314476E-01
 0.30550486528910E-01
 0.32090296667637E-01
 0.33696203534901E-01
 0.35367393432680E-01
 0.37105373784091E-01
 0.38912360273765E-01
 0.40786390928367E-01
 0.42726042687573E-01
 0.44729576585385E-01
 0.46794454105419E-01
 0.48917161157485E-01
 0.51093279169548E-01
 0.53317553247800E-01
 0.55584425883901E-01
 0.57887447174347E-01
 0.60219893092551E-01
 0.62574854895675E-01
 0.64945329700254E-01
 0.67324515979157E-01
 0.69705947994426E-01
 0.72083458265636E-01
 0.74451460407852E-01
 0.76804898559401E-01
 0.79139259827160E-01
 0.81450453104285E-01
 0.83735023389618E-01
 0.85989997324013E-01
 0.88212615952853E-01
 0.90400657199407E-01
 0.92552130009576E-01
 0.94665456151206E-01
 0.96739298876762E-01
 0.98772349756286E-01
 0.10076387473259E+00
 0.10271317501483E+00
 0.10461967553211E+00
 0.10648300536910E+00
 0.10830315132427E+00
 0.11008017935147E+00
 0.11181408258881E+00
 0.11350480778411E+00
 0.11515418709230E+00
 0.11676132790614E+00
 0.11832617413225E+00
 0.11985201945740E+00
 0.12133770589680E+00
 0.12278482345601E+00
 0.12419417373565E+00
 0.12556674518231E+00
 0.12690365608599E+00
 0.12820589725053E+00
 0.12947454663846E+00
 0.13071071564086E+00
 0.13191547765756E+00
 0.13308991264662E+00
 0.13423503916456E+00
 0.13535193960636E+00
 0.13644157922869E+00
 0.13750499313108E+00
 0.13854310385868E+00
 0.13955683560016E+00
 0.14054706868487E+00
 0.14151468763655E+00
 0.14246046146939E+00
 0.14338522480481E+00
 0.14428968990120E+00
 0.14517456946053E+00
 0.14604068358472E+00
 0.14688829316493E+00
 0.14771858973505E+00
 0.14853207139454E+00
 0.14932868397651E+00
 0.15010910143395E+00
 0.15087507341273E+00
 0.15162558247023E+00
 0.15236181436351E+00
 0.15308409892335E+00
 0.15379287689902E+00
 0.15448855359901E+00
 0.15517151798030E+00
 0.15584216080888E+00
 0.15650083725609E+00
 0.15714790062746E+00
 0.15778367976631E+00
 0.15840849078329E+00
 0.15902265407442E+00
 0.15962644369682E+00
 0.16022016586055E+00
 0.16080407743371E+00
 0.16137843978866E+00
 0.16194351075050E+00
 0.16249952699391E+00
 0.16304672336853E+00
 0.16358532307638E+00
 0.16411554436111E+00
 0.16463759409956E+00
 0.16515167514230E+00
 0.16565797898632E+00
 0.16615669478687E+00
 0.16664800295214E+00
 0.16713207904350E+00
 0.16760909104906E+00
 0.16807920366149E+00
 0.16854257222945E+00
 0.16899935135722E+00
 0.16944969024172E+00
 0.16989373028597E+00
 0.17033161196675E+00
 0.17076346878453E+00
 0.17118943108796E+00
 0.17160962661535E+00
 0.17202417718139E+00
 0.17243320240042E+00
 0.17283681600732E+00
 0.17323513223503E+00
 0.17362825781632E+00
 0.17401630138670E+00
 0.17439936417109E+00
 0.17477754621284E+00
 0.17515094531891E+00
 0.17551965417113E+00
 0.17588376741643E+00
 0.17624337270805E+00
 0.17659855715653E+00
 0.17694940524960E+00
 0.17729600088989E+00
 0.17763842307480E+00
 0.17797675070389E+00
 0.17831105967788E+00
 0.17864142489855E+00
 0.17896791905038E+00
 0.17929061082600E+00
 0.17960956993289E+00
 0.17992486466520E+00
 0.18023656059065E+00
 0.18054471918266E+00
 0.18084940780443E+00
 0.18115068008386E+00
 0.18144859976157E+00
 0.18174322767122E+00
 0.18203461362946E+00
 0.18232281818040E+00
 0.18260789615254E+00
 0.18288989655467E+00
 0.18316887170319E+00
