 0.00000000000000E+00
 0.00000000000000E+00
 0.19327202798792E-25
 0.00000000000000E+00
 0.00000000000000E+00
 0.89469747787668E-25
 0.25906593651911E-23
 0.37525175771138E-23
 0.85390622199212E-22
-0.85305231577013E-22
 0.15335668167167E-20
 0.19355207698488E-20
-0.10745925910623E-20
 0.88905827987705E-20
 0.67153917797371E-19
-0.40731326789024E-19
 0.12942472199142E-18
 0.66929380520785E-19
 0.66086739339883E-19
 0.16998335442460E-18
-0.52752915665249E-18
 0.12487298763974E-17
 0.63748479539709E-18
 0.61207997992395E-18
 0.72203892415733E-18
 0.18339713554130E-17
 0.94164920551107E-18
 0.34323385463124E-17
 0.22468160614480E-17
-0.32804644401553E-08
 0.70662285465814E-10
 0.52797479765171E-08
-0.83365750529221E-09
-0.89199886073824E-08
 0.44874769973211E-07
 0.39514660141763E-07
-0.32485743190092E-07
 0.54501889424831E-08
-0.37609185645370E-07
-0.14190531218038E-07
 0.32651133946375E-08
 0.18976152452787E-07
-0.16900397398071E-07
 0.85320298669860E-08
-0.22585266663800E-08
-0.56787635984899E-08
-0.93862462921057E-08
-0.63061640675265E-08
-0.18538824287086E-07
 0.78104104658956E-08
 0.29879498308678E-08
 0.22376672813048E-07
-0.64908950525960E-09
-0.14668939525565E-07
-0.15728640436915E-07
 0.85346799689155E-09
-0.21177726296843E-08
 0.19097772930309E-08
 0.10253562280015E-08
 0.82620178432922E-08
 0.44082778705680E-08
 0.17391605283156E-08
-0.38823005592924E-08
-0.69712016343850E-08
 0.67314389584064E-08
-0.75890932779950E-10
 0.77157351344536E-08
 0.67912346101266E-08
-0.15121602646517E-07
-0.47605416911849E-08
 0.15726800964611E-07
 0.14408518774599E-07
-0.11429283211776E-07
-0.73561911208297E-08
 0.13378499424209E-07
-0.13287549424065E-07
 0.43583981782853E-08
 0.11125704844424E-07
-0.23769925771736E-07
 0.25776911719338E-07
-0.22124753003012E-07
 0.74072614105484E-09
-0.98154982028987E-10
-0.14212702531999E-07
 0.13527982944461E-08
-0.96770755634770E-08
-0.19684675483509E-07
 0.24606760192065E-07
 0.60635214493841E-08
-0.10670163779558E-07
 0.88412296546919E-08
-0.21181126810753E-07
-0.26136629195108E-07
 0.12320848386571E-07
-0.57033534194095E-08
 0.41848026676652E-07
 0.32564529980852E-07
-0.31752462488687E-09
-0.22797952322694E-07
 0.21059212616510E-07
 0.43859232814960E-07
-0.34950729515740E-07
 0.25482507114230E-08
 0.33500692752871E-07
-0.25352649838522E-07
 0.40874161016779E-08
-0.83744491428176E-07
 0.27199702151701E-07
 0.22474779964826E-07
-0.92372560385713E-08
 0.22795910910885E-07
 0.43136299769343E-08
 0.24919074596363E-07
-0.35236269197848E-07
-0.74883691050432E-07
 0.93179814684908E-08
 0.17070986452009E-07
-0.41158061424538E-07
-0.36149976864089E-07
 0.23342535212064E-07
-0.27237101239027E-07
 0.16983626721891E-07
 0.19773040388603E-07
 0.19257735489126E-07
-0.13289713054018E-06
 0.22351112357807E-07
 0.22831685621034E-07
 0.54060087312905E-07
-0.44475290460633E-07
-0.21437916658479E-07
 0.12946157089300E-08
-0.10105643747378E-06
 0.84699176767157E-08
 0.19445107562723E-07
-0.75161544466463E-07
-0.51325330420617E-07
-0.26298912220927E-07
-0.32295982940539E-07
-0.70682198700017E-07
 0.49010865118976E-07
 0.24106464642340E-07
-0.28976619400678E-07
-0.10675413126153E-06
-0.42902522641686E-07
-0.16997925465367E-07
-0.60210676375598E-07
-0.85560099089102E-07
 0.41446280044846E-07
-0.12948289596046E-07
-0.24548023235146E-07
 0.37232916137774E-07
-0.43122530926364E-07
 0.32019209446898E-07
-0.90414427668413E-07
 0.14188347087391E-07
 0.12378090900982E-06
-0.64800694087719E-07
 0.19887038786178E-07
 0.46077391751560E-07
 0.43292601580321E-08
-0.89019319794353E-07
-0.40402687486820E-07
 0.41077801027532E-07
 0.24731971957377E-07
 0.60532463097396E-08
-0.27823821666611E-08
-0.34401610430197E-08
 0.15183748093550E-08
 0.34773336899633E-07
 0.17294178271165E-07
-0.88943011339882E-07
-0.36998793646967E-06
-0.96052136273806E-07
-0.87435515851690E-06
 0.80263037627165E-07
 0.25743605447146E-06
-0.57996646315393E-07
 0.11480472825216E-06
 0.10812416705951E-07
-0.31833062750202E-07
-0.17686109735479E-06
-0.11844271584326E-07
 0.37036821492667E-06
 0.23823117644039E-06
-0.20137732076133E-06
 0.14917350276524E-06
 0.36676280936719E-06
 0.80766423848528E-07
 0.39381223529118E-06
 0.29355550978132E-06
 0.69737544303584E-07
 0.69234004140907E-07
-0.48258794953479E-06
 0.32427649065897E-06
-0.10019213046309E-06
-0.18598578657599E-07
-0.14257722394853E-06
-0.18917985336170E-06
-0.12725933456939E-06
 0.18251811146900E-07
 0.11803461354477E-06
 0.78311450134206E-07
 0.76748712345998E-07
 0.37039987615343E-07
-0.70007086188459E-07
 0.15169516581128E-07
-0.59280285493818E-07
-0.78313976436943E-07
-0.12368355728890E-06
 0.44440692055472E-07
 0.38937417408138E-07
 0.24036935530729E-07
 0.29894267981152E-07
 0.76192564041289E-07
 0.62990333875325E-08
-0.13426163196863E-06
 0.46007645136899E-07
-0.18956770480326E-07
 0.50472816688626E-07
 0.92668739674265E-07
 0.97397644901104E-08
 0.21125213659176E-06
 0.24527021803755E-07
 0.95606219584685E-07
 0.23229434718947E-07
 0.23890781704681E-06
 0.49313250655683E-07
-0.24354461423421E-07
 0.71498605273300E-07
 0.62828284779435E-07
-0.55977910078920E-07
 0.49030718367401E-07
-0.39977670024805E-08
-0.20273758977834E-07
-0.12642165806140E-06
 0.13084107279027E-06
-0.29034627559943E-07
 0.71085565357561E-08
-0.32169992461331E-08
-0.10324157687969E-06
 0.35596531996893E-07
 0.47930641324730E-07
-0.47230133955555E-07
-0.50708929435514E-07
 0.62457773026155E-07
-0.11875491322978E-06
 0.82386500245477E-07
 0.12951978977927E-06
 0.75798190509639E-07
 0.56100300725584E-07
-0.29044167900354E-07
 0.47235931117476E-07
 0.17965298274099E-07
-0.21981825718925E-08
 0.75165624471524E-07
 0.12553454973621E-07
 0.50945445892581E-08
 0.29108156894810E-07
-0.11209371982529E-07
 0.72803078971852E-07
 0.32010672459089E-07
 0.62865727214563E-07
 0.72083829319457E-08
-0.85851379893897E-07
 0.12649578932349E-07
-0.30619750402819E-07
-0.10628164394360E-06
-0.60248239541627E-07
 0.91168090743071E-07
 0.63149772494544E-07
-0.15254591096087E-07
-0.42501412191332E-08
-0.85294723022139E-07
 0.22740547871593E-08
-0.98886937822849E-08
 0.50807661575763E-08
-0.47951600848539E-07
 0.17096716839135E-07
 0.59863361465928E-07
 0.45589364771691E-07
 0.10186259073791E-07
 0.11737792437511E-06
-0.63394334384190E-08
-0.63011421313990E-07
 0.86650784082123E-08
 0.35080499735199E-10
 0.66323105850764E-08
 0.53970372081151E-08
 0.38203996181829E-07
-0.26201744607640E-07
 0.19087206608263E-07
-0.11061971798298E-08
 0.13155625833495E-07
-0.20119036935815E-07
 0.13178109204407E-07
 0.18844302395290E-07
 0.75378854746393E-09
-0.38018207688820E-08
 0.40755138643768E-08
 0.36164162233186E-08
