 0.00000000000000E+00
 0.00000000000000E+00
-0.53634205905578E-25
-0.30169240821888E-25
 0.14313619677800E-24
 0.44985558253933E-11
 0.43613255984073E-11
 0.67447783062474E-11
-0.58112032177490E-11
 0.27360711720685E-11
 0.43273582250839E-11
-0.15937551864869E-05
 0.47328003467886E-06
-0.14344590688719E-06
 0.39810731708174E-05
 0.53062708007375E-05
 0.32922658406504E-05
 0.60155875031579E-05
 0.52478245089962E-06
-0.19953833385701E-05
-0.27074943060935E-06
 0.27436639273110E-05
 0.19813064167933E-05
-0.30924882705223E-05
 0.37812530098158E-05
 0.13987305799941E-05
 0.41911155151968E-05
 0.20475291486614E-05
-0.57103264717739E-06
 0.30589325024581E-05
 0.36661425822967E-05
 0.23121131843206E-05
 0.69523348901965E-05
 0.91799476873419E-05
 0.11814047721286E-04
 0.16902489617665E-04
 0.21553912004358E-04
 0.26850287774461E-04
 0.34606467244470E-04
 0.44048765396200E-04
 0.54980220511566E-04
 0.69874230145848E-04
 0.85132566002526E-04
 0.10437447894548E-03
 0.12596271693019E-03
 0.15051690541628E-03
 0.17844015415505E-03
 0.20988025999605E-03
 0.24746214513181E-03
 0.28700219850451E-03
 0.33255184526502E-03
 0.38253977787872E-03
 0.43863227440849E-03
 0.49853346318141E-03
 0.56612773059417E-03
 0.63867544446446E-03
 0.71934551963845E-03
 0.80547044650800E-03
 0.89911611958082E-03
 0.99807047682818E-03
 0.11069486407074E-02
 0.12243669393344E-02
 0.13498793434439E-02
 0.14850954454833E-02
 0.16282068408408E-02
 0.17803550871087E-02
 0.19417622397119E-02
 0.21148666398638E-02
 0.22986562361027E-02
 0.24919121969983E-02
 0.26978169211520E-02
 0.29154609055849E-02
 0.31437667377370E-02
 0.33852771868035E-02
 0.36407017472693E-02
 0.39076395175421E-02
 0.41908043136121E-02
 0.44858527174934E-02
 0.47985460477030E-02
 0.51251898973151E-02
 0.54688716240129E-02
 0.58299638044239E-02
 0.62056598574928E-02
 0.66000078744225E-02
 0.70151516534683E-02
 0.74487393874436E-02
 0.79030961240462E-02
 0.83747079351303E-02
 0.88715103842137E-02
 0.93910545142520E-02
 0.99316387563687E-02
 0.10498929243880E-01
 0.11091090241528E-01
 0.11709684472944E-01
 0.12351389764288E-01
 0.13027405042735E-01
 0.13730177779797E-01
 0.14466305775430E-01
 0.15233382848731E-01
 0.16036017800490E-01
 0.16872701228600E-01
 0.17748583590646E-01
 0.18658093731157E-01
 0.19608326919534E-01
 0.20601934603797E-01
 0.21636965006800E-01
 0.22719932481955E-01
 0.23848481654331E-01
 0.25028364690984E-01
 0.26258748817352E-01
 0.27541299382170E-01
 0.28885993321387E-01
 0.30284462891905E-01
 0.31750714343764E-01
 0.33262295150349E-01
 0.34865535993303E-01
 0.36528680230714E-01
 0.38263333916386E-01
 0.40072441813200E-01
 0.41967987211749E-01
 0.43943608084606E-01
 0.46013650037426E-01
 0.48170080075158E-01
 0.50445101417197E-01
 0.52771692331690E-01
 0.55250164612524E-01
 0.57816081384264E-01
 0.60497351603854E-01
 0.63301850076919E-01
 0.66226476273628E-01
 0.69292980929609E-01
 0.72519427202289E-01
 0.75844336159652E-01
 0.79319070495598E-01
 0.82990009437674E-01
 0.86785659576410E-01
 0.90781351207822E-01
 0.94920863127845E-01
 0.99270894578796E-01
 0.10378977811293E+00
 0.10850449677353E+00
 0.11339766407913E+00
 0.11848303444109E+00
 0.12380050267724E+00
 0.12930741043016E+00
 0.13499356259133E+00
 0.14090537803750E+00
 0.14698054294742E+00
 0.15320811086776E+00
 0.15958374542274E+00
 0.16607877676319E+00
 0.17262112520580E+00
 0.17921906182335E+00
 0.18572985857449E+00
 0.19212945239617E+00
 0.19829546571517E+00
 0.20411950115644E+00
 0.20941710819656E+00
 0.21420795578047E+00
 0.21824074358462E+00
 0.22163311953777E+00
 0.22433237874140E+00
 0.22627209607489E+00
 0.22756021386518E+00
 0.22819177190085E+00
 0.22823508162910E+00
 0.22775394361980E+00
 0.22687442806784E+00
 0.22564969809152E+00
 0.22418046611549E+00
 0.22251808937984E+00
 0.22073530909795E+00
 0.21888853329848E+00
 0.21701318839236E+00
 0.21515767115697E+00
 0.21332748170205E+00
 0.21156223783442E+00
 0.20987244587559E+00
 0.20828161074622E+00
 0.20677652767758E+00
 0.20539323682150E+00
 0.20409898675834E+00
 0.20289755011443E+00
 0.20179412981230E+00
 0.20077633118264E+00
 0.19985603532510E+00
 0.19900612525400E+00
 0.19822297254394E+00
 0.19753069870740E+00
 0.19690942444515E+00
 0.19633184672404E+00
 0.19580606130747E+00
 0.19536112087665E+00
 0.19494967504484E+00
 0.19458156224397E+00
 0.19425204522752E+00
 0.19397429105258E+00
 0.19372545470455E+00
 0.19350514909218E+00
 0.19331388742721E+00
 0.19316676459774E+00
 0.19303011385445E+00
 0.19291208068503E+00
 0.19284120555450E+00
 0.19277170536530E+00
 0.19271237961634E+00
 0.19270612056928E+00
 0.19267401684729E+00
 0.19265926055465E+00
 0.19267374846303E+00
 0.19269930796554E+00
 0.19274468970657E+00
 0.19278971197668E+00
 0.19283829562133E+00
 0.19291315707331E+00
 0.19296788921590E+00
 0.19305020553997E+00
 0.19313080179850E+00
 0.19322996104718E+00
 0.19330579271290E+00
 0.19341439356855E+00
 0.19352280477748E+00
 0.19364595274938E+00
 0.19373724382621E+00
 0.19386398389782E+00
 0.19397118912775E+00
 0.19410791706329E+00
 0.19421682276000E+00
 0.19436484707935E+00
 0.19448746474009E+00
 0.19462234411817E+00
 0.19474681974763E+00
 0.19488662738246E+00
 0.19502985408222E+00
 0.19515587045080E+00
 0.19529324836927E+00
 0.19542552397310E+00
 0.19556691333765E+00
 0.19570363553508E+00
 0.19585298473382E+00
 0.19600464677069E+00
 0.19613150611409E+00
 0.19627831863072E+00
 0.19640055294056E+00
 0.19655007501618E+00
 0.19669688631975E+00
 0.19683241826546E+00
 0.19697749132414E+00
 0.19711200339929E+00
 0.19725381694811E+00
 0.19740220257563E+00
 0.19754224320269E+00
 0.19768608762527E+00
 0.19781714645864E+00
 0.19795597487393E+00
 0.19809642616362E+00
 0.19824184561254E+00
 0.19836714626130E+00
 0.19853151673816E+00
 0.19865861186514E+00
 0.19879017548266E+00
 0.19891387779305E+00
 0.19905693586128E+00
 0.19918011369305E+00
 0.19933068769637E+00
 0.19946698356079E+00
 0.19958939292589E+00
 0.19972474680146E+00
 0.19984261821488E+00
 0.19998038507026E+00
 0.20010573194931E+00
 0.20024009542176E+00
 0.20036054320633E+00
 0.20048522179637E+00
 0.20062051908161E+00
 0.20074347236978E+00
 0.20087757493105E+00
 0.20098740431749E+00
 0.20111149138577E+00
 0.20124177637086E+00
 0.20137049048373E+00
 0.20149634824060E+00
 0.20160339363624E+00
 0.20171655709977E+00
 0.20184604188340E+00
 0.20195701995189E+00
 0.20207820485709E+00
 0.20219803204757E+00
 0.20231144487367E+00
 0.20242374822049E+00
 0.20254835261384E+00
 0.20265366494589E+00
 0.20278041397594E+00
 0.20288081023052E+00
 0.20299685189339E+00
 0.20310417169147E+00
 0.20321373061397E+00
 0.20333255000246E+00
 0.20343154541475E+00
 0.20354702644549E+00
