 0.00000000000000E+00
 0.00000000000000E+00
 0.28160942522060E-26
 0.28160942522060E-26
-0.20593769009997E-25
-0.15260559799819E-11
-0.26770683795825E-11
-0.13108573185896E-11
 0.11569463970897E-12
-0.24361300252321E-12
-0.26551304019191E-11
 0.15799453013690E-05
 0.54805832245516E-10
-0.29000817687668E-05
-0.60763304493015E-05
-0.85389481742023E-05
-0.37774512256707E-05
-0.92395262243535E-05
-0.88544477783663E-06
 0.40467072222361E-05
 0.29216855319705E-05
-0.67817168589007E-05
-0.67680202317357E-05
 0.93450391989352E-05
-0.15636770455121E-04
-0.39305117932974E-05
-0.13265445271092E-04
-0.18374118736390E-05
 0.85283730704579E-05
-0.12867084274867E-05
-0.17648565615854E-05
 0.16628270276410E-04
 0.27090161409440E-05
 0.15356142280765E-05
 0.13499462884434E-04
 0.38309235858367E-05
 0.17116024584514E-04
 0.30224195795030E-04
 0.39349607400232E-04
 0.47657615492661E-04
 0.64888131574805E-04
 0.67877414355503E-04
 0.88224043847115E-04
 0.99807023139291E-04
 0.11894112743484E-03
 0.14714873645527E-03
 0.18475072143902E-03
 0.22108803391789E-03
 0.23794128994106E-03
 0.29105698615209E-03
 0.33363400882789E-03
 0.38337464634291E-03
 0.42819230162659E-03
 0.50399265501285E-03
 0.56207524045677E-03
 0.65061266015465E-03
 0.70249057036574E-03
 0.79220018707599E-03
 0.88407839779197E-03
 0.10195043382748E-02
 0.11316010270482E-02
 0.12431586770919E-02
 0.13710513371255E-02
 0.14824941501108E-02
 0.16310199866912E-02
 0.18008445564053E-02
 0.19861922442628E-02
 0.21409563440832E-02
 0.23149640717021E-02
 0.25369738227130E-02
 0.27315958951336E-02
 0.29455531911563E-02
 0.32063252711175E-02
 0.34587231440926E-02
 0.37074340727649E-02
 0.40436602982236E-02
 0.42997922337158E-02
 0.46681274492067E-02
 0.49777337393065E-02
 0.53530553662304E-02
 0.57147783096100E-02
 0.60614419046906E-02
 0.65301737171829E-02
 0.70176862907182E-02
 0.74275653680145E-02
 0.79133856690351E-02
 0.83841608674879E-02
 0.90729732427886E-02
 0.96021814888776E-02
 0.10163271802123E-01
 0.10851284312440E-01
 0.11494761482367E-01
 0.12148710416144E-01
 0.12886841664464E-01
 0.13880124229115E-01
 0.14633770954176E-01
 0.15611459173786E-01
 0.16511332126829E-01
 0.17501456034186E-01
 0.18458007027035E-01
 0.19592097319412E-01
 0.20574684195887E-01
 0.21967724079370E-01
 0.23352595396386E-01
 0.24661104888572E-01
 0.26195353857803E-01
 0.27670782627905E-01
 0.29311159916150E-01
 0.30966602649438E-01
 0.32852131211733E-01
 0.34975884884451E-01
 0.36674163602701E-01
 0.38974843308931E-01
 0.40612027742883E-01
 0.44742997871531E-01
 0.46194893063272E-01
 0.48926133875124E-01
 0.52012349346712E-01
 0.55532871627679E-01
 0.58945375635640E-01
 0.62791009394854E-01
 0.66354619007884E-01
 0.70382767935025E-01
 0.72404013356738E-01
 0.79799193503589E-01
 0.83347683989572E-01
 0.89027002540935E-01
 0.95417871931179E-01
 0.10145702105795E+00
 0.10880119382148E+00
 0.11550174654159E+00
 0.11967529636710E+00
 0.12961955993207E+00
 0.14059636275293E+00
 0.14670066475755E+00
 0.15856993918857E+00
 0.16626906724325E+00
 0.17847560271982E+00
 0.18768093266233E+00
 0.19887031910624E+00
 0.21001207941362E+00
 0.22510113375282E+00
 0.24162032195499E+00
 0.25550214339986E+00
 0.27187350291857E+00
 0.29221852493623E+00
 0.30905094267444E+00
 0.32883233620765E+00
 0.34827895980326E+00
 0.36724566052357E+00
 0.37962213317882E+00
 0.38817767257195E+00
 0.38170580871734E+00
 0.36651906571901E+00
 0.33209106350533E+00
 0.28307098488770E+00
 0.21976797465057E+00
 0.15688441987905E+00
 0.83351316560280E-01
 0.24414174940060E-01
-0.35026751078239E-01
-0.91698927793267E-01
-0.13395580363392E+00
-0.17094242959446E+00
-0.19371439166584E+00
-0.20592832166432E+00
-0.20603079490276E+00
-0.20079769336620E+00
-0.19015621882831E+00
-0.17734317676234E+00
-0.16059094915074E+00
-0.14403449058432E+00
-0.12750960082973E+00
-0.11051279136976E+00
-0.96155712564290E-01
-0.80509015964226E-01
-0.66506416482312E-01
-0.53171297955684E-01
-0.43730816339758E-01
-0.33639347318737E-01
-0.29241790394109E-01
-0.24503526382431E-01
-0.18915822779256E-01
-0.14642805265422E-01
-0.10134278498528E-01
-0.90432912169011E-02
-0.69207245977540E-02
-0.18399077230330E-02
-0.12245950963974E-02
-0.24395754352233E-02
 0.51060912060978E-03
 0.42882175260541E-02
 0.25885237837451E-02
 0.35213496890080E-02
 0.51036172714073E-02
 0.71692248966958E-02
 0.61776962105347E-02
 0.70785052665655E-02
 0.92737545534519E-02
 0.10375220059880E-01
 0.89699182075650E-02
 0.11226572308639E-01
 0.12975184204613E-01
 0.98689858748906E-02
 0.10931988504109E-01
 0.13893332992356E-01
 0.85286493454343E-02
 0.12673403148986E-01
 0.16299281988824E-01
 0.14809958673862E-01
 0.15705845783029E-01
 0.13105656052401E-01
 0.12732115986035E-01
 0.15143167750832E-01
 0.12241466363057E-01
 0.15056193544459E-01
 0.15570285905291E-01
 0.15789567309783E-01
 0.12984992599059E-01
 0.18743955135381E-01
 0.15679492704912E-01
 0.16521485064970E-01
 0.11844538964759E-01
 0.17626405665750E-01
 0.14788308885221E-01
 0.17760690663572E-01
 0.14973064629183E-01
 0.19667301295392E-01
 0.13210139085766E-01
 0.14876825584908E-01
 0.14177851566216E-01
 0.16367744605256E-01
 0.15427976201353E-01
 0.13377854099444E-01
 0.16595024984271E-01
 0.16119000056980E-01
 0.18141006299963E-01
 0.17633112844280E-01
 0.18481436507269E-01
 0.15131936276309E-01
 0.12899873214372E-01
 0.18443265825512E-01
 0.15697678177471E-01
 0.22455022244170E-01
 0.18500538842002E-01
 0.17816922452538E-01
 0.19783914274403E-01
 0.18125912704973E-01
 0.20870768959275E-01
 0.20454745773465E-01
 0.16695080507572E-01
 0.17332131944220E-01
 0.15740493990026E-01
 0.19590127491584E-01
 0.19949480154074E-01
 0.19807133341678E-01
 0.15724382430131E-01
 0.20511514152750E-01
 0.10327823902799E-01
 0.14506099012589E-01
 0.16185307895588E-01
 0.20470588902459E-01
 0.15668090969357E-01
 0.21608128952407E-01
 0.13337389677337E-01
 0.12173235033993E-01
 0.18672683492991E-01
 0.15139776856009E-01
 0.20432079033497E-01
 0.17962434719688E-01
 0.19060480417233E-01
 0.16658046239117E-01
 0.18483227829972E-01
 0.21154898655968E-01
 0.16700501265833E-01
 0.18757393650213E-01
 0.14121834490767E-01
 0.21245183187360E-01
 0.20422779027087E-01
 0.16982052706114E-01
 0.14902302928731E-01
 0.12778524103842E-01
 0.18705479906741E-01
 0.22117001169410E-01
 0.17600341853540E-01
 0.20755101684201E-01
 0.17519646158556E-01
 0.15076710769134E-01
 0.19409415380467E-01
 0.21028677038138E-01
 0.16046630478186E-01
 0.19702888325032E-01
 0.13380943213522E-01
 0.20826543447663E-01
 0.17271895834738E-01
 0.20217558693972E-01
 0.20228225240823E-01
 0.14813654883929E-01
 0.20712912349887E-01
 0.16690406475972E-01
