 0.00000000000000E+00
 0.00000000000000E+00
-0.19327202798792E-25
-0.81536636807405E-26
 0.12758559762187E-25
 0.94681577755881E-25
 0.59515147578715E-24
 0.84431645485061E-23
 0.12439621505564E-21
 0.30740623991716E-21
-0.19770078239601E-20
 0.15370311995858E-20
-0.63307331929432E-07
 0.11049354926495E-05
 0.35996314560102E-06
-0.18238661589437E-05
 0.25693761689124E-05
 0.26139181590105E-05
 0.12998148714045E-05
 0.96204031801383E-06
-0.72666120214879E-06
-0.16649692012273E-06
 0.59506498660719E-06
 0.26607475711883E-06
-0.17446707317361E-05
 0.67801683484963E-06
 0.42376434418927E-06
 0.95886716704541E-06
-0.21548958064326E-06
-0.76252661565812E-06
 0.52609685651227E-06
-0.13682601855268E-06
-0.40938273553669E-06
-0.17111179743574E-06
 0.46874916822615E-06
 0.20134952372962E-06
 0.76279196282084E-07
-0.37989444743283E-06
-0.11979066646885E-06
 0.99850389878439E-07
-0.92835856563755E-07
 0.69695758435324E-07
-0.16694232244350E-06
 0.65426069947736E-07
-0.10617098516449E-06
-0.43212572241493E-07
-0.19436805896352E-06
 0.20734167832758E-06
 0.57272912207159E-07
 0.24328362520961E-06
 0.16287381427336E-06
 0.17204990347269E-06
 0.30124121325644E-06
 0.48150160665329E-06
 0.47454364566034E-06
 0.69856695281849E-06
 0.88016672029220E-06
 0.92816664405387E-06
 0.12546535952834E-05
 0.15925696522650E-05
 0.19550447116409E-05
 0.23679553309585E-05
 0.29419840026258E-05
 0.35529079840183E-05
 0.42564592816026E-05
 0.50128500152717E-05
 0.59179884806171E-05
 0.69452507517346E-05
 0.81030453064356E-05
 0.94843059679344E-05
 0.11059210150841E-04
 0.12873800524828E-04
 0.14913185729388E-04
 0.17057601905389E-04
 0.19667499811758E-04
 0.22363723814067E-04
 0.25495731496088E-04
 0.28944639222401E-04
 0.32686419530030E-04
 0.37012242931394E-04
 0.41664336882159E-04
 0.46670413856195E-04
 0.52339919332438E-04
 0.58542584663689E-04
 0.65191660986126E-04
 0.72487355183533E-04
 0.80552100698048E-04
 0.89266487296348E-04
 0.98666616716314E-04
 0.10889945936558E-03
 0.12004167048051E-03
 0.13205233155607E-03
 0.14491506341264E-03
 0.15873662311330E-03
 0.17385578816137E-03
 0.18992542742828E-03
 0.20726366052761E-03
 0.22589419456246E-03
 0.24592468918059E-03
 0.26720552031606E-03
 0.29013411622886E-03
 0.31447473271964E-03
 0.34076815202058E-03
 0.36856436620911E-03
 0.39815113581407E-03
 0.42988724373733E-03
 0.46374455227681E-03
 0.49937967718962E-03
 0.53753409238431E-03
 0.57806626922167E-03
 0.62105948631549E-03
 0.66660717078368E-03
 0.71514944882791E-03
 0.76645376326970E-03
 0.82079186398103E-03
 0.87841778180934E-03
 0.93922986443433E-03
 0.10038957975037E-02
 0.10719649828305E-02
 0.11441760656715E-02
 0.12203303222076E-02
 0.13008722209975E-02
 0.13856815233310E-02
 0.14753729187954E-02
 0.15702616077524E-02
 0.16701459566634E-02
 0.17752243908348E-02
 0.18865075318426E-02
 0.20034135286297E-02
 0.21266624460552E-02
 0.22570265548607E-02
 0.23938365808764E-02
 0.25383841015786E-02
 0.26901679947821E-02
 0.28502472943013E-02
 0.30188392952067E-02
 0.31959345569241E-02
 0.33826143170712E-02
 0.35792938693966E-02
 0.37856616324308E-02
 0.40029305642963E-02
 0.42320862898202E-02
 0.44728297710800E-02
 0.47260704751159E-02
 0.49923830851353E-02
 0.52725856662092E-02
 0.55675525639660E-02
 0.58775023108523E-02
 0.62036057011628E-02
 0.65467943501559E-02
 0.69073612607472E-02
 0.72869340523076E-02
 0.76858458828871E-02
 0.81053255549295E-02
 0.85468453305165E-02
 0.90111254506835E-02
 0.94986462468406E-02
 0.10011256980137E-01
 0.10549243511555E-01
 0.11114830969418E-01
 0.11708671288718E-01
 0.12331329240906E-01
 0.12983899850521E-01
 0.13667249494050E-01
 0.14382353980935E-01
 0.15129595139118E-01
 0.15907328094297E-01
 0.16718140074103E-01
 0.17558799041449E-01
 0.18429628611788E-01
 0.19328790216947E-01
 0.20252842293083E-01
 0.21200148384380E-01
 0.22167308400026E-01
 0.23151847736188E-01
 0.24147432339379E-01
 0.25151580750586E-01
 0.26159732570263E-01
 0.27168375424071E-01
 0.28172359447629E-01
 0.29168517755418E-01
 0.30152729321681E-01
 0.31121437017776E-01
 0.32072543524005E-01
 0.33002624353148E-01
 0.33910071884153E-01
 0.34792907476045E-01
 0.35648370609423E-01
 0.36476274361212E-01
 0.37275021666945E-01
 0.38043851002484E-01
 0.38782210099002E-01
 0.39489577532906E-01
 0.40165971617334E-01
 0.40811276484706E-01
 0.41425837164189E-01
 0.42010159831926E-01
 0.42564825885156E-01
 0.43090277630654E-01
 0.43587730294975E-01
 0.44057574084701E-01
 0.44500994787713E-01
 0.44918978332708E-01
 0.45313048252477E-01
 0.45683028504359E-01
 0.46031135515321E-01
 0.46358072915742E-01
 0.46664851934032E-01
 0.46952851837574E-01
 0.47222581705698E-01
 0.47474696500982E-01
 0.47710716935255E-01
 0.47931921081326E-01
 0.48137817738807E-01
 0.48331541525284E-01
 0.48510443209943E-01
 0.48677684998544E-01
 0.48832793172165E-01
 0.48977894988946E-01
 0.49112043802672E-01
 0.49236159729563E-01
 0.49350882393574E-01
 0.49456611906010E-01
 0.49553946964330E-01
 0.49642901594877E-01
 0.49724014548879E-01
 0.49798780416980E-01
 0.49865664734819E-01
 0.49926993826765E-01
 0.49981137675303E-01
 0.50029377311623E-01
 0.50072131190064E-01
 0.50109255542359E-01
 0.50141583187627E-01
 0.50168897134871E-01
 0.50191320098272E-01
 0.50208898221387E-01
 0.50222558644910E-01
 0.50232644451916E-01
 0.50237250138791E-01
 0.50239021770234E-01
 0.50236907487708E-01
 0.50231818689705E-01
 0.50222724616138E-01
 0.50211097554563E-01
 0.50195332947418E-01
 0.50177780032641E-01
 0.50157081177178E-01
 0.50133334905825E-01
 0.50107017070530E-01
 0.50078348087216E-01
 0.50047895610001E-01
 0.50014947544615E-01
 0.49979211961894E-01
 0.49941514179432E-01
 0.49901457544627E-01
 0.49860615476573E-01
 0.49816767788469E-01
 0.49772109633462E-01
 0.49724916311197E-01
 0.49676139434853E-01
 0.49625903450897E-01
 0.49574438527891E-01
 0.49521081062604E-01
 0.49466094064804E-01
 0.49410443431253E-01
 0.49353240796760E-01
 0.49295061996975E-01
 0.49234563270743E-01
 0.49174459621392E-01
 0.49111962990643E-01
 0.49049174368788E-01
 0.48985353687781E-01
 0.48919978094713E-01
 0.48853817256211E-01
 0.48787233302741E-01
 0.48719241144610E-01
 0.48650387901181E-01
 0.48581357962300E-01
 0.48511203924424E-01
 0.48440367381965E-01
 0.48368758409327E-01
 0.48296618552365E-01
 0.48223383611432E-01
 0.48150650302133E-01
 0.48076150398517E-01
 0.48001439378661E-01
 0.47926423078850E-01
 0.47850435256508E-01
 0.47774389804164E-01
 0.47697698950409E-01
 0.47620992487479E-01
 0.47543128087581E-01
 0.47465170931600E-01
 0.47386706211110E-01
 0.47308406978687E-01
 0.47229182194876E-01
 0.47149722794466E-01
 0.47070289821456E-01
 0.46990425602710E-01
