 0.00000000000000E+00
 0.00000000000000E+00
-0.30979117331062E-25
-0.17425753498722E-25
 0.82675467258972E-25
 0.21214232702617E-24
 0.55246861230011E-23
 0.74978303204796E-22
 0.52585442719657E-21
 0.26441855132715E-20
 0.77655389188463E-20
 0.18143799404889E-19
 0.37285081275716E-06
 0.10196114335956E-05
-0.28912813020437E-07
 0.10468222728294E-05
 0.97123480091742E-06
-0.25699395537727E-05
-0.20915867153041E-05
-0.12602698129471E-05
-0.20668315446293E-05
-0.27271474918726E-06
-0.17119141076743E-06
-0.35833075222356E-06
-0.36135225514163E-06
 0.39232938162497E-07
 0.27922404255117E-07
 0.15630913754242E-07
 0.58612325417381E-06
 0.15462321535472E-05
-0.14982347601862E-06
 0.13589494840401E-06
-0.37166633262155E-06
-0.11469813582716E-06
 0.60478446423825E-06
 0.50270928749424E-06
 0.64419031789986E-07
-0.23796692783005E-06
-0.74602899883016E-07
-0.19174968961326E-06
 0.40517760821722E-06
 0.15233641313410E-07
-0.19240692360470E-06
 0.28926130688117E-08
 0.20466363275902E-07
 0.17342859262968E-08
-0.27988449952737E-06
 0.99519019171705E-07
 0.19726067882924E-06
-0.11565648844809E-06
-0.12661621261369E-06
 0.28119941969939E-07
 0.30463613891438E-06
 0.51283716302489E-06
 0.48949275580011E-06
 0.72711951401057E-06
 0.12762568467804E-05
 0.13255705158548E-05
 0.14934146079724E-05
 0.16320051054559E-05
 0.26127458900208E-05
 0.25745400592466E-05
 0.32760340632678E-05
 0.42073664006605E-05
 0.50051742634020E-05
 0.58312750119398E-05
 0.71675021002709E-05
 0.84123314408659E-05
 0.10038963202802E-04
 0.11913347382742E-04
 0.13911298605822E-04
 0.16075601279166E-04
 0.18835417923787E-04
 0.21575597543655E-04
 0.25323004031385E-04
 0.28760065991881E-04
 0.33058674054708E-04
 0.37900621519432E-04
 0.43126814029047E-04
 0.49166343344564E-04
 0.56041555049897E-04
 0.63089619722173E-04
 0.71067779398828E-04
 0.80203936944082E-04
 0.89696205800650E-04
 0.10074570155192E-03
 0.11274951506185E-03
 0.12571830991087E-03
 0.13968417566870E-03
 0.15578470859129E-03
 0.17279024838453E-03
 0.19113435188831E-03
 0.21162150322425E-03
 0.23335294610362E-03
 0.25709485299168E-03
 0.28304628114426E-03
 0.31073928374893E-03
 0.34107651235792E-03
 0.37331694357302E-03
 0.40873050151545E-03
 0.44735491991193E-03
 0.48861053645630E-03
 0.53273346639309E-03
 0.57980510590828E-03
 0.63099090501004E-03
 0.68527679473397E-03
 0.74408898814710E-03
 0.80741634574991E-03
 0.87555526784233E-03
 0.94738909702296E-03
 0.10242416460328E-02
 0.11066469091771E-02
 0.11950163904428E-02
 0.12898131774187E-02
 0.13897025310051E-02
 0.14968925235662E-02
 0.16113179448268E-02
 0.17339867393412E-02
 0.18629446631070E-02
 0.20009603911228E-02
 0.21475211025158E-02
 0.23049265222662E-02
 0.24710741687945E-02
 0.26486183915445E-02
 0.28350297106543E-02
 0.30345755378986E-02
 0.32462529028244E-02
 0.34708862116079E-02
 0.37082511189195E-02
 0.39625711730685E-02
 0.42291879706801E-02
 0.45139851112319E-02
 0.48151279326793E-02
 0.51359208782214E-02
 0.54730566019587E-02
 0.58306852070089E-02
 0.62104064785324E-02
 0.66131082159944E-02
 0.70397441898772E-02
 0.74879671316256E-02
 0.79675531385021E-02
 0.84697096308142E-02
 0.90053767976699E-02
 0.95691098477655E-02
 0.10165856115612E-01
 0.10800240203743E-01
 0.11470115325418E-01
 0.12176010786777E-01
 0.12925859665805E-01
 0.13717836246296E-01
 0.14556391351457E-01
 0.15437261916332E-01
 0.16374915258210E-01
 0.17362461634780E-01
 0.18406894638563E-01
 0.19511865678231E-01
 0.20679440628464E-01
 0.21908427398545E-01
 0.23208749828370E-01
 0.24579506404753E-01
 0.26026850285551E-01
 0.27548448814111E-01
 0.29155069188474E-01
 0.30842645862933E-01
 0.32607130684162E-01
 0.34467796004439E-01
 0.36410265241116E-01
 0.38444784900446E-01
 0.40560703181351E-01
 0.42749472756485E-01
 0.45027517046893E-01
 0.47378634836700E-01
 0.49798775412439E-01
 0.52279218233988E-01
 0.54816852549169E-01
 0.57394722205679E-01
 0.60003995092103E-01
 0.62649853640955E-01
 0.65307249756544E-01
 0.67974415116653E-01
 0.70642775412451E-01
 0.73296508011237E-01
 0.75937162723987E-01
 0.78554156834736E-01
 0.81141280519571E-01
 0.83692887532242E-01
 0.86199636797153E-01
 0.88663475756456E-01
 0.91076608778096E-01
 0.93436970081796E-01
 0.95741630802684E-01
 0.97987353776743E-01
 0.10017317319485E+00
 0.10229831867466E+00
 0.10435939924760E+00
 0.10636139606494E+00
 0.10829986679630E+00
 0.11018012519179E+00
 0.11200190349630E+00
 0.11376341837984E+00
 0.11546471713953E+00
 0.11711524388853E+00
 0.11871647637933E+00
 0.12026338630804E+00
 0.12175772262717E+00
 0.12320191536862E+00
 0.12460896216620E+00
 0.12597165178140E+00
 0.12729101151936E+00
 0.12857120355425E+00
 0.12981528755405E+00
 0.13102267482180E+00
 0.13219603661658E+00
 0.13333348787689E+00
 0.13444469845055E+00
 0.13553067447880E+00
 0.13658265861039E+00
 0.13760970298146E+00
 0.13861381141720E+00
 0.13958327342037E+00
 0.14054018936892E+00
 0.14147428313313E+00
 0.14237934394987E+00
 0.14327350550995E+00
 0.14413794506395E+00
 0.14498717172167E+00
 0.14581764285415E+00
 0.14663649429736E+00
 0.14743912631229E+00
 0.14821564457530E+00
 0.14897325458702E+00
 0.14972373884357E+00
 0.15046440253793E+00
 0.15118380982424E+00
 0.15189394699368E+00
 0.15259468206528E+00
 0.15327024993234E+00
 0.15394379317184E+00
 0.15459990354200E+00
 0.15524963307750E+00
 0.15588950330459E+00
 0.15650512807824E+00
 0.15711867192757E+00
 0.15773310509866E+00
 0.15831739576223E+00
 0.15890442979049E+00
 0.15948024698795E+00
 0.16004491484637E+00
 0.16059798892837E+00
 0.16115017976661E+00
 0.16169421845787E+00
 0.16222392511936E+00
 0.16275084854358E+00
 0.16327235601885E+00
 0.16377558524290E+00
 0.16427637240027E+00
 0.16477649124501E+00
 0.16525772682327E+00
 0.16573867295447E+00
 0.16621122565488E+00
 0.16667726839570E+00
 0.16713483928225E+00
 0.16759323424744E+00
 0.16804356056068E+00
 0.16847836067467E+00
 0.16891357803917E+00
 0.16934998377637E+00
 0.16976984340908E+00
 0.17018884790745E+00
 0.17060715201535E+00
 0.17101180878172E+00
 0.17141926854500E+00
 0.17181558249682E+00
 0.17221062015973E+00
 0.17259364669358E+00
 0.17298042623734E+00
 0.17335789107080E+00
 0.17373340149560E+00
 0.17409770655466E+00
 0.17446509411624E+00
 0.17482818459283E+00
 0.17518333023844E+00
 0.17554543073877E+00
 0.17588545190035E+00
 0.17623048210687E+00
 0.17656831836982E+00
 0.17690821473117E+00
 0.17723564883041E+00
 0.17756366957739E+00
 0.17789166726776E+00
 0.17821725695663E+00
 0.17853401861680E+00
 0.17884735718216E+00
 0.17916010594293E+00
 0.17946724510287E+00
 0.17977233115772E+00
 0.18007327741177E+00
 0.18037196149041E+00
 0.18066445089247E+00
 0.18095497969378E+00
