 0.00000000000000E+00
 0.00000000000000E+00
 0.93951032074683E-27
 0.93951032074683E-27
-0.68705294621486E-26
-0.24955238556475E-25
-0.90952899016771E-24
-0.15591251008612E-22
-0.14369259560692E-21
-0.89025948823975E-21
-0.31935717147718E-20
-0.82776605233751E-20
-0.34946962614391E-06
-0.11440455397887E-05
-0.43482614572465E-06
 0.68608522082113E-06
-0.13873948510720E-05
 0.20335902985546E-05
 0.28292930456909E-05
 0.22171319781588E-05
 0.32348659675349E-05
 0.10349483138314E-05
 0.34464085680855E-06
 0.88722197910261E-06
 0.94228730611813E-06
-0.60785108571674E-06
 0.80508263003339E-06
 0.60925979909698E-07
-0.20930892304222E-05
-0.45152113936785E-05
 0.63792398139060E-06
 0.45695662574751E-06
 0.74310042733059E-06
-0.18669497275772E-06
-0.28583055275727E-05
-0.23640460896439E-05
 0.70713843376874E-06
 0.16292428459866E-05
 0.19221644757235E-06
 0.13200204063060E-05
-0.22211107674204E-05
-0.37991132883141E-06
 0.13876930642706E-05
-0.25677076931604E-06
 0.64671893817296E-06
 0.60104840685543E-06
 0.28213955438460E-05
 0.35302287120909E-06
-0.29330987473378E-06
 0.18951777805474E-05
 0.19953012871228E-05
 0.18193019061255E-05
-0.32377434700380E-06
-0.30164843219475E-06
 0.19072115660156E-05
 0.16344005306805E-05
-0.22975248057588E-05
-0.37715216233495E-06
 0.85863309574790E-06
 0.48132176618602E-05
-0.20813075079103E-05
 0.50447014703135E-05
 0.52097061256126E-05
 0.36550703728063E-05
 0.47052845936243E-05
 0.80256305277194E-05
 0.72917640427494E-05
 0.10021963238404E-04
 0.98603188415111E-05
 0.97370830981470E-05
 0.13122279245124E-04
 0.17916933090784E-04
 0.18985057499261E-04
 0.25793272250051E-04
 0.22684699507681E-04
 0.32217036373935E-04
 0.35210503095885E-04
 0.38627352246977E-04
 0.45729160240318E-04
 0.48645113037470E-04
 0.51064302217596E-04
 0.61019736138996E-04
 0.72089576449547E-04
 0.74418299065778E-04
 0.93806102044971E-04
 0.99598427531063E-04
 0.11301748760145E-03
 0.12245488794815E-03
 0.14649104420644E-03
 0.14968482108192E-03
 0.16716484381706E-03
 0.19125323651335E-03
 0.20239116309926E-03
 0.23240101354253E-03
 0.26002937527428E-03
 0.28326447911260E-03
 0.31727128417670E-03
 0.34537875250922E-03
 0.39076756362881E-03
 0.42964727149543E-03
 0.45224771942056E-03
 0.48136333963397E-03
 0.51818958474190E-03
 0.58351435552673E-03
 0.62159907136693E-03
 0.70363510565713E-03
 0.75821857227435E-03
 0.80455574822647E-03
 0.84499142594663E-03
 0.93690915289065E-03
 0.10345670848218E-02
 0.11268501380242E-02
 0.12076934412996E-02
 0.12707480987781E-02
 0.14110951786013E-02
 0.15197660703050E-02
 0.16371377042538E-02
 0.17122847829882E-02
 0.18898703248121E-02
 0.20276611680739E-02
 0.21969407889844E-02
 0.23034811992204E-02
 0.24779928006552E-02
 0.26158653091051E-02
 0.28743528449334E-02
 0.30558293314826E-02
 0.32743413967570E-02
 0.35029822380783E-02
 0.37953483325817E-02
 0.39664021760397E-02
 0.43642946224816E-02
 0.46191283467499E-02
 0.49186487999984E-02
 0.51843665376098E-02
 0.55862049894688E-02
 0.60175983539334E-02
 0.63966414352965E-02
 0.67523057342513E-02
 0.71439197546808E-02
 0.77844379778652E-02
 0.80545643641347E-02
 0.87302350271994E-02
 0.92436304655363E-02
 0.98931781562562E-02
 0.10621485458199E-01
 0.11097292174535E-01
 0.11796984276094E-01
 0.12640649968912E-01
 0.13338343174469E-01
 0.14097390553269E-01
 0.14818278294619E-01
 0.16025616096431E-01
 0.16818329459944E-01
 0.17976204434099E-01
 0.19036413754591E-01
 0.20119048817873E-01
 0.21114200805492E-01
 0.22533208427215E-01
 0.23838760587057E-01
 0.25134640348579E-01
 0.26497649145606E-01
 0.28002445024952E-01
 0.29237378509363E-01
 0.30585003760054E-01
 0.32770649516111E-01
 0.33894270830276E-01
 0.35494320604323E-01
 0.36592815751390E-01
 0.37940521869299E-01
 0.40315950945369E-01
 0.41530348990251E-01
 0.43038069882442E-01
 0.44203673864703E-01
 0.45303569258708E-01
 0.45927186325408E-01
 0.46793486016543E-01
 0.48264102767749E-01
 0.48676616402292E-01
 0.49295019145818E-01
 0.49743183158239E-01
 0.49738547439312E-01
 0.50472427665134E-01
 0.50527796794284E-01
 0.50455468850693E-01
 0.50429806995208E-01
 0.50045564978584E-01
 0.50076289189650E-01
 0.49608539560904E-01
 0.49186093227751E-01
 0.48606363300190E-01
 0.47883969748883E-01
 0.47190294993257E-01
 0.46423254171822E-01
 0.45551613400730E-01
 0.44919877367147E-01
 0.44003744727667E-01
 0.43330596008405E-01
 0.42410064516658E-01
 0.41280370806083E-01
 0.40485565743242E-01
 0.40223807664419E-01
 0.39192851282914E-01
 0.37955108531894E-01
 0.36856622363832E-01
 0.36202170715376E-01
 0.36194915692817E-01
 0.35072622889336E-01
 0.34252075989300E-01
 0.33634394970432E-01
 0.33206855880942E-01
 0.32521154715428E-01
 0.31987577302848E-01
 0.31695381097281E-01
 0.31939259271019E-01
 0.31191752248381E-01
 0.30258188327527E-01
 0.29857793719648E-01
 0.29433420954966E-01
 0.28627282670344E-01
 0.29488323828833E-01
 0.28228056082296E-01
 0.27538741111842E-01
 0.27811906972271E-01
 0.26689083497695E-01
 0.27120376115150E-01
 0.27025590742739E-01
 0.27156016402019E-01
 0.25787888084860E-01
 0.24609212339877E-01
 0.25289557137396E-01
 0.26610567071160E-01
 0.26328176641850E-01
 0.25074675170569E-01
 0.25489010207303E-01
 0.25189445805862E-01
 0.23952356492481E-01
 0.25031478668372E-01
 0.23938551934518E-01
 0.24380002656902E-01
 0.23865078657057E-01
 0.23235444429832E-01
 0.24507686710654E-01
 0.24389724793095E-01
 0.22493295368302E-01
 0.24424223779271E-01
 0.23994711443108E-01
 0.23166438088365E-01
 0.23680141404248E-01
 0.24649975687638E-01
 0.23869857850274E-01
 0.22413648731507E-01
 0.23157790411431E-01
 0.22663991998012E-01
 0.21303518187481E-01
 0.22244664878341E-01
 0.22261365800104E-01
 0.21116484143361E-01
 0.21498329988052E-01
 0.21507759946979E-01
 0.21785033571051E-01
 0.21951584616707E-01
 0.22690146547611E-01
 0.21498154385700E-01
 0.20849635900184E-01
 0.22454177348737E-01
 0.22130227056051E-01
 0.21012944888542E-01
 0.22237881366230E-01
 0.21513190067391E-01
 0.20930252966004E-01
 0.21266464300928E-01
 0.20350104377311E-01
 0.20924160929316E-01
 0.20494487610970E-01
 0.21511698255460E-01
 0.20385045995909E-01
 0.21153231651880E-01
 0.20707574092890E-01
 0.22020004554528E-01
 0.21135219145409E-01
 0.20383419894830E-01
 0.20935198412716E-01
 0.18521000289406E-01
 0.20510953779068E-01
 0.20804329468737E-01
 0.21286375186288E-01
 0.20397276963118E-01
 0.21247965540383E-01
 0.21693408701756E-01
 0.21158334331172E-01
 0.19979545104522E-01
 0.20372938356531E-01
 0.20971515790049E-01
 0.20317004464483E-01
 0.20229503812155E-01
 0.20095391423716E-01
 0.20096322685819E-01
 0.19543964901408E-01
 0.20913653306691E-01
 0.20775275597438E-01
