 0.00000000000000E+00
 0.00000000000000E+00
 0.12391646932425E-24
-0.22196141468628E-24
-0.44609928956729E-25
 0.37525175771138E-24
 0.52894262455135E-23
 0.76851559979291E-22
 0.53010498261271E-21
 0.22349663266938E-20
 0.83118582397702E-20
-0.89388358181970E-12
 0.91567441353912E-06
 0.10874276329841E-05
 0.48579622527176E-06
-0.22210082870080E-05
-0.25015600042311E-05
-0.16299214578153E-06
-0.40438427378850E-05
-0.73784334869698E-07
 0.33448750092177E-06
 0.73022463530574E-06
-0.16402905155021E-05
 0.13685767706806E-05
-0.43484430659508E-07
-0.12675268297715E-05
-0.23056939003951E-06
-0.18612745552893E-05
-0.47767085528881E-06
 0.29676988075581E-06
-0.37990408124607E-06
 0.43382955931221E-06
-0.47941996041970E-06
-0.30272736136575E-06
-0.42565882859093E-06
 0.81345654813956E-07
-0.11806995490895E-06
 0.52190909170859E-06
 0.17473354574742E-06
-0.52497089461829E-06
-0.10275383332585E-06
-0.33899005611300E-07
-0.17769014483471E-06
 0.38171969081579E-06
 0.50597487433490E-06
-0.31057646215264E-06
 0.23937894132238E-07
 0.69251617855249E-06
 0.73295639205129E-06
 0.36100936360332E-06
 0.16041428800074E-06
 0.52941071807008E-06
 0.94066967184845E-06
 0.76806844885947E-06
 0.13074496244407E-05
 0.17090757538660E-05
 0.19456130059255E-05
 0.24582707039821E-05
 0.31342929745695E-05
 0.34007249903851E-05
 0.43174070171547E-05
 0.51333549651448E-05
 0.58759955262374E-05
 0.74360762316904E-05
 0.85901282896796E-05
 0.10353678574631E-04
 0.12080502927617E-04
 0.14363598359868E-04
 0.16606327291509E-04
 0.19593927651644E-04
 0.22534583573485E-04
 0.26162826638308E-04
 0.30307732546161E-04
 0.34381573449123E-04
 0.39348371645457E-04
 0.45260404833598E-04
 0.51335707260843E-04
 0.58271935360178E-04
 0.65684190613809E-04
 0.74485415908343E-04
 0.83915920872842E-04
 0.93969935973155E-04
 0.10510515205495E-03
 0.11761353640021E-03
 0.13142775008993E-03
 0.14645871448053E-03
 0.16254590679962E-03
 0.17995976364847E-03
 0.19959780681995E-03
 0.22070699391373E-03
 0.24318762394976E-03
 0.26761340632360E-03
 0.29471821006541E-03
 0.32346288356086E-03
 0.35478062871322E-03
 0.38838066624603E-03
 0.42467898052138E-03
 0.46362887184365E-03
 0.50615690908801E-03
 0.55106451707680E-03
 0.59977502822362E-03
 0.65143439978901E-03
 0.70780823617274E-03
 0.76683834850590E-03
 0.83146816793721E-03
 0.89992665791732E-03
 0.97247308310158E-03
 0.10514969471452E-02
 0.11352635410447E-02
 0.12235443393100E-02
 0.13187895908344E-02
 0.14202469418358E-02
 0.15278158299754E-02
 0.16425594436348E-02
 0.17641809945736E-02
 0.18946310066784E-02
 0.20321675195349E-02
 0.21785142500472E-02
 0.23350633603554E-02
 0.24998420519370E-02
 0.26745633770926E-02
 0.28611427649459E-02
 0.30579789631743E-02
 0.32662703478484E-02
 0.34880896295676E-02
 0.37229290609657E-02
 0.39709433103735E-02
 0.42338481251360E-02
 0.45109316301249E-02
 0.48065460180597E-02
 0.51160887616401E-02
 0.54466890783753E-02
 0.57937640839535E-02
 0.61614802127664E-02
 0.65494034209714E-02
 0.69620875716833E-02
 0.73948772844465E-02
 0.78541777100897E-02
 0.83389650134514E-02
 0.88476481874149E-02
 0.93893114390491E-02
 0.99592234487558E-02
 0.10559996221424E-01
 0.11191382396939E-01
 0.11863181182723E-01
 0.12568329455863E-01
 0.13313612869134E-01
 0.14098732764882E-01
 0.14926980712781E-01
 0.15800644974229E-01
 0.16717283815784E-01
 0.17690023349571E-01
 0.18715745168314E-01
 0.19791362362292E-01
 0.20921504349630E-01
 0.22115409326142E-01
 0.23370618931534E-01
 0.24694075254170E-01
 0.26077901377564E-01
 0.27533331380867E-01
 0.29057896350371E-01
 0.30661549104208E-01
 0.32338468378306E-01
 0.34087898067492E-01
 0.35914330242913E-01
 0.37819414898218E-01
 0.39799397474740E-01
 0.41844059211038E-01
 0.43967231746280E-01
 0.46152097334475E-01
 0.48399966567001E-01
 0.50701227845201E-01
 0.53053729244544E-01
 0.55443329197487E-01
 0.57877988509655E-01
 0.60331263503528E-01
 0.62808704517240E-01
 0.65292951370927E-01
 0.67792886109154E-01
 0.70275842991747E-01
 0.72762953312447E-01
 0.75235413026172E-01
 0.77681742442973E-01
 0.80111935583354E-01
 0.82510219389935E-01
 0.84881075856692E-01
 0.87220044788317E-01
 0.89513838392248E-01
 0.91780517429503E-01
 0.93987763697743E-01
 0.96159198438702E-01
 0.98295071501143E-01
 0.10037823877377E+00
 0.10240391071772E+00
 0.10439781367016E+00
 0.10631954448498E+00
 0.10821022659446E+00
 0.11006790361484E+00
 0.11186492484746E+00
 0.11360868409957E+00
 0.11528876226572E+00
 0.11691897464829E+00
 0.11853287167288E+00
 0.12009849428850E+00
 0.12160541192900E+00
 0.12307697586802E+00
 0.12450527669623E+00
 0.12589104581790E+00
 0.12723899815313E+00
 0.12855194500398E+00
 0.12982779410587E+00
 0.13106327642122E+00
 0.13226989680528E+00
 0.13343901862001E+00
 0.13458245049022E+00
 0.13569554924356E+00
 0.13677938977418E+00
 0.13783456950307E+00
 0.13886552695629E+00
 0.13987197207029E+00
 0.14084823278714E+00
 0.14180781149628E+00
 0.14274018375457E+00
 0.14365148391774E+00
 0.14454793222568E+00
 0.14542021375478E+00
 0.14627349000318E+00
 0.14710651651611E+00
 0.14792291877906E+00
 0.14872292145509E+00
 0.14950619240537E+00
 0.15027364869065E+00
 0.15102554654503E+00
 0.15176370665668E+00
 0.15248648955149E+00
 0.15319510155414E+00
 0.15389083827238E+00
 0.15457373366577E+00
 0.15524403405864E+00
 0.15590223687025E+00
 0.15654816148181E+00
 0.15718280611607E+00
 0.15780668331812E+00
 0.15841942984068E+00
 0.15902238102458E+00
 0.15961483570249E+00
 0.16019777175191E+00
 0.16077037959323E+00
 0.16133376547740E+00
 0.16188891900460E+00
 0.16243350738168E+00
 0.16297050312770E+00
 0.16350023776434E+00
 0.16402036327451E+00
 0.16453335610141E+00
 0.16503856095303E+00
 0.16553548565812E+00
 0.16602563253141E+00
 0.16650867565073E+00
 0.16698559936298E+00
 0.16745526870584E+00
 0.16791662452346E+00
 0.16837269936753E+00
 0.16882193939310E+00
 0.16926651303124E+00
 0.16970131277282E+00
 0.17013224799962E+00
 0.17055981722813E+00
 0.17098024637595E+00
 0.17139274544396E+00
 0.17180016471344E+00
 0.17220367237855E+00
 0.17260321587235E+00
 0.17299644021527E+00
 0.17338525762916E+00
 0.17376700667807E+00
 0.17414604301829E+00
 0.17451738421552E+00
 0.17488576687170E+00
 0.17525625365104E+00
 0.17561109003067E+00
 0.17596678278205E+00
 0.17632045131207E+00
 0.17666780771248E+00
 0.17700943317458E+00
 0.17734958569144E+00
 0.17768303742221E+00
 0.17801466987250E+00
 0.17834216530678E+00
 0.17866186966203E+00
 0.17898476716741E+00
 0.17929911228443E+00
 0.17961249590655E+00
 0.17992164884793E+00
 0.18023105650235E+00
 0.18053123899767E+00
 0.18082931195492E+00
 0.18112682090654E+00
 0.18141642339516E+00
 0.18170547627489E+00
