 0.00000000000000E+00
 0.00000000000000E+00
-0.37580412829873E-26
 0.11334068065746E-25
 0.37580412829873E-26
-0.44746052282342E-25
-0.84637545223913E-24
-0.16894456725867E-22
-0.14248382508657E-21
-0.72828423851249E-21
-0.32878558153593E-20
 0.64725059750545E-12
-0.71815541819875E-06
-0.48862911979935E-06
 0.41563682031932E-06
 0.14729956016279E-05
 0.23178041082629E-05
-0.20496177349915E-06
 0.44905854725912E-05
 0.68327152657287E-06
-0.10396212165267E-05
-0.53359496532554E-06
 0.41014479714242E-05
-0.19656677984269E-05
-0.41497693679598E-06
 0.30085358404629E-05
 0.23539251918791E-06
 0.43000165362743E-05
 0.36849229185643E-06
-0.87379139544764E-06
 0.23785687321536E-06
-0.15061894956694E-05
 0.91092257489566E-06
 0.17200554828402E-05
 0.84550456915530E-06
 0.89217706971757E-06
 0.65738477501060E-06
-0.23828060969755E-05
-0.51464781245084E-06
 0.36988464445269E-05
 0.20201431177027E-06
-0.20255983300195E-06
 0.18867417555797E-05
-0.15805042050581E-05
-0.33388476194544E-05
 0.20273519521161E-05
 0.90649706331845E-06
-0.39019756254130E-05
-0.39051917992433E-05
 0.92847767513719E-06
 0.21040261224342E-05
 0.81349038861457E-06
-0.11260251687094E-05
 0.11959621955428E-05
 0.67086240002869E-06
-0.74306938528016E-06
 0.22254849972247E-06
 0.63839988442702E-06
-0.66955625121801E-06
 0.45589477599210E-05
 0.32065574961475E-05
 0.42448720968154E-05
 0.85641458513086E-05
 0.66209358667863E-05
 0.96327016775034E-05
 0.96941419598281E-05
 0.12829129763087E-04
 0.12798657054440E-04
 0.19059663786834E-04
 0.16485931792694E-04
 0.22208822291810E-04
 0.24868229764020E-04
 0.26187313667647E-04
 0.36733425846947E-04
 0.41511914671821E-04
 0.42190996798967E-04
 0.49992311106121E-04
 0.56110985056078E-04
 0.69445935881892E-04
 0.70937240536009E-04
 0.77170083756885E-04
 0.92000351177728E-04
 0.10694100090962E-03
 0.12024888387875E-03
 0.12802676064227E-03
 0.14216874670352E-03
 0.16203764900875E-03
 0.18469195829373E-03
 0.19343936934590E-03
 0.21237929725187E-03
 0.24438809130312E-03
 0.27570684400671E-03
 0.29017602335150E-03
 0.32568380973047E-03
 0.35215966301287E-03
 0.39024775431703E-03
 0.42565896325974E-03
 0.47090182901153E-03
 0.49509020086678E-03
 0.55277345896720E-03
 0.59548880064723E-03
 0.66430781997077E-03
 0.70187463319803E-03
 0.79421109800051E-03
 0.83318086928718E-03
 0.90225634939092E-03
 0.10084789501252E-02
 0.10553111311813E-02
 0.11260843260384E-02
 0.12477237022435E-02
 0.13299562786312E-02
 0.14173903438396E-02
 0.15386489708237E-02
 0.16586565861078E-02
 0.17881145212095E-02
 0.18981562917239E-02
 0.20441246638195E-02
 0.22009627303874E-02
 0.23178731665497E-02
 0.25100509931968E-02
 0.27031271885085E-02
 0.28577109279624E-02
 0.30611338348346E-02
 0.33073676913066E-02
 0.35179188311078E-02
 0.37367694512098E-02
 0.39831842861637E-02
 0.42610592274750E-02
 0.45759123877458E-02
 0.47891931732862E-02
 0.52249140053812E-02
 0.55003041173407E-02
 0.59321669186536E-02
 0.63039712481432E-02
 0.67393666380684E-02
 0.70275231869687E-02
 0.75628026158746E-02
 0.79698110731412E-02
 0.84225666486081E-02
 0.91696364527013E-02
 0.95414058877022E-02
 0.10072141943280E-01
 0.10771260137249E-01
 0.11585930360390E-01
 0.12097979778191E-01
 0.12852009100504E-01
 0.13576282708649E-01
 0.14367476562196E-01
 0.15193688188593E-01
 0.16079981327931E-01
 0.17262205875641E-01
 0.17994331165891E-01
 0.18680333311095E-01
 0.19794729944973E-01
 0.21107443503417E-01
 0.22180448817424E-01
 0.23242710276573E-01
 0.24160790204431E-01
 0.25693621157951E-01
 0.26986993601424E-01
 0.28484328062556E-01
 0.29414257426224E-01
 0.30682206636568E-01
 0.32194173480235E-01
 0.33437168781500E-01
 0.34561976731069E-01
 0.35549552121583E-01
 0.37159744127039E-01
 0.38162245109042E-01
 0.39359014582899E-01
 0.40031292501400E-01
 0.41367240373999E-01
 0.42085297714032E-01
 0.42925474662989E-01
 0.43101194075521E-01
 0.43721743031275E-01
 0.44151660801842E-01
 0.44702721374429E-01
 0.44352997756703E-01
 0.45462047659015E-01
 0.45010177716282E-01
 0.45108967789611E-01
 0.45512938765066E-01
 0.45637223301213E-01
 0.45564202114885E-01
 0.45463658441684E-01
 0.45043619027939E-01
 0.45365746092208E-01
 0.43792430876805E-01
 0.44772181787657E-01
 0.45169442785561E-01
 0.43557926305827E-01
 0.42407424279320E-01
 0.43526502509264E-01
 0.41963495244990E-01
 0.43501773066272E-01
 0.42818336811011E-01
 0.40009470369811E-01
 0.38375582725422E-01
 0.37830658900760E-01
 0.39099532504932E-01
 0.40104347589376E-01
 0.37452761552278E-01
 0.36135397911350E-01
 0.36066573713217E-01
 0.35176857258791E-01
 0.34816235717338E-01
 0.34157347870847E-01
 0.33791608938155E-01
 0.32690391257357E-01
 0.32230009013573E-01
 0.32146741979210E-01
 0.31382859065929E-01
 0.31444346647362E-01
 0.31082551532233E-01
 0.30541762191147E-01
 0.29876872860718E-01
 0.29684428402231E-01
 0.29268494270507E-01
 0.28531111415799E-01
 0.28950771407086E-01
 0.28171603395494E-01
 0.28142057272740E-01
 0.28129153485265E-01
 0.27068709529393E-01
 0.26992248911693E-01
 0.26675490018869E-01
 0.26629288265851E-01
 0.26456442657434E-01
 0.26321685038680E-01
 0.26049972236887E-01
 0.25913558109189E-01
 0.25764001466687E-01
 0.25434617275702E-01
 0.25233645926862E-01
 0.25124422478935E-01
 0.24964295873953E-01
 0.24801292812810E-01
 0.24624945994731E-01
 0.24446809477578E-01
 0.24346895274358E-01
 0.24232191163425E-01
 0.24063525433941E-01
 0.24000486740722E-01
 0.23795934398904E-01
 0.23656336492767E-01
 0.23420355925304E-01
 0.23383223022456E-01
 0.23317504622389E-01
 0.23109044808378E-01
 0.23263058716103E-01
 0.23174122919896E-01
 0.22982607584925E-01
 0.23022757651101E-01
 0.22817342137170E-01
 0.22688745157446E-01
 0.22702883748197E-01
 0.22551388021884E-01
 0.22561678338998E-01
 0.22281383614972E-01
 0.22062833769638E-01
 0.22162838350868E-01
 0.22125276089890E-01
 0.22097227919529E-01
 0.21817821039508E-01
 0.22271711314211E-01
 0.22237001764914E-01
 0.21683952320216E-01
 0.21346640191638E-01
 0.21520230951063E-01
 0.21899436206343E-01
 0.21733619462114E-01
 0.21483758326512E-01
 0.21342618964770E-01
 0.20896869806283E-01
 0.21409682875870E-01
 0.20935286979761E-01
 0.21497413680460E-01
 0.21547991798603E-01
 0.19979615450982E-01
 0.21258602036746E-01
 0.21212244635426E-01
 0.20642116849935E-01
 0.20408948856749E-01
 0.20516525864806E-01
 0.20345825658603E-01
 0.20488206125811E-01
 0.20549246377269E-01
 0.20276924732100E-01
 0.21170337751694E-01
 0.20388178853212E-01
 0.20961403989620E-01
 0.20662480115687E-01
 0.20551650248960E-01
 0.19701755102255E-01
 0.19893509847783E-01
 0.20063518449063E-01
 0.19781443307246E-01
 0.20348280363410E-01
 0.20817304636939E-01
