 0.00000000000000E+00
 0.00000000000000E+00
-0.30979117331062E-25
-0.17425753498722E-25
 0.82675467258972E-25
 0.21214232702617E-24
 0.55246861230011E-23
 0.74978303204796E-22
 0.52585442719657E-21
 0.26441855132715E-20
 0.83332191314051E-13
 0.29739141452321E-12
-0.38198068365801E-05
 0.29427968265866E-05
 0.48011265119997E-06
 0.36893929542667E-05
 0.15293220256594E-05
-0.14313135533181E-05
-0.93439736580672E-06
 0.22675894580371E-05
 0.28646779611996E-05
 0.51460565831767E-06
-0.21451756590702E-06
-0.11645543250312E-05
 0.78654016742592E-07
 0.93949857112141E-06
 0.66747606731292E-06
 0.21267307994983E-07
-0.21348062913674E-06
 0.89246411238311E-06
-0.34480956940291E-06
-0.31748443928803E-06
 0.42983565076464E-06
-0.92146436193655E-07
 0.67909138530610E-06
-0.47855241507324E-06
 0.86753116066370E-06
-0.37979837422868E-06
-0.15142925800056E-06
-0.26450231724884E-06
-0.99659614092883E-07
-0.51397814491643E-06
 0.41515702316343E-07
 0.45279091261949E-06
 0.13680637730916E-07
 0.38546616639550E-06
 0.71718120975720E-07
 0.90608185839509E-07
 0.63915850532030E-06
 0.13354694538606E-05
 0.12268179486532E-05
 0.15473969643334E-05
 0.14659061166920E-05
 0.19863985005247E-05
 0.33550601306145E-05
 0.33217578193619E-05
 0.44916580830704E-05
 0.55626951465325E-05
 0.65561866144110E-05
 0.76818038406263E-05
 0.97342853964701E-05
 0.11237719384361E-04
 0.13494952610041E-04
 0.15900914253759E-04
 0.18885513512774E-04
 0.21856866817783E-04
 0.25340870855215E-04
 0.29442336037109E-04
 0.34100716297763E-04
 0.39355379262567E-04
 0.45188567486895E-04
 0.51780284575290E-04
 0.58976879619623E-04
 0.66788097143065E-04
 0.75815129178099E-04
 0.85399864739456E-04
 0.96441879312732E-04
 0.10840383999505E-03
 0.12160225578181E-03
 0.13555375759291E-03
 0.15095304932058E-03
 0.16844051103981E-03
 0.18710421156850E-03
 0.20759701654305E-03
 0.22943310583131E-03
 0.25352920160697E-03
 0.27953804193039E-03
 0.30757221087343E-03
 0.33808774785625E-03
 0.37038156003289E-03
 0.40591894008208E-03
 0.44405534488034E-03
 0.48434433672722E-03
 0.52868146964236E-03
 0.57570605057002E-03
 0.62627451873393E-03
 0.68080789639501E-03
 0.73813216857387E-03
 0.80040332605407E-03
 0.86736905351854E-03
 0.93799436987740E-03
 0.10139619905483E-02
 0.10942771484056E-02
 0.11799950966120E-02
 0.12706921395804E-02
 0.13688818549128E-02
 0.14723933048303E-02
 0.15825835503886E-02
 0.17000899885524E-02
 0.18246310984332E-02
 0.19560897783320E-02
 0.20969194778449E-02
 0.22459639622811E-02
 0.24022398682319E-02
 0.25699394831085E-02
 0.27469303971689E-02
 0.29349706651027E-02
 0.31328611279597E-02
 0.33423755117677E-02
 0.35658314241853E-02
 0.38013932259439E-02
 0.40491172770828E-02
 0.43122574485800E-02
 0.45901171532298E-02
 0.48832835217572E-02
 0.51942467723550E-02
 0.55235891875155E-02
 0.58680054941440E-02
 0.62327919204912E-02
 0.66180225305100E-02
 0.70266769956688E-02
 0.74564553588867E-02
 0.79098708378090E-02
 0.83874993431997E-02
 0.88917843498494E-02
 0.94237773505676E-02
 0.99841364937087E-02
 0.10577082268968E-01
 0.11200925074198E-01
 0.11856700378889E-01
 0.12552730881054E-01
 0.13280987586793E-01
 0.14051148405064E-01
 0.14863976192738E-01
 0.15719918188609E-01
 0.16618872473282E-01
 0.17568966773828E-01
 0.18565953032311E-01
 0.19619312944662E-01
 0.20729964949668E-01
 0.21896591816152E-01
 0.23127283845993E-01
 0.24417490701018E-01
 0.25779620094225E-01
 0.27208630559750E-01
 0.28711812768317E-01
 0.30291709315606E-01
 0.31943600264520E-01
 0.33683594646458E-01
 0.35503163058449E-01
 0.37408741956212E-01
 0.39394228049611E-01
 0.41471447678394E-01
 0.43626109269107E-01
 0.45870700049698E-01
 0.48190389943821E-01
 0.50581672660677E-01
 0.53053790816064E-01
 0.55582833301336E-01
 0.58173784957636E-01
 0.60807832811955E-01
 0.63485675796626E-01
 0.66184683847768E-01
 0.68904353398412E-01
 0.71631731837983E-01
 0.74365749098441E-01
 0.77085788426480E-01
 0.79782886930012E-01
 0.82465018812704E-01
 0.85100700459312E-01
 0.87700912174397E-01
 0.90250645445415E-01
 0.92749352288200E-01
 0.95187706649395E-01
 0.97567962305017E-01
 0.99881176143677E-01
 0.10212140022451E+00
 0.10429581803177E+00
 0.10639935667870E+00
 0.10843111048247E+00
 0.11038547750687E+00
 0.11227362354580E+00
 0.11408542244522E+00
 0.11583823619586E+00
 0.11753104624693E+00
 0.11915626170438E+00
 0.12072301492384E+00
 0.12223454056737E+00
 0.12369221204092E+00
 0.12509656578016E+00
 0.12646051143424E+00
 0.12777265418317E+00
 0.12905308913929E+00
 0.13029507223901E+00
 0.13149624572595E+00
 0.13266486659014E+00
 0.13379893515732E+00
 0.13490813163865E+00
 0.13598497411700E+00
 0.13702944002223E+00
 0.13805673887641E+00
 0.13904900534910E+00
 0.14002523984591E+00
 0.14097038106244E+00
 0.14189968630141E+00
 0.14280748055239E+00
 0.14369434010260E+00
 0.14457058187705E+00
 0.14541942407297E+00
 0.14624932658297E+00
 0.14706443831252E+00
 0.14786367798655E+00
 0.14864350604440E+00
 0.14940831767548E+00
 0.15016601786070E+00
 0.15090922713260E+00
 0.15162786804422E+00
 0.15233990254351E+00
 0.15303764802999E+00
 0.15372657502808E+00
 0.15439427107538E+00
 0.15505298114359E+00
 0.15571009867759E+00
 0.15635249179359E+00
 0.15697563619372E+00
 0.15759274445608E+00
 0.15820454906047E+00
 0.15879805504877E+00
 0.15938377925160E+00
 0.15996429166915E+00
 0.16053990913363E+00
 0.16109783652108E+00
 0.16164869418426E+00
 0.16219062707950E+00
 0.16272997696560E+00
 0.16325431533534E+00
 0.16377369525161E+00
 0.16428487280159E+00
 0.16478962460353E+00
 0.16528262714770E+00
 0.16577626589903E+00
 0.16626038117566E+00
 0.16672949025877E+00
 0.16720197369054E+00
 0.16766045050001E+00
 0.16811640509634E+00
 0.16856946193695E+00
 0.16900892862697E+00
 0.16945361658888E+00
 0.16988427755304E+00
 0.17030787046063E+00
 0.17072831987146E+00
 0.17114612769196E+00
 0.17155461271877E+00
 0.17195802888619E+00
 0.17235788954870E+00
 0.17275021809231E+00
 0.17314021912655E+00
 0.17352495524130E+00
 0.17390191151136E+00
 0.17428641842099E+00
 0.17465487090596E+00
 0.17501306947207E+00
 0.17537951176698E+00
 0.17573297490180E+00
 0.17609126337139E+00
 0.17643555036455E+00
 0.17678388013030E+00
 0.17712834333967E+00
 0.17745897141305E+00
 0.17779089550923E+00
 0.17812264902924E+00
 0.17845078193401E+00
 0.17876814112330E+00
 0.17908598778072E+00
 0.17940136915515E+00
 0.17971708050628E+00
 0.18001829740641E+00
 0.18032670694246E+00
 0.18062800308175E+00
 0.18092190886855E+00
 0.18122446372700E+00
 0.18151346685911E+00
 0.18179786954388E+00
 0.18208406813435E+00
 0.18236668755613E+00
 0.18264896400164E+00
 0.18292566036270E+00
 0.18320036305081E+00
 0.18346816705916E+00
