 0.00000000000000E+00
 0.00000000000000E+00
 0.93951032074683E-27
 0.93951032074683E-27
-0.68705294621486E-26
-0.24955238556475E-25
-0.90952899016771E-24
-0.15591251008612E-22
-0.14369259560692E-21
-0.89025948823975E-21
-0.11448531821989E-12
 0.46843981497437E-12
 0.22949225814746E-05
-0.16927153829246E-05
-0.53062369323620E-06
-0.23938764573963E-05
-0.22959863952898E-05
 0.12873889055509E-05
 0.10678567097069E-05
-0.23903674985681E-05
-0.44519568134570E-05
-0.59476436221273E-06
-0.16235043185976E-07
 0.26090368909086E-05
-0.32478399038402E-06
-0.12223344893652E-05
-0.12543960451068E-05
 0.10483371719263E-05
 0.38962366517778E-06
-0.21397572982798E-05
 0.18807016599865E-05
 0.10781871169656E-05
-0.15634218128118E-05
 0.81688414460071E-06
-0.27978127293483E-05
 0.21658627971949E-05
-0.37435346147893E-05
 0.18722564607365E-05
 0.56284804052824E-06
 0.43576039252308E-06
 0.21811951241308E-05
 0.36998043761865E-05
 0.88558483910744E-06
-0.16768418672673E-05
 0.55959087707864E-06
-0.97596501851838E-06
 0.31191838985695E-05
 0.33912152455221E-05
 0.88701670205245E-06
-0.40700327296355E-05
 0.58218210224864E-07
 0.99575684219239E-06
 0.48794540342873E-05
 0.51938499741491E-05
-0.19518040601079E-05
 0.53094924176127E-05
 0.33828183816293E-05
 0.31197895562541E-05
 0.60854443310535E-05
 0.10948082370166E-04
 0.64750079630536E-05
 0.11533207032035E-04
 0.12205474631169E-04
 0.14601268292920E-04
 0.15295370717082E-04
 0.21731246427702E-04
 0.26339419393840E-04
 0.31167496118276E-04
 0.34870163139808E-04
 0.38215225993966E-04
 0.44432911299502E-04
 0.48428529103740E-04
 0.56067955495269E-04
 0.66730135228481E-04
 0.73217086288659E-04
 0.87638266714644E-04
 0.94311108242587E-04
 0.10299848893234E-03
 0.11270820494483E-03
 0.13513680747452E-03
 0.15880522253067E-03
 0.17041109324142E-03
 0.18782869135287E-03
 0.20513127794564E-03
 0.23267454342411E-03
 0.25317705685689E-03
 0.27764704754955E-03
 0.30843146073489E-03
 0.33107872695280E-03
 0.37820408946039E-03
 0.40397924095654E-03
 0.44050456981839E-03
 0.49947085969078E-03
 0.53373474103361E-03
 0.58443735627550E-03
 0.63864677394973E-03
 0.67856613032705E-03
 0.75945171131949E-03
 0.81497199456507E-03
 0.85826577287867E-03
 0.94182860564323E-03
 0.99935293333543E-03
 0.10971283645084E-02
 0.11878379961689E-02
 0.13106403969587E-02
 0.13887325891757E-02
 0.14961548784168E-02
 0.16094874240626E-02
 0.17125304013302E-02
 0.18327472160562E-02
 0.19978702823396E-02
 0.21163713954245E-02
 0.22491593032760E-02
 0.24804546083697E-02
 0.26083474887466E-02
 0.28108473711275E-02
 0.29798990615304E-02
 0.32216504830373E-02
 0.34667502802145E-02
 0.36350704201201E-02
 0.38777204037562E-02
 0.41715374344383E-02
 0.44381380311817E-02
 0.47380164196866E-02
 0.50831965563375E-02
 0.53794820089149E-02
 0.56478896568638E-02
 0.60884969278596E-02
 0.65332519195894E-02
 0.69530221842625E-02
 0.73199372492902E-02
 0.77410734791516E-02
 0.82316321605131E-02
 0.87786215853775E-02
 0.93232908014983E-02
 0.98952063781942E-02
 0.10573608392620E-01
 0.11059061571661E-01
 0.11818592495324E-01
 0.12609854568155E-01
 0.13191365775797E-01
 0.14099046436092E-01
 0.14994886142888E-01
 0.15811693051793E-01
 0.16669669373058E-01
 0.17705238872036E-01
 0.18754420586527E-01
 0.20011291721260E-01
 0.21097328431028E-01
 0.22148729600048E-01
 0.23515840535833E-01
 0.24722069058326E-01
 0.26261535942304E-01
 0.27434907918123E-01
 0.29104301948109E-01
 0.30553054540040E-01
 0.32029398310632E-01
 0.34145326815105E-01
 0.35461718372063E-01
 0.37143370748717E-01
 0.38685479214317E-01
 0.40606886953252E-01
 0.41955829722903E-01
 0.43950930137984E-01
 0.45214813459988E-01
 0.46951537128587E-01
 0.48993275216975E-01
 0.49993025955465E-01
 0.51335472844941E-01
 0.52214156916408E-01
 0.52973634195306E-01
 0.53522481045750E-01
 0.54612596968716E-01
 0.55280876591577E-01
 0.56067236582228E-01
 0.55862170409239E-01
 0.55855772453397E-01
 0.56080696098862E-01
 0.55032513869621E-01
 0.55045200768007E-01
 0.54396228068496E-01
 0.53768205062369E-01
 0.52903165401270E-01
 0.52025181577273E-01
 0.50521904508555E-01
 0.49220498651350E-01
 0.48334472002350E-01
 0.46665610372341E-01
 0.44784482957754E-01
 0.42826010160502E-01
 0.41805522389091E-01
 0.40071616934324E-01
 0.39608238803007E-01
 0.38339744800071E-01
 0.36460384325734E-01
 0.35328274065607E-01
 0.34182073197964E-01
 0.33220456967572E-01
 0.32244296514820E-01
 0.31896918186867E-01
 0.31049164866906E-01
 0.31228542590981E-01
 0.30053609879655E-01
 0.29298830862693E-01
 0.29268045224559E-01
 0.28865459169283E-01
 0.28708519096511E-01
 0.27810637621695E-01
 0.27428689332109E-01
 0.27710832556923E-01
 0.26607738825330E-01
 0.26997871138608E-01
 0.26284724494039E-01
 0.26937348473209E-01
 0.26711069280361E-01
 0.26309468870440E-01
 0.26621730527693E-01
 0.25000754042734E-01
 0.24972311332251E-01
 0.25205688464929E-01
 0.24699700771479E-01
 0.24908205602393E-01
 0.25462855095014E-01
 0.25362571582962E-01
 0.24722822375892E-01
 0.23670388380652E-01
 0.24505628669740E-01
 0.24354244299682E-01
 0.24187109119630E-01
 0.23460716133413E-01
 0.24272080605889E-01
 0.25081754724771E-01
 0.23401889242718E-01
 0.22888025387415E-01
 0.23839001398822E-01
 0.23785516457657E-01
 0.22822624610640E-01
 0.23426385278502E-01
 0.23677106490219E-01
 0.23666434142952E-01
 0.22199383353448E-01
 0.22610573686930E-01
 0.22577768160074E-01
 0.22432016565294E-01
 0.21655335199804E-01
 0.22572866055954E-01
 0.22040815966297E-01
 0.21776512271636E-01
 0.21798772725588E-01
 0.22251847017104E-01
 0.21397115062384E-01
 0.20960404483376E-01
 0.22451162063222E-01
 0.21758612365387E-01
 0.22362532774134E-01
 0.22626467330186E-01
 0.21709857145359E-01
 0.22386834281790E-01
 0.21375773557588E-01
 0.20997211929054E-01
 0.22120210764707E-01
 0.21180551791887E-01
 0.20844343803737E-01
 0.20948555342974E-01
 0.21506482951193E-01
 0.21386093928050E-01
 0.21269887823342E-01
 0.21864045367768E-01
 0.21341437131809E-01
 0.22248132015554E-01
 0.19777560637130E-01
 0.19958800819821E-01
 0.21590474147091E-01
 0.20535641678718E-01
 0.21422821862172E-01
 0.20364560628421E-01
 0.21606288719042E-01
 0.20882210282305E-01
 0.19246435856064E-01
 0.20989392725454E-01
 0.21524235610983E-01
 0.20512864745334E-01
 0.19945158731318E-01
 0.21176493913235E-01
 0.20715132893640E-01
 0.20765163624772E-01
 0.19639710921783E-01
 0.21233756829590E-01
 0.20560894091362E-01
 0.19824372853634E-01
 0.20891994741169E-01
 0.18740773543976E-01
 0.19496129825006E-01
 0.20421472361377E-01
 0.20236398145503E-01
 0.20111604211494E-01
 0.19019887444501E-01
 0.19114156598360E-01
 0.18887386390692E-01
 0.19565480224712E-01
