 0.00000000000000E+00
 0.00000000000000E+00
 0.00000000000000E+00
-0.96364651380283E-27
-0.60808796833614E-26
 0.61235322991499E-23
-0.66399747822108E-23
 0.29068334046567E-22
-0.81319197332754E-22
-0.41079310652611E-21
-0.43268490217170E-21
-0.44825240129745E-20
-0.11715775812649E-19
-0.15023290752955E-19
-0.23047224588058E-19
-0.16922787284937E-19
-0.19283445007038E-18
-0.13215891022523E-18
-0.26262130042189E-18
-0.66917536006724E-18
-0.13740842791361E-17
-0.25318247989933E-18
-0.16952218219346E-17
-0.50671660213184E-17
-0.24136729750402E-17
-0.54271936716881E-17
-0.64181237702874E-17
-0.28482232489051E-09
-0.25241443115458E-08
-0.20390689004259E-08
-0.31206590964322E-08
-0.27616504713223E-08
 0.31508320038653E-07
-0.21531664194842E-07
-0.43681411101159E-08
 0.11909767288491E-07
 0.10391149526676E-07
 0.24952967293317E-07
-0.22699178935917E-08
 0.94126465462181E-09
 0.24834965730915E-07
 0.12149262663245E-08
 0.45438751102337E-08
 0.19114263768363E-07
-0.50765504865891E-08
 0.13377165502009E-07
-0.16275118286747E-08
 0.47798636397689E-08
 0.95474255849929E-08
 0.27190374062098E-07
 0.16905522329959E-08
 0.17493791370365E-07
-0.12350431839826E-07
 0.27625133966504E-07
 0.31848957203533E-07
 0.24990542294205E-08
-0.10097848731322E-07
 0.17962841465932E-08
-0.63593287125888E-07
-0.21065461520781E-07
-0.17767332149139E-07
 0.26240572467715E-07
 0.37927748163398E-08
-0.12384672131364E-07
-0.19348694411490E-07
-0.12200487342903E-07
 0.71714999292410E-09
 0.48244017950350E-08
 0.70082415140737E-07
 0.16204249049344E-06
-0.49435524842961E-07
-0.13076166837327E-06
 0.67955632502954E-08
-0.11486831563852E-06
 0.62103519794968E-08
-0.35394787450999E-07
 0.30085823122730E-07
-0.57201356298061E-07
-0.12284817158843E-07
 0.65413536095612E-07
-0.82691318326838E-07
 0.96590195639874E-07
 0.28112419481748E-06
-0.16420882270412E-06
 0.17621864929775E-06
-0.14240933559763E-06
-0.23155436332674E-06
 0.45024495097944E-07
 0.64238486897861E-07
-0.38150286901851E-07
-0.14471795775439E-06
-0.22055058616812E-06
 0.25604534151796E-07
 0.37880303720418E-06
-0.15300572544043E-06
-0.44436069574374E-07
-0.21050234857938E-06
-0.32163928583965E-06
 0.15994735779101E-06
-0.12910029877768E-06
 0.10498644277407E-06
-0.10088077793185E-06
 0.30797737171321E-06
-0.45709142278672E-07
 0.14184086735820E-06
 0.59215609623472E-08
-0.39346271391353E-06
-0.89596508773991E-06
 0.88462541388127E-06
 0.26058916889116E-06
-0.89203128382376E-07
 0.21401499114906E-07
 0.34907567081923E-06
 0.55203047399646E-06
 0.12484205345450E-06
-0.11927823226690E-06
-0.13180880640935E-06
 0.27374542224287E-06
-0.52202903631367E-07
 0.25851524913494E-06
 0.10690559465182E-06
-0.75689270480958E-07
-0.28384695160128E-06
 0.47044686425325E-06
 0.94544960521449E-06
-0.57663417397546E-06
-0.44723045031302E-06
 0.16365808566701E-06
 0.82552929908643E-06
 0.74685494380025E-06
 0.42712567886918E-07
 0.31442389422883E-07
 0.16994517985632E-06
-0.85928625699363E-06
 0.31962208881857E-06
 0.11987364174441E-06
-0.21837754502531E-06
-0.52038725087127E-06
 0.88728258130158E-06
-0.12655513651859E-05
-0.67605031146252E-07
 0.44686439876245E-06
-0.53849917072458E-06
-0.16621862775608E-06
 0.17410760184120E-06
-0.11599296440840E-06
 0.76961730382674E-07
 0.10647760132177E-05
-0.10754136428710E-05
-0.19287933214048E-05
 0.38830513522477E-05
 0.84260044648914E-07
 0.82133459100446E-06
-0.13944314007119E-06
-0.31866002385121E-05
 0.55706159422463E-05
 0.45523232141068E-05
-0.98008684634890E-06
 0.23443751365795E-05
-0.45161630867500E-05
-0.37406601199864E-05
 0.35420587891561E-05
 0.71610960007232E-05
 0.71833916037157E-05
-0.32586145988161E-05
-0.51708442525295E-05
-0.49752545962206E-06
-0.47627586596107E-05
-0.22288331703326E-05
-0.32634787136033E-05
 0.12292891231226E-05
 0.47091195377287E-05
-0.25412874814160E-05
-0.10584017156525E-05
 0.10205000664128E-05
-0.30990052676987E-05
-0.23776057178902E-05
-0.19255018877795E-05
 0.50402431417374E-05
 0.43077165034007E-05
 0.17454017862847E-05
 0.46567628165459E-05
-0.21594368307273E-05
 0.39749371273837E-05
-0.30740863435182E-05
 0.13186383055432E-06
 0.87192526259420E-06
-0.24702566023962E-05
-0.12350982703851E-05
 0.40437923986183E-05
-0.10993544591522E-05
-0.83890736621036E-06
 0.46876704580491E-05
 0.64112844225721E-06
 0.42510167752837E-06
-0.81234415636505E-06
-0.15163588330128E-05
-0.18085588919546E-05
-0.39563816536354E-05
-0.33963907034002E-05
 0.22604949641138E-05
-0.42348058854069E-06
-0.18051383313910E-06
 0.37522383049995E-05
 0.17706248308657E-05
-0.13423387972434E-05
 0.36991471690549E-05
-0.24451383844487E-05
-0.22966595755996E-05
-0.15491226985560E-06
-0.13330997920656E-05
-0.52917738371329E-06
 0.22257988653146E-05
-0.15030491546212E-05
-0.19187250958691E-05
 0.21477432528098E-05
-0.14073496127048E-05
 0.37810629534566E-05
 0.15346383935218E-05
-0.93915859725043E-06
 0.88510547734660E-06
-0.23278676354933E-05
 0.22617669754305E-06
 0.11321823048532E-05
 0.30094611069165E-06
-0.87082993355780E-06
 0.73758848557261E-06
-0.23104302629743E-05
-0.13157374918946E-05
-0.18252068302076E-05
 0.23282796660084E-05
 0.74251419717126E-05
 0.29795762434365E-05
-0.50268849114593E-05
-0.44932263871449E-05
 0.16983168599029E-05
-0.24108572109255E-05
 0.15309998194146E-05
 0.12600585348293E-05
-0.43415826385747E-06
-0.44800080599890E-07
 0.32107842224664E-05
 0.43799530270942E-05
-0.19541495172119E-06
 0.28371228106236E-05
-0.18660867549789E-06
-0.17681190844082E-05
-0.17916484843199E-05
 0.75551578902790E-06
 0.33892433196579E-05
-0.15033710379646E-05
 0.19649020855446E-05
-0.15895066658328E-05
 0.21201831406162E-05
 0.10769265580790E-05
 0.17931852401200E-05
 0.97880210620789E-06
 0.10681288915822E-05
-0.26370700779679E-05
 0.18591262122185E-05
 0.39880852552630E-05
-0.16522461332674E-06
 0.18702766130477E-05
 0.68420632409594E-06
-0.50158711428119E-06
 0.44538948841126E-05
 0.20268846664310E-05
 0.12244285413846E-05
 0.45278686379445E-07
 0.62231521930177E-06
 0.94975405460094E-06
-0.17802703200507E-05
-0.27250440023306E-05
-0.18991284453645E-06
-0.13198615727827E-05
 0.19611414265491E-05
 0.30855134914623E-06
-0.23429890586648E-05
 0.54839201259229E-06
-0.29813824449347E-05
 0.13784124138940E-05
-0.20297911258230E-05
-0.12005064907574E-05
-0.14928932326345E-05
 0.48960184949783E-06
 0.46683039205295E-06
-0.76881920098866E-06
-0.35439988940468E-05
 0.28590106379974E-05
-0.16613782581803E-06
 0.59776876607181E-06
-0.85516400708453E-06
-0.11886192606287E-05
 0.24529985752525E-06
 0.49386558095293E-07
-0.63881589046984E-06
 0.55488333902506E-06
-0.20128431910840E-05
 0.37980303509828E-05
-0.64833134609457E-06
