 0.00000000000000E+00
 0.00000000000000E+00
 0.00000000000000E+00
 0.22649065779835E-25
 0.62541959618564E-25
-0.12353967332062E-23
 0.61460087042072E-22
-0.15427016705912E-21
-0.20403846867133E-07
-0.22289443713469E-06
 0.73176167115779E-08
 0.25812020728288E-07
-0.16424814986255E-06
 0.20207238149795E-07
 0.10348206695698E-06
 0.62991968133190E-08
 0.59310819126697E-07
 0.30139048533611E-07
-0.88620997068910E-08
 0.19186091769553E-07
-0.35791574914233E-08
-0.73079537977761E-08
-0.43482592581733E-07
-0.14081133255186E-08
 0.51847754610600E-08
-0.83180348988045E-08
 0.26020778598978E-08
 0.96267661608467E-08
 0.14174561578546E-07
 0.19066293560160E-07
 0.92411404895253E-08
 0.71979636497849E-08
 0.21278325350939E-08
 0.10292424141785E-08
 0.62342157903798E-08
 0.72752571351680E-08
-0.92958600541913E-08
 0.26513742689612E-07
 0.19417504368744E-07
 0.28195001924950E-07
 0.40426207818382E-07
 0.99800242687070E-07
 0.59098960843527E-07
 0.16690489834400E-06
 0.27381721511768E-06
 0.33148417579732E-06
 0.43481347990837E-06
 0.57905923217666E-06
 0.79326669733596E-06
 0.10405000808898E-05
 0.13371395754054E-05
 0.17128348598231E-05
 0.21847346447126E-05
 0.27486168597648E-05
 0.34344156871695E-05
 0.42557404553392E-05
 0.52260706398804E-05
 0.63843509547997E-05
 0.77311911801424E-05
 0.92948093662470E-05
 0.11127015717858E-04
 0.13226260857446E-04
 0.15658925326394E-04
 0.18422598032509E-04
 0.21583333485840E-04
 0.25168825144336E-04
 0.29198681163916E-04
 0.33779378764451E-04
 0.38890850843255E-04
 0.44617680905247E-04
 0.51029294200506E-04
 0.58115254559317E-04
 0.65991011537031E-04
 0.74679521739190E-04
 0.84304780902292E-04
 0.94842723995123E-04
 0.10651649951749E-03
 0.11906219661730E-03
 0.13304186308432E-03
 0.14820489045725E-03
 0.16473161782678E-03
 0.18268316894629E-03
 0.20216158791690E-03
 0.22325568610668E-03
 0.24608664166682E-03
 0.27076922204659E-03
 0.29740465488732E-03
 0.32604801856897E-03
 0.35691335741332E-03
 0.39007699737399E-03
 0.42566336620258E-03
 0.46384828599185E-03
 0.50476054344410E-03
 0.54858078584562E-03
 0.59535289739637E-03
 0.64541900246583E-03
 0.69881201826421E-03
 0.75585202563667E-03
 0.81663956531176E-03
 0.88127153463911E-03
 0.95020860655394E-03
 0.10235482006122E-02
 0.11015035044035E-02
 0.11843591949507E-02
 0.12724473859765E-02
 0.13658154621967E-02
 0.14648475930441E-02
 0.15701216804230E-02
 0.16817601135267E-02
 0.18000000544204E-02
 0.19253983933377E-02
 0.20580104475718E-02
 0.21985416504715E-02
 0.23472557659089E-02
 0.25047487006886E-02
 0.26712950210150E-02
 0.28473563152422E-02
 0.30335801370112E-02
 0.32304716160121E-02
 0.34384244565666E-02
 0.36581161451359E-02
 0.38902321967262E-02
 0.41350816438749E-02
 0.43933636279879E-02
 0.46659526767652E-02
 0.49535558525469E-02
 0.52564069315620E-02
 0.55752452185548E-02
 0.59104519808671E-02
 0.62629934223621E-02
 0.66330014723080E-02
 0.70203750935005E-02
 0.74257402005593E-02
 0.78483687623290E-02
 0.82885125573384E-02
 0.87449148801048E-02
 0.92151557134970E-02
 0.96971169340408E-02
 0.10187929827515E-01
 0.10683373166103E-01
 0.11178576923218E-01
 0.11667032533810E-01
 0.12144288321180E-01
 0.12613108267657E-01
 0.13093004909261E-01
 0.13628207017728E-01
 0.14296376946225E-01
 0.15231205885866E-01
 0.16618115708036E-01
 0.18637997910765E-01
 0.21370435181349E-01
 0.24740511272481E-01
 0.28552760023834E-01
 0.32576516721859E-01
 0.36615676196273E-01
 0.40535948991267E-01
 0.44264017820565E-01
 0.47768901830769E-01
 0.51044816751760E-01
 0.54103618503927E-01
 0.56961485757809E-01
 0.59635098323479E-01
 0.62143386110434E-01
 0.64503418143582E-01
 0.66731135458436E-01
 0.68838942745006E-01
 0.70838372616324E-01
 0.72739712340661E-01
 0.74550999475036E-01
 0.76279021003027E-01
 0.77929557522943E-01
 0.79508816206916E-01
 0.81020895861388E-01
 0.82469413283862E-01
 0.83857974686794E-01
 0.85188885018234E-01
 0.86465140479564E-01
 0.87689100344852E-01
 0.88862601142775E-01
 0.89987758917636E-01
 0.91065829570027E-01
 0.92099116921775E-01
 0.93088955397071E-01
 0.94036660468134E-01
 0.94943827328188E-01
 0.95811459947396E-01
 0.96641662556600E-01
 0.97435065701065E-01
 0.98192686530534E-01
 0.98916505873926E-01
 0.99607255143826E-01
 0.10026613645296E+00
 0.10089434489719E+00
 0.10149303305152E+00
 0.10206294467777E+00
 0.10260547525653E+00
 0.10312132686767E+00
 0.10361153367878E+00
 0.10407713409142E+00
 0.10451898132607E+00
 0.10493787068243E+00
 0.10533472793888E+00
 0.10571031422949E+00
 0.10606541656134E+00
 0.10640079880651E+00
 0.10671718117214E+00
 0.10701532683345E+00
 0.10729576273156E+00
 0.10755924863302E+00
 0.10780643954353E+00
 0.10803780674197E+00
 0.10825402677129E+00
 0.10845559345725E+00
 0.10864302515687E+00
 0.10881696744882E+00
 0.10897774866621E+00
 0.10912598154981E+00
 0.10926202423192E+00
 0.10938628965638E+00
 0.10949935916210E+00
 0.10960145268340E+00
 0.10969306465222E+00
 0.10977451105816E+00
 0.10984619094271E+00
 0.10990851158985E+00
 0.10996170630341E+00
 0.11000606920366E+00
 0.11004205663982E+00
 0.11006982204550E+00
 0.11008971182321E+00
 0.11010198112464E+00
 0.11010695572041E+00
 0.11010476200188E+00
 0.11009581957844E+00
 0.11008024571181E+00
 0.11005827481387E+00
 0.11003019710349E+00
 0.10999617109676E+00
 0.10995636560828E+00
 0.10991107258378E+00
 0.10986043358669E+00
 0.10980462856413E+00
 0.10974384431710E+00
 0.10967824151922E+00
 0.10960798919949E+00
 0.10953323761310E+00
 0.10945420645457E+00
 0.10937096811776E+00
 0.10928370657207E+00
 0.10919255218781E+00
 0.10909765218832E+00
 0.10899909497715E+00
 0.10889703723839E+00
 0.10879163368634E+00
 0.10868293101325E+00
 0.10857109583325E+00
 0.10845621182389E+00
 0.10833841240528E+00
 0.10821778028013E+00
 0.10809442426979E+00
 0.10796843019685E+00
 0.10783992915956E+00
 0.10770895199126E+00
 0.10757565073767E+00
 0.10744004463498E+00
 0.10730226611584E+00
 0.10716239346776E+00
 0.10702046934974E+00
 0.10687661260308E+00
 0.10673085663927E+00
 0.10658329551457E+00
 0.10643399845983E+00
 0.10628303148571E+00
 0.10613044128561E+00
 0.10597627796529E+00
 0.10582065943555E+00
 0.10566360690265E+00
 0.10550518920231E+00
 0.10534542909756E+00
 0.10518444191641E+00
 0.10502221944968E+00
 0.10485882312568E+00
 0.10469432303116E+00
 0.10452878265242E+00
 0.10436220644303E+00
 0.10419467129526E+00
 0.10402618439846E+00
 0.10385681067035E+00
 0.10368661446058E+00
 0.10351559292741E+00
 0.10334380665201E+00
 0.10317129084311E+00
 0.10299806858773E+00
 0.10282419634595E+00
 0.10264970268016E+00
 0.10247462690862E+00
 0.10229896464302E+00
 0.10212281103213E+00
 0.10194611964872E+00
 0.10176897977617E+00
