 0.00000000000000E+00
 0.00000000000000E+00
 0.00000000000000E+00
 0.67228987263589E-25
 0.19642808057979E-24
-0.20738193161421E-21
 0.15212019856067E-21
-0.63968842845417E-21
 0.13396048127254E-07
-0.74238803955230E-07
 0.94009810785882E-09
-0.69099344636598E-07
-0.72785778631199E-07
 0.37534709430395E-07
-0.14211394158364E-07
 0.16005880832334E-08
 0.53100196561820E-07
-0.15505370446423E-08
-0.26156957909778E-07
 0.44654563916787E-07
-0.72373041129873E-07
 0.11102334294517E-07
 0.99891864647615E-08
 0.43180128855909E-07
-0.32373335651994E-07
 0.47787140531806E-07
 0.18360403409111E-07
 0.33153129193913E-07
-0.47680373364180E-08
-0.27470870064228E-07
-0.20714693111170E-07
 0.13056032708339E-07
 0.26320056115377E-07
-0.11539417341316E-07
 0.31523543230278E-08
-0.91913904455972E-09
-0.49765737380637E-07
-0.10989974843033E-07
 0.19594407123704E-07
-0.13730298924527E-07
 0.97162993587228E-07
-0.31647786875479E-07
 0.14990777550141E-06
 0.26792121238759E-06
 0.27039658468361E-06
 0.30181634648557E-06
 0.39268530198579E-06
 0.65240250263311E-06
 0.81616505735993E-06
 0.10483818515485E-05
 0.13376508474971E-05
 0.17251700714923E-05
 0.22172153515925E-05
 0.27870549339645E-05
 0.35450034935028E-05
 0.43399681051548E-05
 0.52752376649465E-05
 0.64677646650184E-05
 0.78127195535621E-05
 0.93703359785080E-05
 0.11233008850652E-04
 0.13376652371305E-04
 0.15809068032800E-04
 0.18607967316330E-04
 0.21853379692926E-04
 0.25415962976329E-04
 0.29590597000284E-04
 0.34305046916911E-04
 0.39496112078210E-04
 0.45349369429784E-04
 0.51947869773712E-04
 0.59211102248357E-04
 0.67286649911286E-04
 0.76302292757674E-04
 0.86344353300462E-04
 0.97361315856772E-04
 0.10897621554078E-03
 0.12213789164975E-03
 0.13741656857175E-03
 0.15271640126883E-03
 0.17022043590289E-03
 0.18904993341119E-03
 0.20957236003808E-03
 0.23191449557323E-03
 0.25602434967248E-03
 0.28230933742873E-03
 0.31066894710443E-03
 0.34129211881342E-03
 0.37439739485198E-03
 0.41020600997495E-03
 0.44881296972873E-03
 0.48975744933949E-03
 0.53446640433159E-03
 0.58207020872610E-03
 0.63337614205655E-03
 0.68841493232519E-03
 0.74739816347920E-03
 0.81035043573145E-03
 0.87781286143915E-03
 0.95019603910349E-03
 0.10274115207792E-02
 0.11100721352868E-02
 0.11975322238693E-02
 0.12919951257274E-02
 0.13921973059623E-02
 0.14982157553168E-02
 0.16123779916165E-02
 0.17351624123009E-02
 0.18641970147875E-02
 0.20008513707930E-02
 0.21477072629566E-02
 0.23032541120418E-02
 0.24691354791594E-02
 0.26454868590653E-02
 0.28329570263417E-02
 0.30325438783247E-02
 0.32440250754743E-02
 0.34687390177989E-02
 0.37068066306111E-02
 0.39601879062720E-02
 0.42290913023728E-02
 0.45135777496561E-02
 0.48127604165244E-02
 0.51324765108796E-02
 0.54714890046595E-02
 0.58287332928443E-02
 0.62032999033415E-02
 0.65985119369776E-02
 0.70153050877373E-02
 0.74510024506147E-02
 0.79059549321330E-02
 0.83784666872526E-02
 0.88658427015260E-02
 0.93704025089210E-02
 0.98844971536812E-02
 0.10394283848165E-01
 0.10893142225518E-01
 0.11375385289215E-01
 0.11817678774243E-01
 0.12200928435395E-01
 0.12490913322359E-01
 0.12689098580994E-01
 0.12849925874044E-01
 0.13070667048929E-01
 0.13439704986261E-01
 0.14125654446019E-01
 0.15702699901474E-01
 0.19120375066145E-01
 0.25161354176722E-01
 0.33642380141053E-01
 0.43355268457180E-01
 0.52699369283359E-01
 0.60533982344696E-01
 0.66484647743447E-01
 0.70735523310970E-01
 0.73736772339177E-01
 0.75920943233430E-01
 0.77612741006381E-01
 0.79040281835277E-01
 0.80344805296752E-01
 0.81591038898298E-01
 0.82822205990225E-01
 0.84074802985106E-01
 0.85357235673890E-01
 0.86661322019083E-01
 0.87992501760406E-01
 0.89347758787545E-01
 0.90722702751449E-01
 0.92108322404255E-01
 0.93503043232585E-01
 0.94906127312920E-01
 0.96322459922116E-01
 0.97729062965449E-01
 0.99140308538651E-01
 0.10054180772620E+00
 0.10193676677878E+00
 0.10331961689708E+00
 0.10469477862265E+00
 0.10605678066910E+00
 0.10740627883254E+00
 0.10873875871654E+00
 0.11005857704307E+00
 0.11135962181285E+00
 0.11264543503835E+00
 0.11391168251222E+00
 0.11516217854145E+00
 0.11639632725211E+00
 0.11760568266977E+00
 0.11880024511454E+00
 0.11997866128933E+00
 0.12113707326235E+00
 0.12227686887027E+00
 0.12339695226267E+00
 0.12450083984745E+00
 0.12558735014116E+00
 0.12665591386755E+00
 0.12770599239292E+00
 0.12873890043526E+00
 0.12975515058234E+00
 0.13075434600321E+00
 0.13173637235554E+00
 0.13270330106691E+00
 0.13365451352980E+00
 0.13458906849659E+00
 0.13550904800053E+00
 0.13641334967034E+00
 0.13730467824936E+00
 0.13818065668200E+00
 0.13904145359747E+00
 0.13988923604287E+00
 0.14072182266260E+00
 0.14154415359485E+00
 0.14235171014390E+00
 0.14314623319149E+00
 0.14392929932803E+00
 0.14469983747443E+00
 0.14545722209088E+00
 0.14620436129982E+00
 0.14693976472164E+00
 0.14766387826283E+00
 0.14837657550307E+00
 0.14907930935524E+00
 0.14977136155125E+00
 0.15045230298658E+00
 0.15112462968849E+00
 0.15178582664877E+00
 0.15243805762118E+00
 0.15308073559597E+00
 0.15371395018891E+00
 0.15433813600985E+00
 0.15495309644573E+00
 0.15556018076308E+00
 0.15615828211706E+00
 0.15674796772171E+00
 0.15733003555936E+00
 0.15790357801567E+00
 0.15846901372194E+00
 0.15902721212295E+00
 0.15957696066325E+00
 0.16012089267205E+00
 0.16065671641048E+00
 0.16118527724757E+00
 0.16170697852382E+00
 0.16222172001019E+00
 0.16272959241353E+00
 0.16323089500977E+00
 0.16372627198620E+00
 0.16421490482912E+00
 0.16469735804637E+00
 0.16517386710132E+00
 0.16564361104280E+00
 0.16610799191296E+00
 0.16656701656603E+00
 0.16701992471970E+00
 0.16746715839821E+00
 0.16790919234086E+00
 0.16834526407547E+00
 0.16877653930894E+00
 0.16920262969289E+00
 0.16962326597811E+00
 0.17003930516127E+00
 0.17044995826536E+00
 0.17085585454521E+00
 0.17125720740027E+00
 0.17165367958188E+00
 0.17204616524326E+00
 0.17243305824541E+00
 0.17281578759110E+00
 0.17319453384042E+00
 0.17356881607605E+00
 0.17393873675079E+00
 0.17430456308181E+00
 0.17466620241860E+00
 0.17502417631290E+00
 0.17537763288128E+00
 0.17572767821613E+00
 0.17607350609059E+00
 0.17641546480214E+00
 0.17675415861676E+00
 0.17708890719512E+00
 0.17742009420811E+00
 0.17774773793494E+00
 0.17807183591751E+00
 0.17839241359765E+00
 0.17870966178053E+00
 0.17902358570773E+00
 0.17933433292792E+00
 0.17964190749366E+00
 0.17994607167536E+00
 0.18024689155043E+00
 0.18054507043270E+00
 0.18083994853112E+00
 0.18113203639725E+00
 0.18142099669102E+00
 0.18170712029399E+00
 0.18199015614542E+00
 0.18227079987483E+00
 0.18254841570566E+00
 0.18282304636960E+00
 0.18309537934090E+00
