 0.00000000000000E+00
 0.00000000000000E+00
 0.00000000000000E+00
-0.69920023441879E-26
-0.30644702298698E-25
 0.47579795250096E-22
-0.46455309690271E-22
 0.25244700818072E-21
-0.87797682969263E-08
 0.37755098361379E-07
 0.23945313291216E-07
 0.82130798211256E-07
 0.70658421155982E-07
-0.46660446754543E-07
 0.32216749060025E-07
-0.42821834069988E-07
-0.54898772617094E-07
-0.29555150170046E-07
 0.56785481802466E-07
-0.84480649337247E-07
 0.16720915693864E-06
-0.17684330465050E-07
-0.73427947623797E-07
-0.13832874716982E-06
 0.95248761168744E-07
-0.24141827785692E-06
-0.60989412399853E-07
-0.14622925050021E-06
 0.66945782719845E-08
 0.16482792340256E-06
 0.16065021370509E-06
-0.10357951119670E-06
-0.23396734318250E-06
 0.10388802450254E-06
 0.42203939261887E-08
 0.53966975107091E-07
 0.46738712728139E-06
 0.22772420839774E-06
 0.34304698556207E-06
 0.43206499848247E-06
-0.39288561606906E-06
 0.12265085987920E-05
-0.65651698284675E-07
-0.58154097942573E-06
-0.53115614064076E-08
 0.55565600525893E-06
 0.10142562976408E-05
-0.50074997210711E-06
 0.45216862830418E-06
 0.11873762282415E-05
 0.18644500282256E-05
 0.21651470101948E-05
 0.23507204629096E-05
 0.28634118665904E-05
 0.22918163995483E-05
 0.36911048908103E-05
 0.57021382762794E-05
 0.58603262210012E-05
 0.79048375113775E-05
 0.10116949842331E-04
 0.10985321176772E-04
 0.13267414973558E-04
 0.16137728690927E-04
 0.19156627758832E-04
 0.21562415063540E-04
 0.27322297162046E-04
 0.30373811375155E-04
 0.33189613105675E-04
 0.39409678075361E-04
 0.46039198452165E-04
 0.50780505165074E-04
 0.59168620906842E-04
 0.68904337632895E-04
 0.77028866943638E-04
 0.82212747628462E-04
 0.91902168763953E-04
 0.11225898271104E-03
 0.13270563045254E-03
 0.12444984525032E-03
 0.15753164067670E-03
 0.16791018242252E-03
 0.18764561179221E-03
 0.20944834860373E-03
 0.23000323270104E-03
 0.25953651974924E-03
 0.28388508865508E-03
 0.31441961744735E-03
 0.34841078243694E-03
 0.38156410261183E-03
 0.41244081226191E-03
 0.44423614255594E-03
 0.50834429921436E-03
 0.54387314223821E-03
 0.60598244534564E-03
 0.65599540033879E-03
 0.71718543280610E-03
 0.77361167262297E-03
 0.84326620953253E-03
 0.92388764347341E-03
 0.98996551167575E-03
 0.10722103829244E-02
 0.11520401193961E-02
 0.12931037341846E-02
 0.13557592091971E-02
 0.14592118196235E-02
 0.16341047712722E-02
 0.17619291375246E-02
 0.18051135493045E-02
 0.19828117788351E-02
 0.22135729615605E-02
 0.23494146133618E-02
 0.25567770428082E-02
 0.27423506504046E-02
 0.29545154637636E-02
 0.31693685071865E-02
 0.33733257879121E-02
 0.36386957529867E-02
 0.38961925735340E-02
 0.42349248722129E-02
 0.45123698385621E-02
 0.47754469001391E-02
 0.50762185542563E-02
 0.56274802056093E-02
 0.59514345371126E-02
 0.62046182244790E-02
 0.64939877051491E-02
 0.69979344005253E-02
 0.74123200976399E-02
 0.76350777769589E-02
 0.78825672910722E-02
 0.79922916772430E-02
 0.80357998626585E-02
 0.80481632193153E-02
 0.72553564705752E-02
 0.57112187056445E-02
 0.41343538477609E-02
 0.19244754382783E-02
-0.19029170240664E-02
-0.65454090311658E-02
-0.12025219417772E-01
-0.15684012244392E-01
-0.19411849488833E-01
-0.30312359830853E-01
-0.52834249182764E-01
-0.62356718024479E-01
 0.11680323190388E-02
 0.16922780110066E+00
 0.38768757691852E+00
 0.53816607618558E+00
 0.54459402869438E+00
 0.42462837527137E+00
 0.26047694642877E+00
 0.12196728717145E+00
 0.34067885958755E-01
-0.75263815610385E-02
-0.22756621568978E-01
-0.24196415229571E-01
-0.19259019677424E-01
-0.13610364093506E-01
-0.89705577793176E-02
-0.36779484347671E-02
 0.19407810282758E-02
 0.59818259808898E-02
 0.84329451572526E-02
 0.11834416746662E-01
 0.14254349324502E-01
 0.16152288540934E-01
 0.17353288777338E-01
 0.19257038561494E-01
 0.21207066103462E-01
 0.22800303376304E-01
 0.22553356626195E-01
 0.24151761784171E-01
 0.24015161642897E-01
 0.24678394396863E-01
 0.24965175317682E-01
 0.25956568026565E-01
 0.26117447431134E-01
 0.26349955546345E-01
 0.26289172330450E-01
 0.26686251995122E-01
 0.26437304704678E-01
 0.26638984872138E-01
 0.26460749890448E-01
 0.26722269942031E-01
 0.26656914382746E-01
 0.25981204964405E-01
 0.26780605682166E-01
 0.26735130315045E-01
 0.26223043852204E-01
 0.26229209265547E-01
 0.26060028414212E-01
 0.26389133602172E-01
 0.26250770156609E-01
 0.25930838453986E-01
 0.25662149749348E-01
 0.25646228621485E-01
 0.25611505218956E-01
 0.25437111177552E-01
 0.25408901363563E-01
 0.25488530232370E-01
 0.25368582172938E-01
 0.25086202828802E-01
 0.25157028438202E-01
 0.25036853804273E-01
 0.25009444195507E-01
 0.24485146504822E-01
 0.24368821462995E-01
 0.24430614859841E-01
 0.24315877276942E-01
 0.24627664878625E-01
 0.24111734208120E-01
 0.24049271492505E-01
 0.24100805964417E-01
 0.23861478512387E-01
 0.23699215109789E-01
 0.23866591355889E-01
 0.23640770258035E-01
 0.23546361026639E-01
 0.23437332390810E-01
 0.23501890445476E-01
 0.23296612895287E-01
 0.23191452539209E-01
 0.23261574541389E-01
 0.22964405590291E-01
 0.23037243760702E-01
 0.22830197252903E-01
 0.22811773861161E-01
 0.22751805240300E-01
 0.22693288072893E-01
 0.22755127256861E-01
 0.22515433754675E-01
 0.22477622856213E-01
 0.22504043489488E-01
 0.22260668155638E-01
 0.22245953859239E-01
 0.22251702832186E-01
 0.22100281270847E-01
 0.22377142178257E-01
 0.21980423343917E-01
 0.21922417573259E-01
 0.21880193374460E-01
 0.21826115879673E-01
 0.21795626927213E-01
 0.21886593793922E-01
 0.21848855437101E-01
 0.21649531673053E-01
 0.21605634696266E-01
 0.21582902578166E-01
 0.21478737977278E-01
 0.21691203608756E-01
 0.21631127972519E-01
 0.21390114050000E-01
 0.21372067290323E-01
 0.21335060190212E-01
 0.21180023600091E-01
 0.21365923831990E-01
 0.21239331082955E-01
 0.21103384682280E-01
 0.21147993255866E-01
 0.21008688876635E-01
 0.21063578754070E-01
 0.21062569062157E-01
 0.20968453787773E-01
 0.20937345917312E-01
 0.20661285977240E-01
 0.20857682570868E-01
 0.20914030242749E-01
 0.20757070497570E-01
 0.20764271185118E-01
 0.20689716735210E-01
 0.20719655852679E-01
 0.20722601570574E-01
 0.20565342137119E-01
 0.20603065266237E-01
 0.20477271083713E-01
 0.20501219611339E-01
 0.20565134963821E-01
 0.20398551498027E-01
 0.20414360237900E-01
 0.20341908159059E-01
 0.20288283263692E-01
 0.20290054495169E-01
 0.20324408210407E-01
 0.20280265252593E-01
 0.20258892392382E-01
 0.20262950675445E-01
 0.20116668593629E-01
 0.20078405384675E-01
 0.20271925055030E-01
 0.20090398478167E-01
 0.20121405414333E-01
 0.20020281143843E-01
 0.20007688445688E-01
 0.19968874596933E-01
 0.20053412548521E-01
 0.19867115886325E-01
 0.19866194273857E-01
 0.19916693344197E-01
 0.19781505729965E-01
