 0.00000000000000E+00
 0.00000000000000E+00
 0.00000000000000E+00
 0.54455479683507E-25
 0.15910674526963E-24
-0.16797936460751E-21
 0.12321736083414E-21
-0.51814762704788E-21
-0.68276967836412E-09
-0.43902189074219E-07
-0.79310896822551E-07
-0.67854778702132E-07
-0.32123526014820E-07
-0.16605005482359E-07
-0.11630547195243E-07
-0.70436916217489E-07
 0.78410765286765E-07
-0.90223151131806E-08
-0.49815057912127E-08
 0.11739915311019E-07
 0.52044243917356E-08
 0.32654732275705E-08
-0.11635527820905E-07
 0.16621779371378E-07
 0.34038001028751E-08
 0.17289027667694E-08
-0.37781567618914E-08
 0.65816834568376E-08
 0.10416093789528E-08
-0.67350823744366E-08
 0.18204959047840E-07
 0.12307834931117E-07
 0.23770892971284E-07
-0.87083392837541E-08
 0.17328671545748E-07
 0.13295542707865E-07
 0.15646362805432E-07
 0.23843699371159E-07
 0.20477935183714E-07
 0.40725189461972E-07
 0.19508624743659E-07
 0.11170770632496E-07
 0.47087605833376E-07
-0.65239382391121E-08
 0.47701609733830E-07
 0.17135780198958E-06
 0.21360078796943E-06
 0.22698430711439E-06
 0.28036514968624E-06
 0.34811171851040E-06
 0.50369073479998E-06
 0.70220004373200E-06
 0.88631427716704E-06
 0.11531541005560E-05
 0.14386113177156E-05
 0.18320270803310E-05
 0.22915314646960E-05
 0.28589398915250E-05
 0.35239520439951E-05
 0.42701207469533E-05
 0.52406113791078E-05
 0.63026442916848E-05
 0.75492359376372E-05
 0.90218050558359E-05
 0.10698924960113E-04
 0.12638987769497E-04
 0.14833461885185E-04
 0.17364364019270E-04
 0.20207533425292E-04
 0.23520618700705E-04
 0.27163210002408E-04
 0.31255388386439E-04
 0.35950383162821E-04
 0.41111575358366E-04
 0.46976553455348E-04
 0.53424137324783E-04
 0.60412501997102E-04
 0.68593205441172E-04
 0.76930892274922E-04
 0.87177100037708E-04
 0.97503217362095E-04
 0.10927352519189E-03
 0.12210578462235E-03
 0.13614980318717E-03
 0.15145211317829E-03
 0.16815889806116E-03
 0.18649336782456E-03
 0.20630742370740E-03
 0.22792665692813E-03
 0.25119468524048E-03
 0.27645090852362E-03
 0.30407142322645E-03
 0.33371598755827E-03
 0.36565751112583E-03
 0.40025816694057E-03
 0.43751470200769E-03
 0.47757357604819E-03
 0.52092890285886E-03
 0.56728174224848E-03
 0.61720764518704E-03
 0.67082783206028E-03
 0.72841522331313E-03
 0.79003061628745E-03
 0.85615908880073E-03
 0.92689778126415E-03
 0.10024688761299E-02
 0.10838605777520E-02
 0.11697427305274E-02
 0.12622904162167E-02
 0.13620807976375E-02
 0.14678037687448E-02
 0.15803045013988E-02
 0.17003629709076E-02
 0.18288712363163E-02
 0.19658165097300E-02
 0.21117430595654E-02
 0.22670264872432E-02
 0.24322376564127E-02
 0.26083546136955E-02
 0.27959809064814E-02
 0.29952711165602E-02
 0.32072018793946E-02
 0.34331136168138E-02
 0.36730500700881E-02
 0.39268273508443E-02
 0.41960576744135E-02
 0.44836217882920E-02
 0.47881976651839E-02
 0.51084495484288E-02
 0.54489061051431E-02
 0.58084633897890E-02
 0.61881799919919E-02
 0.65876943636994E-02
 0.70060758728817E-02
 0.74431625074681E-02
 0.79001777405177E-02
 0.83776636866282E-02
 0.88688071368096E-02
 0.93716015772601E-02
 0.98773838493472E-02
 0.10387085195999E-01
 0.10894607048719E-01
 0.11387432827400E-01
 0.11857849140069E-01
 0.12322626029433E-01
 0.12810697550666E-01
 0.13393956467826E-01
 0.14180894405842E-01
 0.15359246361329E-01
 0.17220693464980E-01
 0.20114098729805E-01
 0.24257816468207E-01
 0.29492470856475E-01
 0.35265013097218E-01
 0.40961456456817E-01
 0.46137117874414E-01
 0.50608491268734E-01
 0.54421724130004E-01
 0.57714899511597E-01
 0.60596182969039E-01
 0.63203298596444E-01
 0.65627790756719E-01
 0.67906170300076E-01
 0.70082415396483E-01
 0.72185800327977E-01
 0.74237919528645E-01
 0.76242785906019E-01
 0.78203389369971E-01
 0.80127277763382E-01
 0.82022742115316E-01
 0.83885857304669E-01
 0.85713610453493E-01
 0.87514467064505E-01
 0.89290145071129E-01
 0.91034320719832E-01
 0.92749979698452E-01
 0.94437155336784E-01
 0.96095510616878E-01
 0.97726596920722E-01
 0.99327777278317E-01
 0.10090130204810E+00
 0.10244681489367E+00
 0.10396481078224E+00
 0.10545373816798E+00
 0.10691500281434E+00
 0.10834941008005E+00
 0.10975723370380E+00
 0.11113973928665E+00
 0.11249530669570E+00
 0.11382284608360E+00
 0.11512836268618E+00
 0.11640800922127E+00
 0.11766350791803E+00
 0.11889548141646E+00
 0.12010324349794E+00
 0.12128859714820E+00
 0.12245224593348E+00
 0.12359333791895E+00
 0.12471325244443E+00
 0.12581304637325E+00
 0.12689181386644E+00
 0.12795096812429E+00
 0.12899054473389E+00
 0.13001112116381E+00
 0.13101494241707E+00
 0.13199872998946E+00
 0.13296621341341E+00
 0.13391624325142E+00
 0.13485006138136E+00
 0.13576742060908E+00
 0.13666893434221E+00
 0.13755493763836E+00
 0.13842568763968E+00
 0.13928252804422E+00
 0.14012415733361E+00
 0.14095278777044E+00
 0.14176760977652E+00
 0.14256839104865E+00
 0.14335718320870E+00
 0.14413261257124E+00
 0.14489605049992E+00
 0.14564729133146E+00
 0.14638697533531E+00
 0.14711454778257E+00
 0.14783072002245E+00
 0.14853641064084E+00
 0.14923169696901E+00
 0.14991635041540E+00
 0.15059081492633E+00
 0.15125485038471E+00
 0.15190898112121E+00
 0.15255387861463E+00
 0.15318915191975E+00
 0.15381570905679E+00
 0.15443245824513E+00
 0.15504116693282E+00
 0.15564094877898E+00
 0.15623270739863E+00
 0.15681572531655E+00
 0.15739070975785E+00
 0.15795766977027E+00
 0.15851743224084E+00
 0.15906904571892E+00
 0.15961322059555E+00
 0.16015067309392E+00
 0.16068059297132E+00
 0.16120341788142E+00
 0.16171936051000E+00
 0.16222906408682E+00
 0.16273155789620E+00
 0.16322759953767E+00
 0.16371741447285E+00
 0.16420079515836E+00
 0.16467852296079E+00
 0.16515011898474E+00
 0.16561555997131E+00
 0.16607552750231E+00
 0.16652894100840E+00
 0.16697793931070E+00
 0.16742081548659E+00
 0.16785828763235E+00
 0.16829083208902E+00
 0.16871777707922E+00
 0.16913959961493E+00
 0.16955682362703E+00
 0.16996868844794E+00
 0.17037588123296E+00
 0.17077827435096E+00
 0.17117587783907E+00
 0.17156917936319E+00
 0.17195749295765E+00
 0.17234183060208E+00
 0.17272169247938E+00
 0.17309721385345E+00
 0.17346851297739E+00
 0.17383546162366E+00
 0.17419868510679E+00
 0.17455711779613E+00
 0.17491240520304E+00
 0.17526354050241E+00
 0.17561071057564E+00
 0.17595397958724E+00
 0.17629376826923E+00
 0.17662984996458E+00
 0.17696239373724E+00
 0.17729124331600E+00
 0.17761689820912E+00
 0.17793891694309E+00
 0.17825780167617E+00
 0.17857272103995E+00
 0.17888504164569E+00
 0.17919367098570E+00
 0.17949931265144E+00
 0.17980150156145E+00
 0.18010092139822E+00
 0.18039714855021E+00
 0.18069068992100E+00
 0.18098116324931E+00
 0.18126867218188E+00
 0.18155295849345E+00
