 0.00000000000000E+00
 0.00000000000000E+00
 0.00000000000000E+00
-0.45874527380216E-26
-0.20105989178176E-25
 0.31217103663588E-22
-0.30479328687787E-22
 0.16563048206737E-21
 0.44166078498290E-09
 0.30189403172694E-07
 0.58723839503081E-07
 0.38469267223694E-07
 0.20609387274131E-07
 0.21746205937990E-07
 0.57102854979557E-08
 0.85619748960870E-07
-0.12280620776412E-06
 0.15271442902762E-07
-0.94020235979447E-09
-0.39288269182115E-07
-0.85709454455662E-08
-0.11751489117118E-07
 0.34988362310051E-07
-0.15270227309666E-07
-0.21638726435068E-07
 0.15969316271037E-07
 0.25674798635084E-07
-0.22202864356537E-07
 0.85964491081531E-08
 0.20634030261066E-07
-0.95726990836645E-07
-0.69180456754756E-07
-0.15460639782889E-06
 0.84248268049496E-07
-0.13915143151681E-06
-0.83336802805658E-07
-0.14360209431365E-06
-0.10653791016063E-06
-0.14017231111417E-06
-0.17652441382969E-06
 0.11942744831992E-08
 0.25206261593320E-06
-0.28002402415046E-06
 0.50143993266306E-06
 0.72732884081547E-06
-0.34830831294164E-06
-0.44236325678662E-06
 0.45328578099265E-07
 0.56275007147297E-06
 0.11069013449584E-05
 0.74588526667801E-06
 0.36670237629301E-06
 0.92743713682920E-06
 0.10710284092327E-05
 0.19687728555565E-05
 0.20076822669871E-05
 0.24161772905703E-05
 0.27517240337078E-05
 0.34291461440349E-05
 0.47599296612804E-05
 0.45693681716508E-05
 0.62818461274876E-05
 0.76585063978945E-05
 0.86781603646112E-05
 0.10568648118478E-04
 0.12045687488027E-04
 0.14888919907585E-04
 0.17365523410926E-04
 0.20951731000700E-04
 0.22934889097663E-04
 0.27496614184408E-04
 0.32469963030548E-04
 0.35718068801666E-04
 0.42182480345543E-04
 0.45465330432290E-04
 0.52087327727203E-04
 0.66750598271453E-04
 0.62247875017808E-04
 0.83886914169186E-04
 0.79805326861553E-04
 0.98576630506534E-04
 0.10850802103049E-03
 0.12074052405768E-03
 0.13493299545936E-03
 0.15153922163331E-03
 0.17011174840742E-03
 0.18437360291893E-03
 0.20546732514698E-03
 0.22525280108478E-03
 0.25294099018585E-03
 0.28330473292138E-03
 0.30296447321692E-03
 0.33423552111278E-03
 0.37147369472602E-03
 0.40650422823117E-03
 0.44615262078400E-03
 0.49200624020490E-03
 0.52911916993559E-03
 0.58369651102074E-03
 0.63611250022906E-03
 0.69043235435576E-03
 0.74941918313029E-03
 0.81315652775959E-03
 0.88312595483072E-03
 0.96403827590204E-03
 0.10570099543870E-02
 0.11137481753029E-02
 0.12496431129164E-02
 0.13588444612814E-02
 0.14219777229274E-02
 0.15477789280224E-02
 0.16706165991558E-02
 0.18202388774302E-02
 0.19502495184289E-02
 0.21010168282641E-02
 0.22540287712756E-02
 0.24318859424341E-02
 0.26340474354248E-02
 0.28386060510518E-02
 0.30468116056321E-02
 0.32898026238149E-02
 0.35562658956856E-02
 0.37835715724974E-02
 0.40079683284315E-02
 0.43339589937314E-02
 0.47133322447397E-02
 0.49724572376190E-02
 0.52638557545237E-02
 0.57102115410399E-02
 0.60172142147157E-02
 0.63591671202571E-02
 0.66488862969314E-02
 0.68845768062662E-02
 0.71802639267032E-02
 0.75449263168402E-02
 0.77333100001427E-02
 0.75178365706599E-02
 0.71957444497447E-02
 0.64478457679664E-02
 0.59736382619681E-02
 0.48251709737476E-02
 0.28753258859321E-02
 0.10522749126229E-02
-0.10438735935381E-03
-0.14456122683148E-02
-0.23334642159775E-02
-0.21675615606754E-02
 0.61774848247573E-02
 0.34709132298949E-01
 0.90899807418702E-01
 0.16218497861368E+00
 0.21715622707453E+00
 0.23192258043974E+00
 0.21073681426465E+00
 0.16911634575679E+00
 0.12623031134780E+00
 0.92839557426571E-01
 0.69558803371476E-01
 0.53163165023776E-01
 0.45189212828017E-01
 0.40393575560692E-01
 0.36340053521277E-01
 0.34878749615858E-01
 0.34519575732764E-01
 0.34536994605755E-01
 0.34060841575223E-01
 0.33874826560138E-01
 0.34094956759713E-01
 0.34620519523308E-01
 0.34222296433461E-01
 0.33968790930535E-01
 0.34420108341299E-01
 0.34441193743156E-01
 0.34129964174109E-01
 0.33929650660623E-01
 0.33694399265058E-01
 0.33527926643250E-01
 0.33280630216284E-01
 0.32836948987183E-01
 0.32627128648908E-01
 0.32393552846555E-01
 0.31954608284028E-01
 0.31590913105085E-01
 0.31408164016048E-01
 0.31145949291801E-01
 0.30940894018429E-01
 0.30641083457214E-01
 0.30267222288483E-01
 0.29946739706957E-01
 0.29948517639665E-01
 0.29433387260380E-01
 0.29274522760528E-01
 0.28936165802677E-01
 0.28650345789945E-01
 0.28502295812534E-01
 0.28246719127536E-01
 0.27900228346409E-01
 0.27771895832460E-01
 0.27576606159437E-01
 0.27249396072602E-01
 0.27125691171422E-01
 0.26902076355141E-01
 0.26794386378121E-01
 0.26721791199412E-01
 0.26228964602901E-01
 0.26291447407144E-01
 0.26098632326494E-01
 0.25956528164508E-01
 0.25744628117650E-01
 0.25602570321545E-01
 0.25446633525399E-01
 0.25337921012758E-01
 0.25267927643495E-01
 0.24993903556376E-01
 0.24975543635791E-01
 0.24743261629133E-01
 0.24577303603730E-01
 0.24542347197717E-01
 0.24324695896947E-01
 0.24262013876964E-01
 0.24126637254010E-01
 0.23989928380935E-01
 0.23859635351766E-01
 0.23811394963860E-01
 0.23860297029402E-01
 0.23739084201178E-01
 0.23529216199514E-01
 0.23410997664189E-01
 0.23263596558148E-01
 0.23214182023959E-01
 0.23210620221579E-01
 0.23085580194781E-01
 0.23044799522543E-01
 0.22872245750686E-01
 0.22916146307332E-01
 0.22777521364397E-01
 0.22742041710210E-01
 0.22565818564136E-01
 0.22527542993789E-01
 0.22481802092019E-01
 0.22501934555853E-01
 0.22321806883982E-01
 0.22309938834919E-01
 0.22316943292331E-01
 0.22153052235161E-01
 0.22103617671167E-01
 0.22063928800664E-01
 0.22045336400770E-01
 0.21847321945422E-01
 0.21861495005792E-01
 0.21848405414794E-01
 0.21807654105126E-01
 0.21821764142557E-01
 0.21670154031515E-01
 0.21555567948059E-01
 0.21540362115241E-01
 0.21453743857216E-01
 0.21604872366613E-01
 0.21390174833026E-01
 0.21387724956335E-01
 0.21373553916442E-01
 0.21237019139909E-01
 0.21243958629701E-01
 0.21251121916562E-01
 0.21106416079635E-01
 0.21126614624197E-01
 0.21110960662059E-01
 0.21062686609754E-01
 0.21067614011403E-01
 0.20936482253796E-01
 0.21036795952385E-01
 0.20931222293272E-01
 0.20839918040938E-01
 0.20800694111511E-01
 0.20747336201809E-01
 0.20750703850464E-01
 0.20608714734020E-01
 0.20785832859233E-01
 0.20626497079244E-01
 0.20562108361900E-01
 0.20591884681450E-01
 0.20643333343518E-01
 0.20565257884126E-01
 0.20559491519351E-01
 0.20483856587457E-01
 0.20473697779958E-01
 0.20343478847768E-01
 0.20335639928080E-01
 0.20205703562107E-01
 0.20306188932280E-01
 0.20146522643704E-01
 0.20194297193584E-01
 0.20154986792085E-01
 0.20249939347617E-01
 0.20179028862669E-01
 0.20200922331810E-01
 0.20082809576020E-01
 0.20015205203704E-01
 0.19975985153600E-01
 0.20100325403247E-01
