 0.00000000000000E+00
 0.00000000000000E+00
 0.00000000000000E+00
 0.38272076869687E-24
 0.88532997096144E-25
-0.34921348854590E-23
-0.65345783570963E-23
 0.19403481863571E-22
-0.66760437810277E-22
-0.39568347502170E-21
-0.28502259428770E-21
-0.47973080026497E-20
-0.65552555142203E-20
-0.24952477170137E-19
-0.93800592379368E-19
-0.10848715420165E-18
-0.16439279076796E-18
-0.41044474557753E-18
-0.78175642916283E-18
-0.97862061327753E-18
-0.10204325611815E-17
-0.29608284454893E-17
-0.28926404104440E-17
-0.37262365907405E-17
-0.42332110639167E-17
-0.66887781655454E-17
-0.72662329827897E-17
-0.10034867496962E-16
 0.78150879110946E-09
-0.43769602484114E-08
-0.24978341689028E-08
-0.64625017810833E-10
 0.59604344072199E-08
 0.38629961449351E-07
-0.64582398860536E-08
-0.76717877472137E-08
-0.12744858525182E-07
-0.15506603138630E-07
 0.95574833456947E-08
 0.51667867961745E-10
 0.16866265034193E-07
 0.54098045188182E-08
-0.18687313973576E-07
 0.10404656368591E-07
-0.73804900898336E-08
 0.21514301771664E-07
-0.67182555978382E-08
 0.16551526282477E-08
-0.35828914686950E-10
-0.19977480571482E-07
 0.26328435137328E-07
 0.54967909674063E-09
-0.26303980834736E-08
 0.85954878917064E-08
 0.22873595359996E-07
-0.66061586628511E-08
-0.10912674049488E-07
-0.85320303426701E-08
-0.13308026302803E-07
 0.11464466509719E-07
-0.99536067897628E-08
-0.23720287749822E-07
 0.28676228433625E-07
-0.14407771702433E-07
 0.12409186012722E-07
-0.13781505442298E-07
-0.86028181879758E-09
-0.48568564826240E-07
-0.67685950477291E-07
 0.20870079776464E-07
-0.18748246569927E-07
-0.40559326908111E-07
-0.23725697226473E-07
-0.48509355569648E-07
-0.21940848949513E-07
-0.30661383565805E-07
 0.13172432598377E-07
-0.10815309923956E-07
-0.43238679941848E-07
 0.13228534998479E-07
-0.14925337894753E-07
 0.35881951856330E-07
-0.97216730992836E-07
-0.14593029874537E-07
-0.57521851475270E-07
 0.24032433245448E-07
-0.22075087424604E-07
-0.27863240301540E-07
-0.34482695271041E-07
 0.50754902909094E-07
 0.27649098833288E-08
-0.80304265916241E-09
-0.47004142016047E-07
-0.19476521235225E-07
-0.78392525788379E-07
 0.35697024627111E-07
-0.17726554562685E-09
-0.31323185542448E-08
 0.78212338270370E-08
-0.63684420686314E-08
 0.90774809861523E-07
-0.39433573149140E-07
-0.12075307722438E-07
-0.14811629736040E-07
-0.37631207894628E-08
-0.33266091231234E-08
-0.32495912715330E-09
-0.49814715811500E-08
 0.72189562410399E-08
-0.50350824403982E-08
 0.93708607575047E-08
 0.10774154424697E-07
 0.38972876670164E-07
-0.74404700064058E-09
 0.98797252200201E-08
-0.66041519075426E-08
-0.17068094396766E-06
 0.22625696535493E-06
 0.13036873992143E-07
 0.11182609428831E-06
 0.38220890937801E-08
 0.66578071211798E-08
 0.49651055542420E-08
-0.76658126028773E-07
-0.22093700911597E-06
-0.10342400568851E-07
 0.22774104537354E-06
-0.62930605141685E-08
 0.10819164191916E-07
-0.67557565451539E-08
 0.27566248640878E-07
 0.61626774585647E-08
 0.39841546528326E-07
 0.47889444525827E-09
-0.70884624502319E-07
-0.16890795349323E-07
 0.34819958117078E-08
-0.10064119515276E-08
 0.15498234818281E-09
 0.62523164373559E-07
 0.24493402544239E-06
 0.16200927869784E-06
-0.38840018983635E-06
-0.27613913099014E-05
 0.66125869861188E-07
-0.25104891766774E-06
 0.13660278081936E-06
-0.47304522424890E-06
-0.90349863541124E-06
-0.58959240209187E-06
-0.76638828955166E-06
 0.42304166036391E-06
-0.71117511543025E-06
 0.80042577716359E-06
 0.12708634077383E-06
-0.17509829401982E-06
 0.42474643758812E-06
-0.52488363209813E-06
-0.45916638761414E-07
 0.18047556440698E-06
 0.94536083818335E-06
 0.89809994441684E-07
 0.15835387998259E-08
-0.23906721802994E-06
 0.45048576570846E-06
-0.22677512158382E-06
 0.99476823626155E-07
-0.42065778717956E-06
-0.90448899708774E-06
 0.91838070418570E-07
-0.32484763354296E-06
 0.28989542409374E-06
-0.53888469509474E-06
-0.68364523101568E-06
 0.20762970447415E-06
-0.46744630229014E-07
-0.15944849672454E-06
 0.32652754344401E-06
 0.21823648908802E-06
 0.11642260320629E-06
 0.14429152626295E-06
 0.77004890804148E-07
 0.48123333080467E-07
-0.38070033376470E-06
 0.85076609320517E-07
 0.12099343403437E-06
-0.55358221807435E-07
-0.12275562791768E-06
 0.33545754453068E-06
 0.72161600936693E-07
-0.13198214756335E-06
-0.12296163637047E-07
-0.26403975436387E-07
-0.13228751135032E-06
-0.65948305587616E-07
 0.17973635283074E-07
 0.10823441975635E-06
 0.48241346885493E-07
-0.10982065497850E-06
 0.19418039877817E-06
-0.17202863325879E-06
-0.13653085689253E-06
 0.51158880017130E-07
-0.28534275127710E-06
-0.34555396104542E-07
 0.14669874633873E-06
-0.20138250689791E-07
 0.28536088325726E-07
 0.78482872973104E-08
 0.20508161739049E-06
 0.40526150973179E-07
-0.14906674146770E-06
 0.12029915438461E-06
 0.42737468901661E-07
-0.75740573985354E-07
 0.18822607277223E-06
-0.18499564780582E-07
 0.14017045763110E-06
-0.16660252897098E-06
-0.11092171158433E-06
-0.14737024295738E-06
-0.35857369146776E-07
-0.36059724494535E-07
 0.53196598780514E-07
-0.11444200633183E-06
-0.34523836015916E-08
 0.15023744733801E-06
-0.21840246806054E-07
-0.47594300686287E-07
-0.17924065670622E-06
-0.28669338755315E-06
-0.11881406179474E-06
 0.39557662660023E-07
-0.15057569852718E-06
-0.89919874079477E-07
-0.15289624210864E-06
 0.19595081394758E-06
-0.13078523929555E-06
 0.13528853572119E-06
 0.22984756429257E-06
 0.75250189311337E-07
 0.12825243100909E-07
-0.50443348485710E-07
-0.15732960725740E-06
-0.20393034356127E-06
 0.26856646943990E-06
-0.68006791028192E-07
 0.12930145353566E-07
-0.31767994858145E-07
 0.83885181861010E-07
 0.18551293873591E-07
 0.17229526631944E-06
-0.23574823081308E-07
-0.31847935296928E-06
 0.86546846606338E-07
-0.96067794687041E-07
 0.34816521735403E-07
 0.80257363141395E-07
 0.42000063265204E-06
 0.11627453269519E-06
-0.23625274727445E-06
 0.27644249458174E-06
 0.52789272079668E-07
-0.14661336989081E-06
-0.28987171419969E-07
 0.38135324459728E-07
 0.24667389530191E-06
-0.60848592132708E-07
 0.23393013928999E-06
 0.11898108556731E-06
 0.19289430556243E-06
 0.13494381831311E-06
-0.23742670670623E-06
 0.68922693813359E-06
 0.25328601139200E-06
-0.13699029311061E-06
-0.12115263332124E-08
-0.57883288033500E-08
-0.16335366106597E-06
 0.15595767328475E-06
 0.27161256136763E-06
-0.71081835282440E-09
-0.21470325328355E-06
 0.37066210314558E-07
 0.80041750607274E-07
-0.23483915367589E-06
 0.27345270456889E-06
 0.63385262339095E-07
-0.46937494066333E-07
 0.24849926950873E-06
-0.12007280915578E-06
-0.24689626516965E-06
-0.13569553425415E-06
-0.12675512619074E-06
-0.66558269806798E-07
-0.63421502775350E-07
-0.34567999781798E-07
-0.20812966643205E-06
-0.35465815421429E-06
 0.16537754325319E-06
