 0.00000000000000E+00
 0.00000000000000E+00
 0.00000000000000E+00
 0.54123172224776E-24
 0.51585226308020E-24
-0.83291843668052E-23
-0.10180114226095E-22
 0.36791952713235E-22
-0.21728781405941E-09
 0.35410877643317E-09
 0.12295193636804E-08
 0.41613492635416E-08
-0.19626600644562E-09
 0.15813745031170E-07
-0.22800157546751E-07
-0.25750874605048E-08
-0.80785510502163E-08
 0.11535325337627E-07
-0.75219171568868E-07
 0.19285310225986E-07
-0.33497744373869E-07
-0.98739126878060E-08
 0.11722694027632E-07
-0.39808667247559E-07
 0.20987709426281E-07
-0.17587322023965E-07
 0.62099846867229E-08
 0.43806728076791E-07
-0.84110094159995E-09
-0.81701289907726E-07
-0.26749668146547E-07
-0.17562142480347E-07
 0.33629276619772E-07
-0.42807950065920E-07
-0.36163062204206E-07
-0.41955036067049E-08
 0.39860804476139E-07
-0.17920703327292E-07
 0.55671891272480E-07
 0.16793983290895E-07
 0.10280599931133E-07
 0.20764570134840E-07
 0.42106042226258E-07
 0.66221177763659E-07
 0.79398516297153E-08
 0.32241648959781E-07
 0.63598911089994E-07
-0.53366472699826E-07
 0.89405542033285E-07
 0.31698277572262E-06
 0.36029386289759E-06
 0.36409070686853E-06
 0.74053171854460E-06
 0.73494699710076E-06
 0.58348517990100E-06
 0.38855260803510E-06
 0.62266160855678E-06
 0.54358876512691E-06
 0.83858989803469E-06
 0.10542678040468E-05
 0.14155084803091E-05
 0.17024419015035E-05
 0.23551672112469E-05
 0.27208603423415E-05
 0.31938381937385E-05
 0.36868304384391E-05
 0.47498916821993E-05
 0.58261651072473E-05
 0.67831860240341E-05
 0.78889379281131E-05
 0.91510427834352E-05
 0.11088248559460E-04
 0.12855331874838E-04
 0.15004963093420E-04
 0.17550729687715E-04
 0.21001810356064E-04
 0.23517227205334E-04
 0.28043523683665E-04
 0.31485252757822E-04
 0.42266646334835E-04
 0.41008528768660E-04
 0.47825527020114E-04
 0.53077185275039E-04
 0.61047946879652E-04
 0.68401155424538E-04
 0.77506560322923E-04
 0.88071849464348E-04
 0.98742560928410E-04
 0.10931677031827E-03
 0.12268303035049E-03
 0.13649725082791E-03
 0.15372431111693E-03
 0.17030188845535E-03
 0.18784674116977E-03
 0.20734769219378E-03
 0.22923773927321E-03
 0.25588422224087E-03
 0.28120031055438E-03
 0.31122580391447E-03
 0.34124540953330E-03
 0.37320825330219E-03
 0.40916639340920E-03
 0.44846932960735E-03
 0.49386801298977E-03
 0.53815660238251E-03
 0.59305251003244E-03
 0.65726621683385E-03
 0.68281195322839E-03
 0.78617809320874E-03
 0.83272624727993E-03
 0.90435799847431E-03
 0.98419564815661E-03
 0.10689513611945E-02
 0.11637862989407E-02
 0.12575458882218E-02
 0.13610887640971E-02
 0.14736749138349E-02
 0.15953681427037E-02
 0.17267556904502E-02
 0.18592118334450E-02
 0.20140025040121E-02
 0.21681747244803E-02
 0.23725438004802E-02
 0.24519159691679E-02
 0.27491841200651E-02
 0.28786771938014E-02
 0.30873470556381E-02
 0.32903302352599E-02
 0.35043990012250E-02
 0.37173535128190E-02
 0.39392029178266E-02
 0.40699368188287E-02
 0.42613891459467E-02
 0.43541954790421E-02
 0.43879076811498E-02
 0.43612635808498E-02
 0.39216477658415E-02
 0.35384821873094E-02
 0.26327502458665E-02
 0.97317773177878E-03
-0.86695347195200E-03
-0.39143272048125E-02
-0.66041261925314E-02
-0.91931411456454E-02
-0.10991139407993E-01
-0.12024350701449E-01
-0.32103300437585E-02
 0.23918057271954E-01
 0.59940976892866E-01
 0.89404742839090E-01
 0.10356678746336E+00
 0.10834890156776E+00
 0.10568287220219E+00
 0.10095984877922E+00
 0.94365869398926E-01
 0.88733760215652E-01
 0.82831338207734E-01
 0.78153879423939E-01
 0.73121490338696E-01
 0.69560386233052E-01
 0.66116653816954E-01
 0.63107893922435E-01
 0.60631281699837E-01
 0.58017814492467E-01
 0.56246332324046E-01
 0.54178781677360E-01
 0.52445820092244E-01
 0.50983839276402E-01
 0.49543123493495E-01
 0.48284472574618E-01
 0.47047830143310E-01
 0.45966014537328E-01
 0.44874498606910E-01
 0.43922909803659E-01
 0.42972080934691E-01
 0.42089887991270E-01
 0.41274861270358E-01
 0.40416418771339E-01
 0.39661270433155E-01
 0.38956699792747E-01
 0.38228323865405E-01
 0.37587867488714E-01
 0.37065151289349E-01
 0.36131790057419E-01
 0.35695764286159E-01
 0.35120868176816E-01
 0.34567636506880E-01
 0.34052215507372E-01
 0.33543500959843E-01
 0.33080530293479E-01
 0.32599352993845E-01
 0.32170213191742E-01
 0.31741046968609E-01
 0.31353511117260E-01
 0.30951707512060E-01
 0.30588206271644E-01
 0.30238006284829E-01
 0.29895925967077E-01
 0.29573034804245E-01
 0.29266155338620E-01
 0.28963553255476E-01
 0.28682480709759E-01
 0.28416295992496E-01
 0.28144645762241E-01
 0.27890976704031E-01
 0.27654268511940E-01
 0.27423463658377E-01
 0.27198058264585E-01
 0.26977578450457E-01
 0.26783862773482E-01
 0.26577559042197E-01
 0.26385040810090E-01
 0.26199841721448E-01
 0.26034490594855E-01
 0.25859910142539E-01
 0.25692566833744E-01
 0.25535718433479E-01
 0.25377704645602E-01
 0.25231685205750E-01
 0.25092328348710E-01
 0.24945989631348E-01
 0.24817136588758E-01
 0.24687744541999E-01
 0.24561551637446E-01
 0.24440326823251E-01
 0.24320609955358E-01
 0.24208309997274E-01
 0.24098931852619E-01
 0.23991831789795E-01
 0.23885290873086E-01
 0.23784051431877E-01
 0.23686613119863E-01
 0.23595547278272E-01
 0.23498021265362E-01
 0.23404041205605E-01
 0.23316347371463E-01
 0.23234011269011E-01
 0.23143604050396E-01
 0.23067219490946E-01
 0.22987948167000E-01
 0.22907272846109E-01
 0.22840077246369E-01
 0.22756118976909E-01
 0.22684547078352E-01
 0.22613706952939E-01
 0.22542095976029E-01
 0.22476836306757E-01
 0.22407542783411E-01
 0.22343340430053E-01
 0.22277812700256E-01
 0.22226026765874E-01
 0.22157764901325E-01
 0.22098694177448E-01
 0.22041917728710E-01
 0.21985984469147E-01
 0.21921216409718E-01
 0.21870743631572E-01
 0.21814771866626E-01
 0.21767346794996E-01
 0.21713818377357E-01
 0.21661109991899E-01
 0.21611955460153E-01
 0.21563572852205E-01
 0.21511436829361E-01
 0.21465357573970E-01
 0.21415145295031E-01
 0.21374066026791E-01
 0.21328522461919E-01
 0.21282251075231E-01
 0.21235017884372E-01
 0.21196509738505E-01
 0.21150286482088E-01
 0.21112329044545E-01
 0.21070906801911E-01
 0.21028006248865E-01
 0.20991539205440E-01
 0.20948786964758E-01
 0.20911147668797E-01
 0.20870952301913E-01
 0.20835728007584E-01
 0.20795111071135E-01
 0.20764897733538E-01
 0.20728463429569E-01
 0.20693464336140E-01
 0.20657916206298E-01
 0.20620271851987E-01
 0.20588273350494E-01
 0.20555215603918E-01
 0.20523153126800E-01
 0.20486824011690E-01
 0.20452530662401E-01
 0.20419609677103E-01
 0.20388454362792E-01
 0.20367441906320E-01
 0.20330505997416E-01
 0.20302626112450E-01
 0.20270093490719E-01
 0.20244460835047E-01
 0.20210127681989E-01
 0.20184078295684E-01
