 0.00000000000000E+00
 0.00000000000000E+00
 0.00000000000000E+00
 0.38545860552113E-26
 0.31585991151489E-25
 0.26321659292907E-25
-0.22026206029779E-26
-0.47033154707326E-24
-0.36068998816947E-23
-0.62563317947941E-22
-0.16483234368446E-21
-0.70826397676915E-21
 0.22670427929278E-11
-0.10646290414886E-11
 0.18640124264215E-10
 0.26164842660164E-10
 0.16363411518018E-10
-0.73180787869038E-11
 0.83927231739191E-11
 0.27428117844646E-11
-0.47819490126083E-11
 0.27816295367915E-10
 0.66660914538193E-11
 0.24337947306362E-10
 0.34447665850500E-10
 0.54715819107120E-09
 0.17356124146128E-08
 0.96342769252983E-08
-0.40200710203818E-07
 0.27738336316241E-08
-0.28923119922473E-08
 0.61636147179870E-08
-0.47890907069481E-08
 0.71111402526503E-10
 0.11997215093600E-09
 0.24099728418757E-09
 0.42339449422720E-09
 0.71446243105125E-09
 0.11848877467040E-08
 0.18641344879185E-08
 0.29318397268259E-08
 0.44867894643731E-08
 0.67291105195008E-08
 0.99216164523915E-08
 0.14355923563054E-07
 0.20424412498245E-07
 0.28611008010078E-07
 0.39511726726509E-07
 0.53815175886440E-07
 0.72410508815369E-07
 0.96223118672514E-07
 0.12641970100451E-06
 0.16627391741947E-06
 0.21163524113525E-06
 0.26989402286378E-06
 0.34114633394920E-06
 0.42761687371623E-06
 0.53177544515248E-06
 0.65306781165749E-06
 0.80442791869997E-06
 0.98190501668188E-06
 0.11845766703964E-05
 0.14242585820417E-05
 0.17033464312748E-05
 0.20242981367861E-05
 0.23942513982720E-05
 0.28179211449767E-05
 0.33009437483253E-05
 0.38494592470300E-05
 0.44699357924320E-05
 0.51694054155885E-05
 0.59549618105619E-05
 0.68344640309031E-05
 0.78150681166019E-05
 0.89164473571369E-05
 0.10120446931106E-04
 0.11461783418682E-04
 0.12970386127284E-04
 0.14573869288582E-04
 0.16360313790969E-04
 0.18326292244898E-04
 0.20168625876786E-04
 0.23036100857128E-04
 0.25896023480483E-04
 0.26705612567083E-04
 0.31979717630514E-04
 0.35455666980568E-04
 0.37980327860362E-04
 0.41778233475075E-04
 0.45889289116168E-04
 0.50347612878212E-04
 0.55112449229850E-04
 0.60270582167472E-04
 0.65752052550734E-04
 0.71642404934556E-04
 0.77994195817281E-04
 0.84743449227537E-04
 0.91964748855466E-04
 0.99678840597646E-04
 0.10791884199986E-03
 0.11670001913233E-03
 0.12598566015142E-03
 0.13591684433971E-03
 0.14656227510810E-03
 0.15770876050972E-03
 0.16966282937102E-03
 0.18229850063961E-03
 0.19564704192822E-03
 0.20984920158308E-03
 0.22492811886434E-03
 0.24075411792661E-03
 0.25761084170995E-03
 0.27545052899093E-03
 0.29411727982514E-03
 0.31398321378290E-03
 0.33497011179756E-03
 0.35708545133537E-03
 0.38037246138234E-03
 0.40496687936822E-03
 0.43086234156355E-03
 0.45823434500760E-03
 0.48700144052666E-03
 0.51705923963017E-03
 0.54910641498710E-03
 0.58263018386393E-03
 0.61791040679877E-03
 0.65499079108145E-03
 0.69400335207576E-03
 0.73501417586941E-03
 0.77715601734558E-03
 0.82400275200863E-03
 0.87052953648618E-03
 0.91349622509814E-03
 0.98245236548215E-03
 0.10280506888789E-02
 0.10856586841100E-02
 0.11461855900399E-02
 0.12095683172592E-02
 0.12760412745959E-02
 0.13457096209043E-02
 0.14188055145064E-02
 0.14952656502527E-02
 0.15752754775989E-02
 0.16592488531602E-02
 0.17464003640373E-02
 0.18386730576279E-02
 0.19345268203277E-02
 0.20347930700431E-02
 0.21394649875705E-02
 0.22488798787670E-02
 0.23620943668164E-02
 0.24812400766322E-02
 0.26048037932167E-02
 0.27334800498739E-02
 0.28666136344789E-02
 0.30053527681015E-02
 0.31485793608439E-02
 0.32938704084136E-02
 0.34537812650937E-02
 0.36036571237501E-02
 0.37666420327502E-02
 0.39273846795140E-02
 0.40931774479050E-02
 0.42597224346363E-02
 0.44264975512986E-02
 0.45922844807310E-02
 0.47552354758323E-02
 0.49141838943515E-02
 0.50670680440485E-02
 0.52116717126839E-02
 0.53476811082287E-02
 0.54715301211178E-02
 0.55829906656088E-02
 0.56806810237886E-02
 0.57636593724262E-02
 0.58311889504816E-02
 0.58839686436486E-02
 0.59220223285870E-02
 0.59458821347542E-02
 0.59565984327195E-02
 0.59555246866499E-02
 0.59435499298098E-02
 0.59218661582454E-02
 0.58910520609332E-02
 0.58541402890518E-02
 0.58105657037729E-02
 0.57609000122009E-02
 0.57082756735792E-02
 0.56510556659717E-02
 0.55903636059441E-02
 0.55278971847973E-02
 0.54622895828972E-02
 0.53954833544010E-02
 0.53258508709359E-02
 0.52557946148157E-02
 0.51854677437209E-02
 0.51113765851404E-02
 0.50388431259748E-02
 0.49651819888078E-02
 0.48867276315990E-02
 0.48156554568676E-02
 0.47410424926968E-02
 0.46658775803394E-02
 0.45910684020530E-02
 0.45161422578358E-02
 0.44414352385888E-02
 0.43690568052145E-02
 0.42951158145462E-02
 0.42239654494491E-02
 0.41523858216661E-02
 0.40827516345079E-02
 0.40139256294697E-02
 0.39468187057086E-02
 0.38803937468997E-02
 0.38155467977205E-02
 0.37524642798296E-02
 0.36911559298832E-02
 0.36308812861523E-02
 0.35729222641092E-02
 0.35153945430443E-02
 0.34610647828376E-02
 0.34074906433658E-02
 0.33553392495715E-02
 0.33051228829461E-02
 0.32564398936607E-02
 0.32090572072958E-02
 0.31635087447405E-02
 0.31206875496776E-02
 0.30777375608358E-02
 0.30348953728975E-02
 0.29947576396384E-02
 0.29557976229447E-02
 0.29181391948640E-02
 0.28817029761923E-02
 0.28465446201700E-02
 0.28119369410200E-02
 0.27788875570267E-02
 0.27467131293112E-02
 0.27158216610722E-02
 0.26853620138641E-02
 0.26560514312268E-02
 0.26277302239444E-02
 0.25997826063508E-02
 0.25730628694498E-02
 0.25468636172016E-02
 0.25214097027161E-02
 0.24967278398018E-02
 0.24726648244944E-02
 0.24493079672775E-02
 0.24264775588705E-02
 0.24042197023827E-02
 0.23825845924814E-02
 0.23614828152841E-02
 0.23408415672224E-02
 0.23206943502465E-02
 0.23010523820779E-02
 0.22818434606315E-02
 0.22631332853957E-02
 0.22447832095560E-02
 0.22268639500978E-02
 0.22093136047556E-02
 0.21921822585506E-02
 0.21753850970670E-02
 0.21589486029963E-02
 0.21428311693249E-02
 0.21270620337905E-02
 0.21115913427988E-02
 0.20964115747191E-02
 0.20815516961200E-02
 0.20669564599209E-02
 0.20526786511593E-02
 0.20385864739417E-02
 0.20248004266883E-02
 0.20112487961640E-02
 0.19979543782619E-02
 0.19848766005190E-02
 0.19720064900893E-02
 0.19593750415147E-02
 0.19469466222039E-02
 0.19347562947912E-02
 0.19227143940707E-02
 0.19108999175444E-02
 0.18992622577103E-02
 0.18878034100241E-02
 0.18765110234744E-02
 0.18654212027682E-02
 0.18544886064972E-02
 0.18436834073777E-02
 0.18331206229895E-02
 0.18226423509445E-02
 0.18122886485142E-02
 0.18021393106657E-02
 0.17921167720730E-02
 0.17822752619611E-02
 0.17725658545795E-02
 0.17629600919960E-02
 0.17534734743422E-02
 0.17441122638075E-02
 0.17348857105322E-02
 0.17258193027301E-02
