 0.00000000000000E+00
 0.00000000000000E+00
 0.00000000000000E+00
 0.75160825659747E-26
 0.45336272262983E-25
 0.45336272262983E-25
-0.75160825659747E-26
-0.85463853196810E-24
-0.12635429345562E-22
-0.92244300334414E-22
-0.44029466203846E-21
-0.20694151308438E-20
-0.19235175280667E-11
-0.22835666246628E-11
-0.17574053375340E-10
-0.95538807796948E-11
 0.46192907965996E-11
-0.12132755814233E-10
-0.17969845095724E-10
 0.12266358572079E-10
-0.16311426519766E-10
 0.18405537446434E-10
-0.19289837406213E-11
 0.11763845445798E-10
 0.19484216348073E-10
-0.10829433508098E-08
 0.58927266955788E-08
-0.65003951815565E-08
 0.22667080808858E-08
-0.26853112351062E-08
 0.14472834057605E-08
-0.13367805731744E-08
-0.26818510766685E-10
 0.10933326657608E-09
 0.24207197189872E-09
 0.38376605049634E-09
 0.72937474836765E-09
 0.12069391609996E-08
 0.20417886030486E-08
 0.33701906877218E-08
 0.53475368001693E-08
 0.83625202492532E-08
 0.12816425515882E-07
 0.19178355456763E-07
 0.28258818707574E-07
 0.40887897563429E-07
 0.58322391052784E-07
 0.81945219108839E-07
 0.11354663343721E-06
 0.15534836541509E-06
 0.20988879425828E-06
 0.28036828882425E-06
 0.36552721522588E-06
 0.48472507684489E-06
 0.62802461896346E-06
 0.80638573049280E-06
 0.10265101697889E-05
 0.12961759861126E-05
 0.16300464794049E-05
 0.20203995107653E-05
 0.24850089128126E-05
 0.30634547551393E-05
 0.37364718918992E-05
 0.45272255173194E-05
 0.54623425711137E-05
 0.65507849481365E-05
 0.78156809420866E-05
 0.92797450603383E-05
 0.10967046541370E-04
 0.12903633673190E-04
 0.15118289572923E-04
 0.17641467377301E-04
 0.20506214750970E-04
 0.23748021315004E-04
 0.27419747300238E-04
 0.31519799866572E-04
 0.36133963259498E-04
 0.41246574085057E-04
 0.47053057999478E-04
 0.53468289700545E-04
 0.60574434761369E-04
 0.68527398708167E-04
 0.79041777203183E-04
 0.82116703927657E-04
 0.10139135982433E-03
 0.11002579760876E-03
 0.12239080124594E-03
 0.13564515406735E-03
 0.15089976897282E-03
 0.16754368936097E-03
 0.18565161968240E-03
 0.20542375797007E-03
 0.22672618079697E-03
 0.25013632282249E-03
 0.27534393564026E-03
 0.30267540495670E-03
 0.33220468381312E-03
 0.36407120052941E-03
 0.39854891207354E-03
 0.43555376538672E-03
 0.47542022313983E-03
 0.51853662785978E-03
 0.56468688435711E-03
 0.61404437452337E-03
 0.66713280450404E-03
 0.72410911394025E-03
 0.78528289660424E-03
 0.85046269300242E-03
 0.92031016620585E-03
 0.99479545927907E-03
 0.10748156642811E-02
 0.11599044661382E-02
 0.12504017146772E-02
 0.13474023108675E-02
 0.14504666120658E-02
 0.15603976495582E-02
 0.16771843823419E-02
 0.18014869321783E-02
 0.19337864127823E-02
 0.20742933298094E-02
 0.22235488704866E-02
 0.23819520622126E-02
 0.25509447669799E-02
 0.27290563369885E-02
 0.29184061513473E-02
 0.31193012142876E-02
 0.33321614262547E-02
 0.35575874373634E-02
 0.37959989761832E-02
 0.40493635979908E-02
 0.43275637703232E-02
 0.45581335365143E-02
 0.49161065993499E-02
 0.52198212608007E-02
 0.55507728432409E-02
 0.59044535125047E-02
 0.62786624775287E-02
 0.66727551065397E-02
 0.70892913374276E-02
 0.75291414978471E-02
 0.79930538130827E-02
 0.84816388703707E-02
 0.89975323280240E-02
 0.95405258698936E-02
 0.10114981351934E-01
 0.10716725606814E-01
 0.11350994026930E-01
 0.12018423111958E-01
 0.12719092781047E-01
 0.13455723162422E-01
 0.14231398223726E-01
 0.15041266687010E-01
 0.15891645822467E-01
 0.16780729881332E-01
 0.17712566653669E-01
 0.18678198854452E-01
 0.19692467486177E-01
 0.20744442994505E-01
 0.21833317971393E-01
 0.22934295135737E-01
 0.24138466721582E-01
 0.25318048859975E-01
 0.26536797710207E-01
 0.27777310712516E-01
 0.29031349245079E-01
 0.30289310203543E-01
 0.31544874188882E-01
 0.32773563856442E-01
 0.33983296764936E-01
 0.35147722900341E-01
 0.36254752014468E-01
 0.37298503452927E-01
 0.38263420467422E-01
 0.39141463204031E-01
 0.39926344163210E-01
 0.40612004718377E-01
 0.41198000877590E-01
 0.41687040359346E-01
 0.42081870471881E-01
 0.42384237058531E-01
 0.42602092499136E-01
 0.42744545743210E-01
 0.42819293229201E-01
 0.42831233173192E-01
 0.42787175033754E-01
 0.42693382238637E-01
 0.42561962802368E-01
 0.42390483895725E-01
 0.42190163199310E-01
 0.41954253581836E-01
 0.41703083637880E-01
 0.41419196051868E-01
 0.41119804019360E-01
 0.40816792319712E-01
 0.40472137753391E-01
 0.40122456505350E-01
 0.39765962592883E-01
 0.39392196826442E-01
 0.39004290617924E-01
 0.38651950666058E-01
 0.38206721193717E-01
 0.37798054497915E-01
 0.37381520629001E-01
 0.36957543785560E-01
 0.36535271333782E-01
 0.36109954805848E-01
 0.35681634911763E-01
 0.35253981084953E-01
 0.34826938302916E-01
 0.34403679466047E-01
 0.33980197771449E-01
 0.33567814303720E-01
 0.33160584207556E-01
 0.32757011818868E-01
 0.32361398050379E-01
 0.31972759795839E-01
 0.31597091800307E-01
 0.31225696379241E-01
 0.30866177694861E-01
 0.30514783751393E-01
 0.30174327618822E-01
 0.29843058414279E-01
 0.29523083423552E-01
 0.29211603889251E-01
 0.28908855761442E-01
 0.28617176612699E-01
 0.28334286178223E-01
 0.28053367059512E-01
 0.27847104300569E-01
 0.27546747190183E-01
 0.27300525013321E-01
 0.27065061898762E-01
 0.26836611816785E-01
 0.26616336774866E-01
 0.26404563221207E-01
 0.26196502739286E-01
 0.25999819627322E-01
 0.25807723875713E-01
 0.25622641676317E-01
 0.25444139213552E-01
 0.25272609420824E-01
 0.25105738707641E-01
 0.24945703894787E-01
 0.24789113945870E-01
 0.24639019736668E-01
 0.24493268789928E-01
 0.24352646202981E-01
 0.24216332939815E-01
 0.24084082032127E-01
 0.23956071432521E-01
 0.23832017038459E-01
 0.23712059103090E-01
 0.23595552614022E-01
 0.23482479665800E-01
 0.23372990130333E-01
 0.23266290019771E-01
 0.23162849546218E-01
 0.23062364796666E-01
 0.22964486780204E-01
 0.22869769956090E-01
 0.22777382901332E-01
 0.22687415283353E-01
 0.22599848516241E-01
 0.22514676678715E-01
 0.22431481833774E-01
 0.22350693173207E-01
 0.22271930444642E-01
 0.22195278151033E-01
 0.22120189771667E-01
 0.22047004030195E-01
 0.21975531407707E-01
 0.21905724615517E-01
 0.21837837232013E-01
 0.21771502649215E-01
 0.21706564450710E-01
 0.21643158007871E-01
 0.21581174032779E-01
 0.21520477261130E-01
 0.21460973142672E-01
 0.21402902384582E-01
 0.21346120679567E-01
 0.21290455240178E-01
 0.21236029068710E-01
 0.21182476354700E-01
 0.21130577934105E-01
 0.21079498406939E-01
 0.21029217843447E-01
 0.20979937812232E-01
 0.20931696765369E-01
 0.20884461079205E-01
 0.20837952417630E-01
 0.20792682249676E-01
 0.20748004932708E-01
 0.20704275249752E-01
 0.20661681215973E-01
 0.20619566668502E-01
 0.20577774699587E-01
 0.20537261207734E-01
 0.20497079923125E-01
 0.20457829566445E-01
