 0.00000000000000E+00
 0.00000000000000E+00
 0.12391646932425E-24
-0.22196141468628E-24
-0.44609928956729E-25
 0.37525175771138E-24
 0.52894262455135E-23
 0.76851559979291E-22
 0.53010498261271E-21
 0.35565572060276E-11
-0.36300114296898E-11
-0.18187280016245E-06
 0.26299527112980E-05
-0.66294958283885E-05
 0.15783157904519E-05
-0.16374202399161E-05
-0.20499722888597E-05
 0.24477155107840E-05
 0.97131203794340E-08
-0.92146703631630E-06
 0.10222523581973E-05
-0.20729358262417E-06
 0.19175337870433E-05
 0.17956787572259E-05
-0.83182934078089E-06
 0.55340609052388E-06
 0.10767042066362E-05
 0.35787640126697E-06
-0.82283520652142E-06
-0.81469243822150E-06
 0.56496059149121E-06
-0.63640728220805E-07
-0.12626763425976E-05
 0.91250960257150E-06
 0.73160416875576E-06
-0.71992206312603E-06
 0.18503902605548E-06
 0.70164047250553E-06
 0.22553164088857E-07
-0.21627340090406E-06
 0.30893984380284E-06
 0.13130319691511E-06
 0.19839376362530E-06
 0.64818815785032E-06
 0.62531214145081E-06
 0.82404915153438E-06
 0.91434540168172E-06
 0.11118624811270E-05
 0.16479617227979E-05
 0.26754055408443E-05
 0.28858815562377E-05
 0.32734361494945E-05
 0.41564890774103E-05
 0.59603367881917E-05
 0.70573545750964E-05
 0.89158671336818E-05
 0.10714084374792E-04
 0.12628204714074E-04
 0.15309303431833E-04
 0.18414968400721E-04
 0.21715063115875E-04
 0.25190448147860E-04
 0.30135980428841E-04
 0.34837610048404E-04
 0.40733949094994E-04
 0.47026240782313E-04
 0.53994761588481E-04
 0.61993353495179E-04
 0.70615876952075E-04
 0.80822518822938E-04
 0.91484565377744E-04
 0.10337633172145E-03
 0.11700666074039E-03
 0.13210386423283E-03
 0.14822803421681E-03
 0.16538893701157E-03
 0.18464504154587E-03
 0.20561748216429E-03
 0.22884387674403E-03
 0.25409516247561E-03
 0.28083134719732E-03
 0.31024569761342E-03
 0.34187800441200E-03
 0.37540528557698E-03
 0.41327946079509E-03
 0.45284419578454E-03
 0.49530806949802E-03
 0.54176476022133E-03
 0.59106481622707E-03
 0.64387512936371E-03
 0.70082749161743E-03
 0.76151211593262E-03
 0.82630046191520E-03
 0.89565602872466E-03
 0.96922972247745E-03
 0.10485233119799E-02
 0.11323672294874E-02
 0.12218367680290E-02
 0.13168706545966E-02
 0.14182034212685E-02
 0.15251163551757E-02
 0.16397932165076E-02
 0.17609933197093E-02
 0.18885599507339E-02
 0.20255281231369E-02
 0.21696518659671E-02
 0.23223817055963E-02
 0.24832323989706E-02
 0.26535629152912E-02
 0.28355593274393E-02
 0.30252389516897E-02
 0.32273634258522E-02
 0.34410792909312E-02
 0.36661192943568E-02
 0.39041625113566E-02
 0.41534343168629E-02
 0.44174518362246E-02
 0.46965411409700E-02
 0.49908141073153E-02
 0.53004629868801E-02
 0.56260366015804E-02
 0.59707258662924E-02
 0.63320665912909E-02
 0.67133460982132E-02
 0.71143970719151E-02
 0.75370895730470E-02
 0.79805177193951E-02
 0.84481748111285E-02
 0.89400955573803E-02
 0.94547418142739E-02
 0.99990015113133E-02
 0.10569106228064E-01
 0.11168681903302E-01
 0.11798468901079E-01
 0.12464795295969E-01
 0.13159494059688E-01
 0.13891709413532E-01
 0.14659355089856E-01
 0.15465959258460E-01
 0.16312766051745E-01
 0.17200396927154E-01
 0.18136190966833E-01
 0.19114478163498E-01
 0.20142412615952E-01
 0.21220345445722E-01
 0.22349062901655E-01
 0.23532135634740E-01
 0.24772169591625E-01
 0.26076118847761E-01
 0.27440579096743E-01
 0.28863085814773E-01
 0.30355265180604E-01
 0.31917330739709E-01
 0.33548136872436E-01
 0.35252852534306E-01
 0.37027251871073E-01
 0.38879961547766E-01
 0.40804469176639E-01
 0.42808974758663E-01
 0.44886372936071E-01
 0.47035357778451E-01
 0.49256896522377E-01
 0.51546644241657E-01
 0.53904451361229E-01
 0.56318065398771E-01
 0.58785766771835E-01
 0.61294997705972E-01
 0.63852847784990E-01
 0.66425884632499E-01
 0.69033539526497E-01
 0.71644269995247E-01
 0.74255030864764E-01
 0.76858231814954E-01
 0.79456533373014E-01
 0.82033069679684E-01
 0.84582701318710E-01
 0.87091344511920E-01
 0.89552929382980E-01
 0.91998351721781E-01
 0.94398582933803E-01
 0.96742275722118E-01
 0.99040082951119E-01
 0.10127619430150E+00
 0.10346940760484E+00
 0.10559222903055E+00
 0.10767963905498E+00
 0.10970189836170E+00
 0.11167684380036E+00
 0.11359204606956E+00
 0.11544377372005E+00
 0.11724177457127E+00
 0.11897417289232E+00
 0.12063914110553E+00
 0.12224778272663E+00
 0.12380602343447E+00
 0.12531317304840E+00
 0.12677478060174E+00
 0.12819363029345E+00
 0.12955554282249E+00
 0.13086559583006E+00
 0.13213439137770E+00
 0.13337561223717E+00
 0.13456030118824E+00
 0.13571488192865E+00
 0.13682876629272E+00
 0.13791932233762E+00
 0.13897696455452E+00
 0.14000333572786E+00
 0.14100575866307E+00
 0.14197642618420E+00
 0.14292690447231E+00
 0.14385276865839E+00
 0.14475466454666E+00
 0.14563603049571E+00
 0.14650344638598E+00
 0.14734296840787E+00
 0.14816998867216E+00
 0.14898002135117E+00
 0.14977183118683E+00
 0.15054825422614E+00
 0.15130489667278E+00
 0.15205366415564E+00
 0.15278770103208E+00
 0.15350586503667E+00
 0.15420705906467E+00
 0.15489890066566E+00
 0.15557721082319E+00
 0.15624549242754E+00
 0.15689999229448E+00
 0.15754316485531E+00
 0.15817725131234E+00
 0.15879949427064E+00
 0.15941226344049E+00
 0.16001399262605E+00
 0.16060535482265E+00
 0.16118729932732E+00
 0.16175977852667E+00
 0.16232296405789E+00
 0.16287781195937E+00
 0.16342363742905E+00
 0.16396042612905E+00
 0.16449035337484E+00
 0.16501145152540E+00
 0.16552492201361E+00
 0.16603023005063E+00
 0.16652879295470E+00
 0.16701775936160E+00
 0.16750194390973E+00
 0.16797846138939E+00
 0.16844848459046E+00
 0.16891097650366E+00
 0.16936638380705E+00
 0.16981632280370E+00
 0.17026280286765E+00
 0.17069813794438E+00
 0.17112957440759E+00
 0.17155521279545E+00
 0.17197551362110E+00
 0.17238950222502E+00
 0.17280024026790E+00
 0.17320103285271E+00
 0.17360046964456E+00
 0.17399155229815E+00
 0.17438170442341E+00
 0.17476350001890E+00
 0.17514155653778E+00
 0.17551636332744E+00
 0.17588215710947E+00
 0.17624888966226E+00
 0.17660641670225E+00
 0.17696015162632E+00
 0.17731050140985E+00
 0.17765778175124E+00
 0.17800024849652E+00
 0.17833922010727E+00
 0.17867075320458E+00
 0.17900464248524E+00
 0.17932842575057E+00
 0.17965131142369E+00
 0.17996609131728E+00
 0.18028238817414E+00
 0.18059277261733E+00
 0.18090322831885E+00
 0.18120746627511E+00
 0.18150768105635E+00
 0.18180435069559E+00
 0.18209698932699E+00
 0.18239016634381E+00
 0.18267791416522E+00
 0.18296321075922E+00
 0.18324305765808E+00
 0.18352289347477E+00
 0.18379770687789E+00
 0.18407633140503E+00
 0.18434130903272E+00
 0.18461133611237E+00
 0.18487093736452E+00
 0.18513404452483E+00
 0.18539174873591E+00
 0.18564586931549E+00
