 0.00000000000000E+00
 0.00000000000000E+00
 0.77308811195169E-25
-0.23453234856961E-25
-0.16698703218157E-25
 0.93812939427846E-25
 0.18904811583827E-23
 0.50658987291037E-23
 0.46385029342782E-22
-0.61481247983433E-22
 0.18661475721493E-20
 0.72595142068088E-12
-0.17585810858548E-06
-0.10214128149474E-04
 0.63666015354285E-06
 0.40684445391979E-05
-0.16449479435052E-06
-0.46205390509918E-05
 0.83603660815261E-06
-0.10024663745545E-05
-0.10636192000556E-05
-0.38100566726908E-06
 0.42799689986766E-06
-0.86910828465745E-07
-0.50025419678107E-06
-0.36497494530215E-06
 0.17643281096397E-06
-0.39510987251368E-06
-0.36285862450003E-06
-0.56686952931008E-06
 0.33293698213082E-07
 0.48023386468413E-06
-0.35673952855182E-06
 0.84928210755771E-06
 0.44590421251146E-06
 0.31587292302177E-06
-0.45686313766199E-06
 0.79960099165166E-07
-0.11663518118869E-06
 0.25686736568920E-06
 0.31296276867158E-06
-0.31958160282375E-07
 0.14834308819040E-06
-0.72906760797355E-07
 0.15059504099648E-06
 0.14373890769838E-06
 0.13925718616126E-06
 0.12906549089474E-06
 0.10037706827929E-07
 0.18574004515410E-06
 0.34835363565855E-06
 0.75197486819992E-06
 0.96790654585731E-06
 0.80853717942799E-06
 0.11930539351933E-05
 0.13427964701125E-05
 0.16819161080316E-05
 0.22153521300340E-05
 0.26403943649279E-05
 0.31465930079450E-05
 0.38869251815930E-05
 0.48286661299847E-05
 0.57605385349699E-05
 0.69211014668722E-05
 0.82196303559148E-05
 0.97387649396329E-05
 0.11469791904135E-04
 0.13469354485006E-04
 0.15690296409894E-04
 0.18249335486085E-04
 0.21117588586377E-04
 0.24391131777354E-04
 0.27957618840525E-04
 0.31942786628707E-04
 0.36524776728264E-04
 0.41516797539487E-04
 0.47064891886967E-04
 0.53173056744060E-04
 0.59989594845298E-04
 0.67402837817034E-04
 0.75703305161715E-04
 0.84735651611696E-04
 0.94441051309723E-04
 0.10506898674173E-03
 0.11681989325521E-03
 0.12954179143552E-03
 0.14348723475839E-03
 0.15857842957188E-03
 0.17474288983899E-03
 0.19233947751370E-03
 0.21133852678077E-03
 0.23181803758170E-03
 0.25389727620683E-03
 0.27765798376003E-03
 0.30319443848278E-03
 0.33049494807995E-03
 0.35986410140710E-03
 0.39132000408220E-03
 0.42503473199791E-03
 0.46096016832185E-03
 0.49941014588046E-03
 0.54030784630136E-03
 0.58402517258019E-03
 0.63061259170591E-03
 0.68027555601887E-03
 0.73290525321776E-03
 0.78906061994961E-03
 0.84864960397532E-03
 0.91201932679290E-03
 0.97902906207760E-03
 0.10500689681343E-02
 0.11256271127008E-02
 0.12054267756944E-02
 0.12901427632917E-02
 0.13796363943002E-02
 0.14743620243003E-02
 0.15743939208896E-02
 0.16801929619577E-02
 0.17918744983391E-02
 0.19098679687188E-02
 0.20345029483251E-02
 0.21659038427281E-02
 0.23041345361872E-02
 0.24504584011001E-02
 0.26044504157431E-02
 0.27665526957175E-02
 0.29373472657998E-02
 0.31176152489207E-02
 0.33071336349828E-02
 0.35065204730635E-02
 0.37164172383889E-02
 0.39374285375812E-02
 0.41697507280260E-02
 0.44141424512319E-02
 0.46713753574949E-02
 0.49416258856718E-02
 0.52260306424340E-02
 0.55243246388037E-02
 0.58384967990636E-02
 0.61684262533437E-02
 0.65149390131327E-02
 0.68791571761396E-02
 0.72615939099732E-02
 0.76635270077231E-02
 0.80857584025295E-02
 0.85294527625089E-02
 0.89950900447916E-02
 0.94837302172335E-02
 0.99975338676144E-02
 0.10536460133273E-01
 0.11102830283455E-01
 0.11696806858042E-01
 0.12320206391573E-01
 0.12975127651314E-01
 0.13660687858549E-01
 0.14381202916715E-01
 0.15135932615297E-01
 0.15927360342515E-01
 0.16757386631927E-01
 0.17626376841757E-01
 0.18535368457128E-01
 0.19486037713580E-01
 0.20478814605045E-01
 0.21516052355660E-01
 0.22595979626588E-01
 0.23720098425065E-01
 0.24887670516102E-01
 0.26097788779593E-01
 0.27348476765780E-01
 0.28639441047118E-01
 0.29965644706356E-01
 0.31325002210514E-01
 0.32713284980877E-01
 0.34125437626462E-01
 0.35558002489973E-01
 0.37003068228593E-01
 0.38458472825685E-01
 0.39916386525205E-01
 0.41370980334180E-01
 0.42819229081252E-01
 0.44254337853414E-01
 0.45673633060575E-01
 0.47071083078803E-01
 0.48445188649617E-01
 0.49790431479994E-01
 0.51107290725386E-01
 0.52391379396999E-01
 0.53641154513802E-01
 0.54855038529498E-01
 0.56034029780939E-01
 0.57175041408296E-01
 0.58275231140235E-01
 0.59339123447654E-01
 0.60364594091886E-01
 0.61351013621265E-01
 0.62298516761039E-01
 0.63205419509102E-01
 0.64075860279471E-01
 0.64908994412994E-01
 0.65706568992891E-01
 0.66468102504118E-01
 0.67189386360330E-01
 0.67877149557075E-01
 0.68532005661845E-01
 0.69153814371228E-01
 0.69743826569479E-01
 0.70302091046902E-01
 0.70830413588200E-01
 0.71330197125833E-01
 0.71801761995503E-01
 0.72247045428326E-01
 0.72667121897727E-01
 0.73061164451700E-01
 0.73431595095706E-01
 0.73780579127810E-01
 0.74107490608897E-01
 0.74413867106576E-01
 0.74700360764199E-01
 0.74968166397545E-01
 0.75218560633048E-01
 0.75451692376221E-01
 0.75668814515988E-01
 0.75870260585431E-01
 0.76057030638690E-01
 0.76229819376960E-01
 0.76389026954301E-01
 0.76535797334511E-01
 0.76670298785575E-01
 0.76793232849546E-01
 0.76905285305497E-01
 0.77006590906594E-01
 0.77097988577348E-01
 0.77179773300228E-01
 0.77252504369940E-01
 0.77316462124344E-01
 0.77372071788334E-01
 0.77419683732301E-01
 0.77459688379919E-01
 0.77492446351985E-01
 0.77518251682793E-01
 0.77537421195430E-01
 0.77550191683505E-01
 0.77556846906352E-01
 0.77557677984817E-01
 0.77552915559906E-01
 0.77542870065376E-01
 0.77527544010623E-01
 0.77507390616304E-01
 0.77482606370694E-01
 0.77453134221874E-01
 0.77419435912379E-01
 0.77381550308454E-01
 0.77339686587566E-01
 0.77294081453555E-01
 0.77244604867868E-01
 0.77191834971762E-01
 0.77135445517764E-01
 0.77075863963151E-01
 0.77013268474437E-01
 0.76947646009709E-01
 0.76879191042666E-01
 0.76807918275649E-01
 0.76734078378969E-01
 0.76657431752358E-01
 0.76578626538462E-01
 0.76497416334989E-01
 0.76414065942569E-01
 0.76328331452117E-01
 0.76240579452182E-01
 0.76150880199674E-01
 0.76059247885059E-01
 0.75965846217153E-01
 0.75870458296067E-01
 0.75773564996197E-01
 0.75675245981345E-01
 0.75575240625445E-01
 0.75473534190315E-01
 0.75370643006137E-01
 0.75266008544752E-01
 0.75160656962723E-01
 0.75053336920537E-01
 0.74945052084388E-01
 0.74835978847125E-01
 0.74725494810107E-01
 0.74613944100517E-01
 0.74501430414000E-01
 0.74387956996528E-01
 0.74273596361282E-01
 0.74158069449957E-01
 0.74042026430431E-01
 0.73925317545787E-01
 0.73807418597682E-01
 0.73689127165795E-01
 0.73570026531229E-01
 0.73450098541424E-01
 0.73329741913721E-01
 0.73208687510704E-01
 0.73086975502279E-01
 0.72965053934648E-01
 0.72842299496758E-01
