 0.00000000000000E+00
 0.00000000000000E+00
-0.25697240368075E-26
 0.98706222348402E-26
 0.15418344220845E-26
-0.19405018894771E-25
-0.44529989610858E-24
-0.35228755094507E-23
-0.36724798795437E-22
-0.45328894513225E-22
-0.10748442411091E-20
-0.71072182344442E-12
 0.44513387729610E-06
 0.57193002906295E-05
-0.17368434200181E-05
-0.29699687459297E-05
-0.43905475852196E-06
 0.46955287243560E-05
-0.36281384682212E-05
 0.29479027642735E-05
-0.13871389039823E-06
-0.12244306386858E-06
-0.14108732073077E-05
-0.12302348944148E-05
 0.22166026691270E-05
 0.20399334009156E-05
-0.84058170275260E-06
 0.44023113389389E-06
 0.17838156335920E-05
 0.25235935415994E-05
-0.55727889965048E-06
-0.13377746949755E-06
 0.23890445819913E-05
-0.42891402130714E-05
-0.15769121199383E-05
-0.20739336923112E-05
 0.21988371297313E-05
-0.97343489969253E-06
 0.74903363790457E-06
-0.11054135783747E-05
-0.77288169071647E-06
 0.15508361217890E-06
-0.41472738032112E-06
 0.12622225069927E-05
-0.10643057510857E-05
 0.13829385606010E-06
-0.60647585785480E-06
 0.56725820745200E-06
 0.20379106230021E-05
 0.13141885807354E-05
 0.24879933059778E-06
-0.94297347759720E-06
-0.29595340400985E-05
 0.13413279916102E-05
 0.10911020938007E-05
 0.24915322992760E-05
 0.24105632079580E-05
 0.18823246356935E-05
 0.32697805220288E-05
 0.57031302239548E-05
 0.55068486942837E-05
 0.53717671891144E-05
 0.70485407294174E-05
 0.79633002660562E-05
 0.88094507869252E-05
 0.10283037399402E-04
 0.11854340963520E-04
 0.13020093527791E-04
 0.15647197699052E-04
 0.18214714287640E-04
 0.21153667578057E-04
 0.23011072992840E-04
 0.27423171491181E-04
 0.33108216725026E-04
 0.35860705266923E-04
 0.41034859881904E-04
 0.47544646016559E-04
 0.54194830168552E-04
 0.59527610389071E-04
 0.68142582151505E-04
 0.74226502184890E-04
 0.82051143391479E-04
 0.95122938010266E-04
 0.10768846588058E-03
 0.11758521879592E-03
 0.13111518939028E-03
 0.14351665118297E-03
 0.15603381430709E-03
 0.17565043717430E-03
 0.19218256970518E-03
 0.21097816824096E-03
 0.23077457383744E-03
 0.25410012438760E-03
 0.27681213005198E-03
 0.30078161902435E-03
 0.33132882951163E-03
 0.36196098637051E-03
 0.39165080703920E-03
 0.42226053753790E-03
 0.45938602683526E-03
 0.49694049059654E-03
 0.54386596671946E-03
 0.58488830060545E-03
 0.63429348332552E-03
 0.68118866221922E-03
 0.74037568616312E-03
 0.79058089197327E-03
 0.85157381351195E-03
 0.91001028067215E-03
 0.98549448182269E-03
 0.10606586174165E-02
 0.11341821110170E-02
 0.12168012652690E-02
 0.12968251149776E-02
 0.13852810188637E-02
 0.14792609329744E-02
 0.15888056603290E-02
 0.16898523316799E-02
 0.18075809412366E-02
 0.19233899910858E-02
 0.20394233021595E-02
 0.21719845808964E-02
 0.23312285359394E-02
 0.24645208142967E-02
 0.26193374912684E-02
 0.27988717131504E-02
 0.29761445372926E-02
 0.31418032989561E-02
 0.33263322635851E-02
 0.35362236106923E-02
 0.37510886817200E-02
 0.39752706618693E-02
 0.42154981348832E-02
 0.44747856655134E-02
 0.47204264538965E-02
 0.50049774939933E-02
 0.52773645997582E-02
 0.56026128151167E-02
 0.59065228359831E-02
 0.62317566054591E-02
 0.65977772531492E-02
 0.69691842517494E-02
 0.73710376575833E-02
 0.77779648614439E-02
 0.82019233452815E-02
 0.86138382962801E-02
 0.90921264791163E-02
 0.95957083579572E-02
 0.10091483001026E-01
 0.10655413921075E-01
 0.11172896392225E-01
 0.11770504409139E-01
 0.12395725982072E-01
 0.12970607878748E-01
 0.13716428302428E-01
 0.14354784629502E-01
 0.15123603257970E-01
 0.15871996491089E-01
 0.16575223664574E-01
 0.17311746878388E-01
 0.18141001701672E-01
 0.18939619903416E-01
 0.19819470183079E-01
 0.20599795347361E-01
 0.21481752203837E-01
 0.22309933626839E-01
 0.23137342876148E-01
 0.23939867004874E-01
 0.24768479820880E-01
 0.25403496736776E-01
 0.26118466167570E-01
 0.26776705273736E-01
 0.27335340787786E-01
 0.27908259335157E-01
 0.28282902663319E-01
 0.28796173146037E-01
 0.28944364487823E-01
 0.29188557539735E-01
 0.29414249324808E-01
 0.29492640995487E-01
 0.29572275628295E-01
 0.29536046015533E-01
 0.29543241558855E-01
 0.29390345540678E-01
 0.29390232402990E-01
 0.29219323013025E-01
 0.29029395192439E-01
 0.28771739439126E-01
 0.28663002139694E-01
 0.28194958245379E-01
 0.27863541332322E-01
 0.27854703995216E-01
 0.27480273143056E-01
 0.26948019472018E-01
 0.26524642421644E-01
 0.26061358547980E-01
 0.26030970658692E-01
 0.25660076478022E-01
 0.25215732510309E-01
 0.24567811318180E-01
 0.23821576899827E-01
 0.23803436331545E-01
 0.23361040793076E-01
 0.22856820788344E-01
 0.22409588245750E-01
 0.21916351315808E-01
 0.21543478426432E-01
 0.21157122185093E-01
 0.20683849573111E-01
 0.20311229266219E-01
 0.19848028528752E-01
 0.19328412672530E-01
 0.19008547030775E-01
 0.18773356950919E-01
 0.18341687688965E-01
 0.18010551182265E-01
 0.17681892424361E-01
 0.17409061714465E-01
 0.17110693695955E-01
 0.16788621007939E-01
 0.16517453147276E-01
 0.16211473529902E-01
 0.15965159496624E-01
 0.15699589579568E-01
 0.15430267586326E-01
 0.15239217459542E-01
 0.14999589492650E-01
 0.14785470960208E-01
 0.14581798238693E-01
 0.14357364084386E-01
 0.14192934449346E-01
 0.13990019992118E-01
 0.13819970909032E-01
 0.13634938973469E-01
 0.13458517170326E-01
 0.13295456890569E-01
 0.13136872210895E-01
 0.12993481026673E-01
 0.12846305561189E-01
 0.12704136444441E-01
 0.12561140051191E-01
 0.12425630050557E-01
 0.12299866847042E-01
 0.12172028256484E-01
 0.12052327659398E-01
 0.11918370094018E-01
 0.11826773557095E-01
 0.11710540617879E-01
 0.11581754182168E-01
 0.11488151902182E-01
 0.11380640550064E-01
 0.11285233199669E-01
 0.11178582496432E-01
 0.11068645827161E-01
 0.10999233335976E-01
 0.10876145279129E-01
 0.10813696193096E-01
 0.10752605565821E-01
 0.10653680179680E-01
 0.10564531882854E-01
 0.10471686284694E-01
 0.10405070076655E-01
 0.10311945163665E-01
 0.10275805510269E-01
 0.10194245260333E-01
 0.10102140291355E-01
 0.99932048734536E-02
 0.99558639513839E-02
 0.98934941884142E-02
 0.98079602524120E-02
 0.97481385472690E-02
 0.96754312486519E-02
 0.96627937826138E-02
 0.95970196632552E-02
 0.94609660061213E-02
 0.93829536113216E-02
 0.93570456303013E-02
 0.92530006638351E-02
 0.92649703220845E-02
 0.91012092393763E-02
 0.91496507000473E-02
 0.91261145799540E-02
 0.90263434494420E-02
 0.89508129858857E-02
 0.89300416759750E-02
 0.88638567581412E-02
 0.88039595781958E-02
 0.87606820150474E-02
 0.87932144759994E-02
 0.87352488857625E-02
 0.85873783727096E-02
 0.85916851264338E-02
 0.85140765495781E-02
 0.84355887598691E-02
 0.84264581556825E-02
 0.83667662869492E-02
 0.83361591302058E-02
 0.83449051084962E-02
 0.82021187130810E-02
 0.81996998601472E-02
