 0.00000000000000E+00
 0.00000000000000E+00
 0.00000000000000E+00
-0.84194351327153E-26
 0.00000000000000E+00
-0.83776292277014E-25
-0.17589376873525E-23
 0.21790608378650E-23
-0.13095106848012E-21
-0.88167757443414E-21
 0.51004489598374E-07
 0.26164749248429E-06
-0.60999885645466E-06
-0.53022520706757E-06
-0.36299382178573E-06
-0.11001600280797E-06
 0.18798339562994E-06
-0.34373798957124E-07
-0.26179004987772E-07
 0.53074405139323E-07
 0.11849942802064E-07
-0.63294737402215E-08
 0.23733330702670E-08
-0.52201649718441E-07
 0.14880349923121E-07
 0.42561967519678E-08
-0.32918447983573E-07
 0.11238190152813E-06
-0.94304461711907E-08
 0.55008909116199E-07
-0.54706921427190E-07
-0.74891467728342E-07
-0.36865560662567E-07
-0.53461510181098E-07
-0.29638879181304E-07
 0.18465927245451E-07
 0.23955420807258E-07
-0.19340364577729E-07
 0.10171120700416E-07
 0.10216905828753E-07
-0.21857945538238E-07
 0.17825680989169E-07
-0.15801594343758E-07
 0.11473011121851E-07
-0.52879609461129E-08
 0.11273853773348E-07
 0.21408597066349E-07
 0.57821703053306E-08
 0.39297135105228E-07
 0.39633497796286E-07
 0.55686135326030E-07
 0.79053506850056E-07
 0.72924503773786E-07
 0.11096970093387E-06
 0.13974020754384E-06
 0.17852209952267E-06
 0.22891550021081E-06
 0.28619010726240E-06
 0.36135615687387E-06
 0.46038265344527E-06
 0.55642913658788E-06
 0.67402990225424E-06
 0.83430204955087E-06
 0.10009095676454E-05
 0.11980126038968E-05
 0.14412417433246E-05
 0.17070162467779E-05
 0.20318432948600E-05
 0.23969066084111E-05
 0.28061809875888E-05
 0.32653782364364E-05
 0.38137262491990E-05
 0.43912795508169E-05
 0.50841627957105E-05
 0.58327111665511E-05
 0.66764145153900E-05
 0.76298045272960E-05
 0.86842347202706E-05
 0.98743485098922E-05
 0.11134667393085E-04
 0.12571631390132E-04
 0.14153039797837E-04
 0.15919111825925E-04
 0.17766090263690E-04
 0.19863516184995E-04
 0.22127138990717E-04
 0.24601265950859E-04
 0.27284490559516E-04
 0.30232432458177E-04
 0.33413919811835E-04
 0.36841710947792E-04
 0.40555369180819E-04
 0.44578338993127E-04
 0.48974656131909E-04
 0.53624878204144E-04
 0.58685746820827E-04
 0.64085073701039E-04
 0.69911847587036E-04
 0.76151749228728E-04
 0.82867316452153E-04
 0.90019088809835E-04
 0.97720913533167E-04
 0.10590287594190E-03
 0.11459486977755E-03
 0.12398640233287E-03
 0.13391692197981E-03
 0.14452093853578E-03
 0.15583405339934E-03
 0.16783248364289E-03
 0.18060642335543E-03
 0.19416122951305E-03
 0.20860091471937E-03
 0.22395188649702E-03
 0.24015474563631E-03
 0.25732570378407E-03
 0.27561913815483E-03
 0.29492572614427E-03
 0.31536974864184E-03
 0.33697559466640E-03
 0.36001356151011E-03
 0.38422635176465E-03
 0.40985221263966E-03
 0.43696574582094E-03
 0.46565146142652E-03
 0.49578467246457E-03
 0.52785642208242E-03
 0.56160600172917E-03
 0.59719389306526E-03
 0.63476836886954E-03
 0.67443640770850E-03
 0.71628781167942E-03
 0.76038846470460E-03
 0.80704846194712E-03
 0.85623778798762E-03
 0.90798215092524E-03
 0.96260524499860E-03
 0.10201402339196E-02
 0.10807397298907E-02
 0.11448589372909E-02
 0.12122792809030E-02
 0.12834365151982E-02
 0.13583913203587E-02
 0.14374280371490E-02
 0.15209021224073E-02
 0.16087263063557E-02
 0.17015025860106E-02
 0.17992166767090E-02
 0.19020494653252E-02
 0.20108618039439E-02
 0.21254905809835E-02
 0.22463245696047E-02
 0.23739953668050E-02
 0.25086501502029E-02
 0.26504139073253E-02
 0.28003320840867E-02
 0.29587033461618E-02
 0.31253522231217E-02
 0.33015119913062E-02
 0.34874489771654E-02
 0.36835696210984E-02
 0.38906078679045E-02
 0.41091814591728E-02
 0.43392455886729E-02
 0.45816931192990E-02
 0.48369754047724E-02
 0.51053885302278E-02
 0.53873662985302E-02
 0.56828000631827E-02
 0.59918234222542E-02
 0.63140129328591E-02
 0.66489666491074E-02
 0.69955501803223E-02
 0.73537139886097E-02
 0.77205622075626E-02
 0.80947406498209E-02
 0.84757378570180E-02
 0.88587843987391E-02
 0.92416057779984E-02
 0.96231828754408E-02
 0.10003758414331E-01
 0.10370852235499E-01
 0.10730842994756E-01
 0.11079341211847E-01
 0.11414228270185E-01
 0.11734511093893E-01
 0.12039301380690E-01
 0.12328330155485E-01
 0.12600740139190E-01
 0.12857786887226E-01
 0.13099011390395E-01
 0.13325184619024E-01
 0.13537005215220E-01
 0.13735524405436E-01
 0.13920937560596E-01
 0.14093968332736E-01
 0.14256191437679E-01
 0.14407512697705E-01
 0.14549020906535E-01
 0.14681386212334E-01
 0.14804935541220E-01
 0.14920344468275E-01
 0.15029151982879E-01
 0.15130214162596E-01
 0.15224940970225E-01
 0.15313719854934E-01
 0.15396335458607E-01
 0.15473772908557E-01
 0.15546301411411E-01
 0.15614037292395E-01
 0.15677581477262E-01
 0.15736875365500E-01
 0.15791885371845E-01
 0.15843487117403E-01
 0.15891380360532E-01
 0.15935900932508E-01
 0.15977433260944E-01
 0.16015810809324E-01
 0.16051555359935E-01
 0.16084295918690E-01
 0.16114710971764E-01
 0.16142578874450E-01
 0.16168222651031E-01
 0.16191402356006E-01
 0.16212677681082E-01
 0.16232188331968E-01
 0.16249612419587E-01
 0.16265034496560E-01
 0.16278706965164E-01
 0.16290704712696E-01
 0.16301362861852E-01
 0.16310257982390E-01
 0.16317568274481E-01
 0.16323603694248E-01
 0.16328155775384E-01
 0.16331906169648E-01
 0.16333982578337E-01
 0.16334834436966E-01
 0.16334718342768E-01
 0.16333585092517E-01
 0.16331245095459E-01
 0.16327793551818E-01
 0.16323472490126E-01
 0.16318249386371E-01
 0.16312113007792E-01
 0.16305046852927E-01
 0.16297321013548E-01
 0.16288596204946E-01
 0.16279128215545E-01
 0.16269156975550E-01
 0.16258278970187E-01
 0.16246802918154E-01
 0.16234390565078E-01
 0.16221722239342E-01
 0.16208180082421E-01
 0.16194392053251E-01
 0.16179734192016E-01
 0.16164660875399E-01
 0.16149041335442E-01
 0.16132748374182E-01
 0.16116250612310E-01
 0.16098937231722E-01
 0.16081543352041E-01
 0.16063414732911E-01
 0.16045210270310E-01
 0.16026380212438E-01
 0.16007190337859E-01
 0.15987701550402E-01
 0.15967855571117E-01
 0.15947594238155E-01
 0.15927157064624E-01
 0.15906147284595E-01
 0.15885053021037E-01
 0.15863502241411E-01
 0.15841675861478E-01
 0.15819840873515E-01
 0.15797552356793E-01
 0.15774883344385E-01
 0.15752284366068E-01
 0.15729226772803E-01
 0.15706068318637E-01
 0.15682545122335E-01
 0.15658896019569E-01
 0.15635312104044E-01
 0.15611271895065E-01
 0.15587166563332E-01
 0.15562750483296E-01
 0.15538283590606E-01
 0.15513606093374E-01
 0.15488780456634E-01
 0.15463873143567E-01
 0.15438792872955E-01
 0.15413549075814E-01
 0.15388333714694E-01
 0.15362888406753E-01
 0.15337307925197E-01
 0.15311611166800E-01
 0.15285976464295E-01
 0.15260159850406E-01
 0.15234200139480E-01
 0.15208182139399E-01
