 0.00000000000000E+00
 0.00000000000000E+00
 0.00000000000000E+00
 0.24040725548184E-26
 0.00000000000000E+00
 0.27622491007525E-25
 0.51477653724327E-24
 0.30802446069855E-23
-0.34801044930716E-22
 0.12914713766359E-21
-0.40087674477612E-07
-0.34308802911243E-06
-0.57194006433667E-07
 0.75824058383146E-07
 0.29613172610769E-06
 0.37818263190810E-06
 0.50867081405365E-07
 0.17648478788882E-06
 0.19138900496992E-06
-0.23940652204648E-06
 0.12447508246338E-06
-0.18755338150056E-06
-0.10947228729901E-07
-0.62861888297676E-07
 0.47264732464509E-07
-0.12344067017218E-06
 0.23853202302540E-07
-0.25861826115461E-07
 0.59933217573211E-08
 0.43432637481851E-08
-0.13559495825522E-07
 0.49460056295181E-07
 0.24654623228329E-07
 0.74465256920670E-07
-0.38766896026299E-07
-0.49689144760610E-07
 0.12956546135757E-07
 0.66476421151887E-07
-0.98370862915735E-08
-0.14671063962762E-07
-0.25537274356604E-07
 0.22005998803998E-07
 0.22744685879218E-07
 0.61540824428466E-07
-0.25083557079556E-07
 0.37666167210644E-07
 0.13210281811932E-07
 0.31950771959617E-07
 0.41530077210649E-07
 0.73181559524302E-07
 0.81950562007071E-07
 0.15097435572588E-06
 0.19209063328522E-06
 0.23850050624781E-06
 0.31446201851749E-06
 0.40259642090500E-06
 0.55260207938627E-06
 0.70533579983527E-06
 0.87418033469395E-06
 0.11432077123119E-05
 0.14008970002980E-05
 0.17419809562932E-05
 0.21633271978000E-05
 0.26415897670775E-05
 0.32483217592457E-05
 0.39376898924675E-05
 0.47318674356381E-05
 0.56731904696570E-05
 0.67989834135863E-05
 0.81097767930354E-05
 0.95480448770190E-05
 0.11255103528817E-04
 0.13209728977259E-04
 0.15474799470770E-04
 0.17993560990668E-04
 0.20782906439277E-04
 0.24024435995784E-04
 0.27714835488037E-04
 0.31850361303667E-04
 0.36407877157279E-04
 0.41543553215746E-04
 0.47338727262764E-04
 0.53574822571815E-04
 0.60982191770812E-04
 0.68460086728757E-04
 0.77419482931428E-04
 0.87001965329656E-04
 0.97518941427348E-04
 0.10906340353162E-03
 0.12193157707059E-03
 0.13595146398413E-03
 0.15126890929975E-03
 0.16795500108311E-03
 0.18617791002738E-03
 0.20616471102282E-03
 0.22774191092929E-03
 0.25131123163719E-03
 0.27689192941315E-03
 0.30445609620438E-03
 0.33434345251276E-03
 0.36680603517817E-03
 0.40193625162141E-03
 0.43984733742709E-03
 0.48033710661273E-03
 0.52443908213663E-03
 0.57147572671596E-03
 0.62286062820675E-03
 0.67733722943691E-03
 0.73626543169559E-03
 0.79889321625159E-03
 0.86672621770093E-03
 0.93934289327993E-03
 0.10170979243945E-02
 0.10998199557179E-02
 0.11888439450507E-02
 0.12838752116111E-02
 0.13852302991558E-02
 0.14935536045827E-02
 0.16095447717854E-02
 0.17329119234953E-02
 0.18651190431939E-02
 0.20052659773078E-02
 0.21554665435974E-02
 0.23139466501939E-02
 0.24839550159100E-02
 0.26641326389573E-02
 0.28571696984253E-02
 0.30613184592010E-02
 0.32787660541449E-02
 0.35097988805275E-02
 0.37558541957517E-02
 0.40172036802979E-02
 0.42946358215926E-02
 0.45897344695918E-02
 0.49029777454063E-02
 0.52363175424330E-02
 0.55885147076946E-02
 0.59636319085089E-02
 0.63616200837575E-02
 0.67841386291463E-02
 0.72322160197962E-02
 0.77085337725980E-02
 0.82131251931819E-02
 0.87493584238884E-02
 0.93180989644999E-02
 0.99213341564439E-02
 0.10562078301066E-01
 0.11241809276484E-01
 0.11963223091599E-01
 0.12727656866555E-01
 0.13541563678643E-01
 0.14402133137465E-01
 0.15317472580217E-01
 0.16287688995174E-01
 0.17319921326145E-01
 0.18414196928834E-01
 0.19575479531461E-01
 0.20810354475645E-01
 0.22118181924690E-01
 0.23505378220848E-01
 0.24979792040032E-01
 0.26541188633641E-01
 0.28200345827746E-01
 0.29955888866995E-01
 0.31813856931849E-01
 0.33779258349520E-01
 0.35854888682641E-01
 0.38043426554704E-01
 0.40344486029020E-01
 0.42760743845319E-01
 0.45286415081486E-01
 0.47919723165955E-01
 0.50648849332870E-01
 0.53486689936166E-01
 0.56380907005101E-01
 0.59353076180533E-01
 0.62369499223863E-01
 0.65432779836922E-01
 0.68501905527760E-01
 0.71570544398373E-01
 0.74598402304885E-01
 0.77590068933403E-01
 0.80527028345420E-01
 0.83392099359529E-01
 0.86174756163192E-01
 0.88865501402376E-01
 0.91462999500296E-01
 0.93965878521439E-01
 0.96369086941914E-01
 0.98677463536733E-01
 0.10088827167252E+00
 0.10301180536519E+00
 0.10504586242983E+00
 0.10699931278282E+00
 0.10887275417214E+00
 0.11067774332138E+00
 0.11241092980422E+00
 0.11407810395421E+00
 0.11568832881428E+00
 0.11723746645751E+00
 0.11873424354423E+00
 0.12018215243972E+00
 0.12158064543832E+00
 0.12293583952059E+00
 0.12425112934642E+00
 0.12552798207995E+00
 0.12676470952079E+00
 0.12796881213844E+00
 0.12913976062787E+00
 0.13027649966479E+00
 0.13138734315478E+00
 0.13247065765301E+00
 0.13352145428908E+00
 0.13455031366721E+00
 0.13555581999626E+00
 0.13653863313250E+00
 0.13749511983389E+00
 0.13843401964094E+00
 0.13935253034704E+00
 0.14024751653320E+00
 0.14112691453547E+00
 0.14198641089412E+00
 0.14283132529409E+00
 0.14365655204877E+00
 0.14446721787077E+00
 0.14526077283102E+00
 0.14604056267382E+00
 0.14680440427987E+00
 0.14755743808495E+00
 0.14829528018475E+00
 0.14901963497067E+00
 0.14973084678615E+00
 0.15042748271533E+00
 0.15111798396089E+00
 0.15179265938291E+00
 0.15245613644579E+00
 0.15310934191459E+00
 0.15375459166472E+00
 0.15438548390374E+00
 0.15500755973326E+00
 0.15561968628104E+00
 0.15622327685270E+00
 0.15681671150474E+00
 0.15740134154853E+00
 0.15797742538837E+00
 0.15854400880988E+00
 0.15910453811069E+00
 0.15965315863766E+00
 0.16019694539106E+00
 0.16073149035545E+00
 0.16125906947163E+00
 0.16177810982841E+00
 0.16229212559253E+00
 0.16279674905496E+00
 0.16329643442122E+00
 0.16378648556839E+00
 0.16427281675457E+00
 0.16475261984655E+00
 0.16522218354156E+00
 0.16568972550493E+00
 0.16615107582863E+00
 0.16660490174234E+00
 0.16705223692068E+00
 0.16749547330913E+00
 0.16793110453214E+00
 0.16836115466855E+00
 0.16878843332377E+00
 0.16920979430345E+00
 0.16962410330400E+00
 0.17003537942389E+00
 0.17044001727914E+00
 0.17083977221881E+00
 0.17123592253423E+00
 0.17162786095776E+00
 0.17201292074475E+00
 0.17239559794967E+00
 0.17277416105383E+00
 0.17314561053573E+00
 0.17351380229473E+00
 0.17387967723459E+00
 0.17423905829626E+00
 0.17459490093351E+00
 0.17494811470605E+00
 0.17529579995884E+00
 0.17563850440352E+00
 0.17597977022677E+00
 0.17631763551846E+00
 0.17664978017387E+00
 0.17697933696384E+00
 0.17730584234183E+00
 0.17762790112728E+00
 0.17794676448552E+00
 0.17826262865285E+00
 0.17857477157165E+00
 0.17888385302017E+00
 0.17918943695691E+00
 0.17949133444529E+00
 0.17979148463239E+00
 0.18008748789568E+00
 0.18038259975224E+00
