 0.00000000000000E+00
 0.00000000000000E+00
 0.00000000000000E+00
-0.51515272009741E-28
 0.00000000000000E+00
-0.13970243256879E-26
 0.91835496157991E-40
-0.19074038793392E-24
 0.15373675267474E-22
 0.67140616552740E-23
 0.21694453507444E-07
 0.22081935916859E-06
 0.29283995048240E-07
-0.52934511037596E-07
-0.12447982653033E-06
-0.32084060282454E-06
-0.82940876049313E-07
-0.26934963495057E-06
-0.24144155202486E-06
 0.33744953060462E-06
-0.20487816758917E-06
 0.38364426095770E-06
 0.20273927087064E-07
 0.11149037783577E-06
-0.69204152193866E-07
 0.32050593720681E-06
-0.99755358257279E-07
 0.11892222695787E-06
-0.52779967104256E-09
-0.39358293200004E-07
 0.92477620741195E-07
-0.15149452887772E-06
-0.40832710420516E-07
-0.27226367512331E-06
 0.18170048466983E-06
 0.22261324428084E-06
-0.58128084495050E-07
-0.37182880120871E-06
 0.51921951283363E-07
 0.12043521180447E-06
 0.25308876587368E-06
-0.37974687236092E-07
-0.48916726958009E-07
-0.36149365079897E-06
 0.23969395635136E-06
-0.71629495713647E-07
 0.12275377391413E-06
 0.10429482225640E-06
 0.14057284715986E-06
 0.10313423405779E-06
 0.29214421917752E-06
 0.97137973451942E-08
-0.43835420080635E-07
 0.33437111948970E-06
 0.41791859044915E-06
 0.65930685820905E-06
 0.51823272185709E-06
 0.77585748241007E-06
 0.12646591523333E-05
 0.10712640569010E-05
 0.15238686528594E-05
 0.18514983620518E-05
 0.22624833989308E-05
 0.28877070828358E-05
 0.32561498894693E-05
 0.38908498449802E-05
 0.52324069694173E-05
 0.60712771456431E-05
 0.68960570515390E-05
 0.76329214094986E-05
 0.95410104194856E-05
 0.11347440369384E-04
 0.13254629264724E-04
 0.14728867648561E-04
 0.17098597640115E-04
 0.21372840853815E-04
 0.24678058692547E-04
 0.27754126838718E-04
 0.31186751037207E-04
 0.37200246023749E-04
 0.41854344073384E-04
 0.47158878467209E-04
 0.57933097608066E-04
 0.56475941078424E-04
 0.72821631499601E-04
 0.75833539796324E-04
 0.86313042546769E-04
 0.99002663284068E-04
 0.11255548255643E-03
 0.12322459166491E-03
 0.13606332077930E-03
 0.15124838538631E-03
 0.16913183901604E-03
 0.18890876573083E-03
 0.20591286032285E-03
 0.22968796946170E-03
 0.25222051743976E-03
 0.27655897237272E-03
 0.30683499269349E-03
 0.33936721599932E-03
 0.37013051583723E-03
 0.40310776405351E-03
 0.43978054658847E-03
 0.49015716836383E-03
 0.52926487170317E-03
 0.58705331853822E-03
 0.62134276872597E-03
 0.68269340466993E-03
 0.73542637423219E-03
 0.81869910374029E-03
 0.87593430149425E-03
 0.93974408194979E-03
 0.10179862525341E-02
 0.11133694837951E-02
 0.12020691416014E-02
 0.12957030580736E-02
 0.14095671606969E-02
 0.15248000203319E-02
 0.16320135196357E-02
 0.17637634176317E-02
 0.18701003954509E-02
 0.20378093559955E-02
 0.21562580962466E-02
 0.23608119379024E-02
 0.25151791996498E-02
 0.27463565241280E-02
 0.29001276375337E-02
 0.31387746390232E-02
 0.33667794548937E-02
 0.36212114551014E-02
 0.38714446796500E-02
 0.41411456983927E-02
 0.44414758951965E-02
 0.47320475158473E-02
 0.50721517117607E-02
 0.53683177534477E-02
 0.58101326136941E-02
 0.61973683370374E-02
 0.66249294336687E-02
 0.70731367189274E-02
 0.75824297957778E-02
 0.80668302782627E-02
 0.86460763297289E-02
 0.91960258891614E-02
 0.98174880010353E-02
 0.10488854960495E-01
 0.11144034852537E-01
 0.11896212036328E-01
 0.12676370144432E-01
 0.13605531593584E-01
 0.14361845476972E-01
 0.15451874581122E-01
 0.16438910210841E-01
 0.17638064274217E-01
 0.18675613284349E-01
 0.19905465990388E-01
 0.21234685915686E-01
 0.22476419751103E-01
 0.23953196425148E-01
 0.25645350602588E-01
 0.27241156031827E-01
 0.29111146214838E-01
 0.30744301783506E-01
 0.32636130016998E-01
 0.34675506211417E-01
 0.36773542013153E-01
 0.38926934258640E-01
 0.41090713247517E-01
 0.43449700554253E-01
 0.45596780898191E-01
 0.47944355527792E-01
 0.49990318025280E-01
 0.52867218189108E-01
 0.53086761210978E-01
 0.56473567830576E-01
 0.58318710525892E-01
 0.60988280217440E-01
 0.60608450622597E-01
 0.61289832755112E-01
 0.61428910547396E-01
 0.61850136106381E-01
 0.61813980226054E-01
 0.61001509573490E-01
 0.59920199731567E-01
 0.58680838585755E-01
 0.57427395808512E-01
 0.56022419501676E-01
 0.54138540272183E-01
 0.52510447263496E-01
 0.50714131827112E-01
 0.49319371694620E-01
 0.47505369728963E-01
 0.46251667512321E-01
 0.44718384191585E-01
 0.43625810881034E-01
 0.41984525289385E-01
 0.40814534504683E-01
 0.39874318660867E-01
 0.38400165601795E-01
 0.37630430760022E-01
 0.36682545639855E-01
 0.35837626073082E-01
 0.35293307671772E-01
 0.34684596936649E-01
 0.33872276711934E-01
 0.32988624434398E-01
 0.32608877384426E-01
 0.31865127508542E-01
 0.31261393459405E-01
 0.31146230925314E-01
 0.30543596510697E-01
 0.29588624579264E-01
 0.29823724231492E-01
 0.29349116714416E-01
 0.28815216476877E-01
 0.28147635868363E-01
 0.28189329088286E-01
 0.27554996517611E-01
 0.27175003112090E-01
 0.27198869595615E-01
 0.26858623118271E-01
 0.26651109661142E-01
 0.26128421938906E-01
 0.26160029623761E-01
 0.25850882659877E-01
 0.25775828233113E-01
 0.25488167591250E-01
 0.25473799565437E-01
 0.25060730624998E-01
 0.24851365635953E-01
 0.24720336837354E-01
 0.24494478971314E-01
 0.24763561199282E-01
 0.24201067597074E-01
 0.24185371589050E-01
 0.24199469638564E-01
 0.24127978295561E-01
 0.23409060070757E-01
 0.23548602545570E-01
 0.23532469137770E-01
 0.23560026148429E-01
 0.23353977895310E-01
 0.23284118181767E-01
 0.23203188863488E-01
 0.23053287052495E-01
 0.23104394864077E-01
 0.22691531038793E-01
 0.22993800114753E-01
 0.22661516914557E-01
 0.22777513277395E-01
 0.22441572315103E-01
 0.22647383617555E-01
 0.22309616764846E-01
 0.22384970966246E-01
 0.21995642667130E-01
 0.22332279875269E-01
 0.22069661075445E-01
 0.21770064323571E-01
 0.22234408961405E-01
 0.21995360473461E-01
 0.21620340089317E-01
 0.21510746964773E-01
 0.21564000550784E-01
 0.21453320193027E-01
 0.21530944596834E-01
 0.21864574496754E-01
 0.21517155202812E-01
 0.21173775452723E-01
 0.21353654237297E-01
 0.21168019910974E-01
 0.21310517678841E-01
 0.21366898936010E-01
 0.21343232046665E-01
 0.20943635007153E-01
 0.21256922448611E-01
 0.21000089670648E-01
 0.20615108659807E-01
 0.20925486312264E-01
 0.20959383743509E-01
 0.20569980819703E-01
 0.20774319218061E-01
 0.20832692208869E-01
 0.20613793881590E-01
 0.20551478761538E-01
 0.21004959115684E-01
 0.20775773339119E-01
 0.20423633838618E-01
 0.20549194922613E-01
 0.20665082304598E-01
 0.20563704592272E-01
 0.20603187030578E-01
 0.20521122364390E-01
 0.20354459243038E-01
 0.20322751490647E-01
 0.20375638869296E-01
 0.20287695601655E-01
 0.20516703889386E-01
 0.20328290009632E-01
 0.20386371911653E-01
 0.19950993609943E-01
