 0.00000000000000E+00
 0.00000000000000E+00
-0.25697240368075E-26
 0.98706222348402E-26
 0.15418344220845E-26
-0.19405018894771E-25
-0.44529989610858E-24
-0.35228755094507E-23
-0.36724798795437E-22
-0.45328894513225E-22
-0.10748442411091E-20
-0.24553151194664E-20
-0.10507005292296E-19
-0.29988744858070E-05
-0.12076830385323E-05
 0.52872323767031E-07
 0.40910675797948E-05
-0.35472106793600E-05
-0.16382365648644E-05
 0.38990741392953E-05
 0.34652702804276E-05
-0.12133076372705E-05
 0.16237762952796E-05
 0.14665777753614E-05
 0.15987511425588E-05
 0.26505240811739E-05
-0.18472647984912E-06
 0.11139243373681E-05
-0.13701472319292E-05
 0.17746840858137E-06
-0.24949581683034E-05
-0.13516322999094E-05
-0.89276946067684E-06
 0.15144360468754E-05
 0.14063545836788E-05
 0.17376461366409E-05
-0.94637317615458E-06
-0.65031075995275E-06
 0.14542955216453E-05
-0.13476565710921E-05
 0.26882247238879E-05
-0.15549303386380E-05
 0.91210940619038E-06
 0.22517163060263E-06
-0.13059831046361E-05
-0.12660987953718E-05
 0.91214448569127E-06
 0.23263414360476E-05
 0.40809391349378E-06
-0.26209135298233E-05
 0.68300615864367E-06
-0.99506527328164E-06
 0.11949716846792E-05
 0.11887658904101E-05
-0.28462447559634E-06
 0.17349906737953E-06
-0.14800565160463E-05
 0.13317149650765E-05
 0.11291420006778E-05
 0.73691296575712E-06
 0.10141187359297E-05
 0.11181075689439E-05
 0.65006075720783E-06
 0.18674786956701E-05
 0.31080591926960E-06
 0.20608095288452E-05
 0.29937369455999E-05
 0.64438033387235E-06
 0.88555048988023E-06
 0.26447229779049E-05
 0.22226886553532E-05
 0.27101013323570E-05
 0.35104327768610E-05
 0.38122330621986E-05
 0.58412063834575E-05
 0.65919515816156E-05
 0.73434879784621E-05
 0.71640253618128E-05
 0.10966679657859E-04
 0.10245618226310E-04
 0.11263365307060E-04
 0.11761000897214E-04
 0.14215991767753E-04
 0.15396458670198E-04
 0.18014426743467E-04
 0.19164793004486E-04
 0.21753455783473E-04
 0.28373749931707E-04
 0.28071257123158E-04
 0.31420669874412E-04
 0.31448449469740E-04
 0.37297865763744E-04
 0.39995288662098E-04
 0.41703565859589E-04
 0.48347596995817E-04
 0.53273753511992E-04
 0.60901372039239E-04
 0.63350041387043E-04
 0.70728139411333E-04
 0.75883992159381E-04
 0.82021872841639E-04
 0.92685711727795E-04
 0.96310502559000E-04
 0.10884958285743E-03
 0.11480809747183E-03
 0.12122685178295E-03
 0.13734073810153E-03
 0.15172957692613E-03
 0.15689679585429E-03
 0.17123525877878E-03
 0.17792477523300E-03
 0.19650054695607E-03
 0.20628351499980E-03
 0.22783250786236E-03
 0.25010697012142E-03
 0.26376162878601E-03
 0.28204952356622E-03
 0.30416214269598E-03
 0.32132223683232E-03
 0.35054152235096E-03
 0.36237084828801E-03
 0.38166385052151E-03
 0.41483262098854E-03
 0.43563083034159E-03
 0.46757794472058E-03
 0.49659224040820E-03
 0.53942494565646E-03
 0.56251944449815E-03
 0.61794296134817E-03
 0.64509160053013E-03
 0.68802844615984E-03
 0.72720271667513E-03
 0.76361392294702E-03
 0.82903588699934E-03
 0.85837553747237E-03
 0.91575925482687E-03
 0.98461859913232E-03
 0.10329925174128E-02
 0.10785401744106E-02
 0.11612297014342E-02
 0.12200430122462E-02
 0.12931652809939E-02
 0.13588795967982E-02
 0.14404526595221E-02
 0.15232372878152E-02
 0.16126746523808E-02
 0.17323864998191E-02
 0.18030182969914E-02
 0.19129909435526E-02
 0.19905961038669E-02
 0.21305167670179E-02
 0.22090261738771E-02
 0.23288200158013E-02
 0.24698602951398E-02
 0.25779290783393E-02
 0.27431252944294E-02
 0.28858319233937E-02
 0.30431695956931E-02
 0.31925296501464E-02
 0.33127025002808E-02
 0.34861185250894E-02
 0.36616022468001E-02
 0.37881220705890E-02
 0.39919304132434E-02
 0.41688214236236E-02
 0.43145611416160E-02
 0.45843039960533E-02
 0.46730469959384E-02
 0.48553424552060E-02
 0.50410520716478E-02
 0.52534631264925E-02
 0.54071050994307E-02
 0.55155337096652E-02
 0.57144873662594E-02
 0.57346806966118E-02
 0.57820563651716E-02
 0.58843315835673E-02
 0.59798182777692E-02
 0.60482168430573E-02
 0.60916097215794E-02
 0.61142686635528E-02
 0.61859322020440E-02
 0.62058031984161E-02
 0.62773252931972E-02
 0.61276820872826E-02
 0.60099582555096E-02
 0.60160548963110E-02
 0.59812193789467E-02
 0.59285708228802E-02
 0.59733451669853E-02
 0.59668841937261E-02
 0.58230244631225E-02
 0.57319806389188E-02
 0.56770398739815E-02
 0.55095082009569E-02
 0.56450156706122E-02
 0.54907247669114E-02
 0.53821939574835E-02
 0.50853776316368E-02
 0.53183777864547E-02
 0.49293305041567E-02
 0.51744566031723E-02
 0.50814015949870E-02
 0.48974987568046E-02
 0.47647544672586E-02
 0.47399087231886E-02
 0.47135901471759E-02
 0.44739332593613E-02
 0.44432466083584E-02
 0.43437733393410E-02
 0.42423572568751E-02
 0.41168818014246E-02
 0.41302808097144E-02
 0.40749214228795E-02
 0.38912642412314E-02
 0.38302074662933E-02
 0.38023228471649E-02
 0.36833006634214E-02
 0.36746593318022E-02
 0.35566412325704E-02
 0.35473631794975E-02
 0.34872926300053E-02
 0.34360577994350E-02
 0.34138500463150E-02
 0.32912205874742E-02
 0.32654719953231E-02
 0.32047483546887E-02
 0.31369699479881E-02
 0.31040317424146E-02
 0.30638263613723E-02
 0.30111468433528E-02
 0.29604859046179E-02
 0.29314478841868E-02
 0.29032352495883E-02
 0.28656204419921E-02
 0.28336339077713E-02
 0.27924145725724E-02
 0.27486233861428E-02
 0.27187838379242E-02
 0.26966058824087E-02
 0.26645544900207E-02
 0.26334282246432E-02
 0.26054382190595E-02
 0.25796278524145E-02
 0.25502438581246E-02
 0.25249263904932E-02
 0.24918075122826E-02
 0.24769258119768E-02
 0.24397520063045E-02
 0.24331641509410E-02
 0.24107950150217E-02
 0.23822747971958E-02
 0.23498309710437E-02
 0.23355310431985E-02
 0.23166373338050E-02
 0.22987807000704E-02
 0.22710968326547E-02
 0.22773967491572E-02
 0.22325974994840E-02
 0.22241344232667E-02
 0.21896673185459E-02
 0.22122459037935E-02
 0.21631308001638E-02
 0.21759265587216E-02
 0.21715817664423E-02
 0.21144847431585E-02
 0.21349755046925E-02
 0.21180237713179E-02
 0.20839424975450E-02
 0.20754588908375E-02
 0.20426888763342E-02
 0.20518443724452E-02
 0.19817554701010E-02
 0.19989845469487E-02
 0.19630421032509E-02
 0.19750982119377E-02
 0.19881174020799E-02
 0.19442202076437E-02
 0.19560808246486E-02
 0.19172648537379E-02
 0.19108386075219E-02
 0.19262514563348E-02
 0.19013289851472E-02
 0.18842744415779E-02
 0.19301515716746E-02
 0.18323650530525E-02
 0.18767819300502E-02
 0.18788113461299E-02
 0.17518364173661E-02
 0.17369833740272E-02
 0.18354739791893E-02
 0.17431985911535E-02
 0.18338726963353E-02
 0.17356774555602E-02
 0.17284083773341E-02
 0.17285594901506E-02
 0.17118109218444E-02
 0.17372300719484E-02
 0.17443346644845E-02
 0.17036956899754E-02
