 0.00000000000000E+00
 0.00000000000000E+00
-0.37580412829873E-26
 0.11334068065746E-25
 0.37580412829873E-26
-0.44746052282342E-25
-0.84637545223913E-24
-0.16894456725867E-22
-0.14248382508657E-21
-0.72828423851249E-21
-0.32878558153593E-20
-0.81326080609328E-20
-0.39763715037522E-19
 0.23795548314504E-05
-0.10017361657288E-05
 0.79132103073286E-06
-0.74772633351541E-06
 0.96499622002489E-06
-0.99436831445547E-06
 0.18821986877918E-05
 0.19115318823740E-05
 0.31288252960758E-06
-0.35300273461081E-05
 0.42420532255083E-05
 0.37958214771248E-05
 0.66207390535873E-06
 0.23061017684563E-05
 0.12001424350742E-05
 0.20984945042056E-05
 0.97105732237422E-06
-0.30210001966108E-05
 0.20263837475950E-05
-0.10763135294386E-05
 0.95287692140342E-06
-0.23349211773922E-05
 0.28108320340584E-05
 0.23588521868590E-05
-0.14351800285405E-05
 0.58902932031411E-05
 0.20423162551251E-05
-0.50250541815607E-05
-0.45713129194443E-05
 0.14868114517997E-05
 0.42967385819805E-05
 0.56507949605820E-06
-0.60470512214824E-06
 0.38724755533263E-06
-0.37778347193738E-05
-0.15308487306142E-05
-0.13951903202229E-05
 0.14369779744995E-05
-0.19231885060002E-05
 0.19787221081457E-05
 0.31723676634225E-05
 0.32095567278126E-05
 0.16897226795192E-05
-0.14421832031047E-05
 0.12483695212004E-06
 0.81797881401674E-06
 0.78160601892886E-06
 0.26111415964794E-05
 0.10492471955713E-05
 0.94092986124186E-06
-0.50152967338369E-06
 0.36171040063317E-05
 0.10535293875310E-05
 0.15309061301737E-05
 0.33654926725772E-05
 0.52843391783598E-05
 0.81476358232631E-05
 0.87215623888639E-05
 0.99739868205961E-05
 0.81149728225116E-05
 0.13335527335258E-04
 0.15843738275867E-04
 0.17350572591829E-04
 0.22637765614047E-04
 0.23665591128030E-04
 0.23060235113717E-04
 0.35378725407575E-04
 0.37321784137723E-04
 0.50320281986013E-04
 0.47974155177381E-04
 0.66812193871009E-04
 0.65821726143767E-04
 0.72114748927444E-04
 0.78990582493137E-04
 0.96826606901885E-04
 0.10284478985984E-03
 0.11507102201421E-03
 0.12337359331220E-03
 0.13262669906458E-03
 0.14444524938351E-03
 0.16433604849124E-03
 0.18204532774016E-03
 0.21265090364404E-03
 0.23098563798428E-03
 0.25685766885766E-03
 0.28502793358062E-03
 0.30698753420071E-03
 0.34451634125158E-03
 0.36145343524428E-03
 0.41396193587278E-03
 0.44938507576851E-03
 0.49633052910459E-03
 0.53761951075763E-03
 0.60100183905664E-03
 0.64242260667797E-03
 0.69665386740071E-03
 0.76698429334394E-03
 0.80218436293218E-03
 0.89924374241944E-03
 0.94919504707533E-03
 0.10274727607151E-02
 0.10864595865546E-02
 0.12041973972890E-02
 0.13226464131454E-02
 0.14133484633696E-02
 0.14890646574206E-02
 0.16835889852421E-02
 0.17485796535724E-02
 0.18733725203692E-02
 0.20441914747136E-02
 0.21862466027884E-02
 0.24029437547639E-02
 0.25409633362413E-02
 0.27022219554004E-02
 0.29800569291100E-02
 0.31655794547323E-02
 0.33842903912458E-02
 0.35162557315383E-02
 0.37413814222363E-02
 0.41128726190939E-02
 0.43859671747810E-02
 0.46653753421094E-02
 0.49745578002538E-02
 0.53380848464098E-02
 0.56328963081101E-02
 0.61420583905451E-02
 0.64640788890919E-02
 0.69765191862858E-02
 0.73716076938122E-02
 0.78712626213130E-02
 0.82795840193716E-02
 0.88963127734361E-02
 0.92869662268936E-02
 0.10020535531751E-01
 0.10731311320489E-01
 0.11260813669437E-01
 0.12029849292247E-01
 0.12809132771857E-01
 0.13462388290239E-01
 0.14360598648509E-01
 0.15053652109575E-01
 0.16120250203076E-01
 0.16886067917876E-01
 0.17730612948498E-01
 0.18986749912835E-01
 0.20302271592767E-01
 0.21526473305220E-01
 0.22428367265603E-01
 0.23672486142148E-01
 0.24713363912071E-01
 0.25838395117359E-01
 0.27244625425456E-01
 0.28942539223660E-01
 0.30017567937298E-01
 0.31337930745275E-01
 0.33179724098325E-01
 0.33577373945315E-01
 0.35196245294905E-01
 0.37064370491029E-01
 0.37777970673141E-01
 0.39192896092456E-01
 0.39977711491648E-01
 0.40655720074878E-01
 0.41863837928897E-01
 0.42647334654842E-01
 0.42851607419436E-01
 0.43555477583696E-01
 0.43368545048841E-01
 0.44708795187981E-01
 0.44088114275204E-01
 0.44091080725002E-01
 0.44057992451962E-01
 0.44474454222352E-01
 0.44725037079807E-01
 0.44575150717839E-01
 0.45169726147786E-01
 0.45240599538861E-01
 0.44569908097051E-01
 0.43513914978516E-01
 0.43170728579021E-01
 0.44004850625413E-01
 0.42693742589798E-01
 0.42405764833225E-01
 0.42770244251179E-01
 0.43346919380967E-01
 0.42997561618189E-01
 0.40107056573407E-01
 0.40659468611691E-01
 0.41499538431406E-01
 0.38836256877073E-01
 0.39034907201275E-01
 0.38710331452486E-01
 0.38137837438395E-01
 0.36759512393265E-01
 0.37095619734137E-01
 0.36926042131418E-01
 0.36095871728505E-01
 0.35889924635515E-01
 0.35195006381870E-01
 0.34639828738238E-01
 0.33635689179388E-01
 0.33132591348010E-01
 0.32925122971090E-01
 0.32291554369882E-01
 0.32135576242633E-01
 0.31064630471037E-01
 0.31266673563227E-01
 0.31060957184005E-01
 0.30045897555480E-01
 0.29993110191335E-01
 0.29361021950569E-01
 0.29264132304067E-01
 0.28884131009630E-01
 0.28981674896158E-01
 0.28428664225895E-01
 0.28205741681837E-01
 0.27609144622669E-01
 0.27348993655090E-01
 0.27255319757032E-01
 0.26983020817518E-01
 0.26903481846467E-01
 0.26492646672695E-01
 0.26328956543345E-01
 0.26111993085405E-01
 0.25841877381496E-01
 0.25706059767157E-01
 0.25492180175312E-01
 0.25353197645978E-01
 0.25151082626165E-01
 0.24980346334833E-01
 0.24789513496257E-01
 0.24661630999931E-01
 0.24468402964691E-01
 0.24314084175097E-01
 0.24262729641317E-01
 0.24124103486326E-01
 0.23974585539669E-01
 0.23810193891646E-01
 0.23867360563137E-01
 0.23541866599412E-01
 0.23541934883756E-01
 0.23442688562348E-01
 0.23334683442506E-01
 0.23115001911284E-01
 0.22912149111715E-01
 0.23120360344155E-01
 0.22768729598560E-01
 0.22458148626685E-01
 0.22581654571278E-01
 0.22621703544334E-01
 0.22226455463318E-01
 0.22610645889044E-01
 0.22100006948735E-01
 0.21969166662553E-01
 0.22129393627887E-01
 0.21856469121148E-01
 0.21920962264028E-01
 0.21505770143529E-01
 0.21669484288675E-01
 0.22109405228336E-01
 0.22218678425887E-01
 0.21381345465814E-01
 0.22040303206419E-01
 0.22085797145996E-01
 0.21476647635811E-01
 0.20683396352153E-01
 0.21252065625200E-01
 0.21417142184931E-01
 0.21274100231770E-01
 0.21572743124935E-01
 0.20347587163535E-01
 0.21651190258433E-01
 0.20644342557556E-01
 0.21633660964738E-01
 0.20508170412318E-01
 0.21105378303184E-01
 0.21069088242420E-01
 0.20633073631381E-01
 0.20302128426697E-01
 0.20473021731793E-01
 0.20651623614664E-01
 0.20747194431155E-01
 0.20242755484071E-01
 0.20567558654636E-01
 0.20442181112570E-01
 0.20160073608458E-01
 0.21123664910017E-01
