 0.00000000000000E+00
 0.00000000000000E+00
 0.00000000000000E+00
-0.74124215279459E-25
-0.54582073848928E-25
-0.31586848292204E-25
 0.30441680525668E-10
-0.22316103126442E-10
 0.69368950504223E-10
-0.75820496226125E-10
 0.69898201036075E-10
-0.67735849027792E-10
-0.19171934844567E-10
 0.49270224884358E-10
 0.26439206706494E-10
 0.10343629486216E-10
-0.35016060590171E-10
 0.24456121716345E-10
-0.29446951410732E-10
 0.13136328926825E-09
 0.21476093151635E-09
 0.81693059268057E-09
 0.18520552906686E-08
 0.42423996248113E-08
 0.89896964092720E-08
 0.18028847720840E-07
 0.34314020604213E-07
 0.62235903407541E-07
 0.10820846561569E-06
 0.18114261678858E-06
 0.29299357853118E-06
 0.45943194103508E-06
 0.70051145756335E-06
 0.10411450371486E-05
 0.15116282955820E-05
 0.21482530936763E-05
 0.29940263409477E-05
 0.40995617464987E-05
 0.55180833228164E-05
 0.73168276819628E-05
 0.95635612705171E-05
 0.12343695135206E-04
 0.15737530015383E-04
 0.19837387316355E-04
 0.24746443691403E-04
 0.30569684760653E-04
 0.37421533298927E-04
 0.45421358203336E-04
 0.54693882721596E-04
 0.65365989030462E-04
 0.77587151992505E-04
 0.91478680758820E-04
 0.10720398144117E-03
 0.12490108706916E-03
 0.14472789832962E-03
 0.16684517891370E-03
 0.19140499916198E-03
 0.21858495179318E-03
 0.24853895163918E-03
 0.28144997601005E-03
 0.31748714222538E-03
 0.35688901204601E-03
 0.39962261367555E-03
 0.44608221525526E-03
 0.49655838596880E-03
 0.55096846606748E-03
 0.60947250898872E-03
 0.67233057771154E-03
 0.73988663323641E-03
 0.81243406101392E-03
 0.89014878314714E-03
 0.97312872492971E-03
 0.10615081429249E-02
 0.11555072054374E-02
 0.12554708177730E-02
 0.13616921077298E-02
 0.14742580354051E-02
 0.15935137753494E-02
 0.17196898607478E-02
 0.18530642714640E-02
 0.19939043092732E-02
 0.21424838248143E-02
 0.22990979947962E-02
 0.24640489439516E-02
 0.26376455310926E-02
 0.28202019748658E-02
 0.30120554315207E-02
 0.32135603032934E-02
 0.34250648749276E-02
 0.36469310703687E-02
 0.38795557190212E-02
 0.41233304586204E-02
 0.43786668454708E-02
 0.46459923920988E-02
 0.49257609330414E-02
 0.52184357244678E-02
 0.55244946819266E-02
 0.58444418217046E-02
 0.61787877652238E-02
 0.65280788301060E-02
 0.68928755553098E-02
 0.72737557618868E-02
 0.76713870066211E-02
 0.80862881517215E-02
 0.85191662942267E-02
 0.89707588892040E-02
 0.94417576170016E-02
 0.99329236785582E-02
 0.10444944863600E-01
 0.10978614656286E-01
 0.11534803939972E-01
 0.12114375224544E-01
 0.12718173525226E-01
 0.13347292883071E-01
 0.14002667869445E-01
 0.14685302015840E-01
 0.15396304645451E-01
 0.16136631953548E-01
 0.16907473304836E-01
 0.17709954967783E-01
 0.18545349237078E-01
 0.19414995666409E-01
 0.20320240177971E-01
 0.21262340220439E-01
 0.22242866592474E-01
 0.23263232535673E-01
 0.24324988197802E-01
 0.25429733424556E-01
 0.26579096083114E-01
 0.27774960668824E-01
 0.29018944641416E-01
 0.30312869758426E-01
 0.31658734902012E-01
 0.33058497760502E-01
 0.34514208028352E-01
 0.36027977754958E-01
 0.37601856427053E-01
 0.39238065846401E-01
 0.40938840914158E-01
 0.42706369948385E-01
 0.44543194576298E-01
 0.46451636919819E-01
 0.48434110553497E-01
 0.50493057176777E-01
 0.52630877323521E-01
 0.54849693820290E-01
 0.57151842843556E-01
 0.59539345418992E-01
 0.62014253861837E-01
 0.64578469336228E-01
 0.67233624478181E-01
 0.69980837525231E-01
 0.72820938517075E-01
 0.75754444034284E-01
 0.78781208799392E-01
 0.81900481813270E-01
 0.85110788452479E-01
 0.88409858683911E-01
 0.91794536416501E-01
 0.95260724871680E-01
 0.98803358407864E-01
 0.10241637735033E+00
 0.10609268332953E+00
 0.10982423273527E+00
 0.11360214143516E+00
 0.11741672744319E+00
 0.12125769159909E+00
 0.12511425949458E+00
 0.12897538555669E+00
 0.13282992689406E+00
 0.13666684444777E+00
 0.14047535302113E+00
 0.14424512473261E+00
 0.14796637282943E+00
 0.15163002268786E+00
 0.15522773898616E+00
 0.15875204071749E+00
 0.16219628585989E+00
 0.16555470915676E+00
 0.16882241998736E+00
 0.17199534927639E+00
 0.17507014792623E+00
 0.17804441947929E+00
 0.18091629183676E+00
 0.18368455096683E+00
 0.18634868855762E+00
 0.18890870550085E+00
 0.19136507563485E+00
 0.19371862928904E+00
 0.19597057856204E+00
 0.19812247037975E+00
 0.20017619838077E+00
 0.20213394172767E+00
 0.20399809974362E+00
 0.20577103614235E+00
 0.20745526350329E+00
 0.20905359353415E+00
 0.21056872212812E+00
 0.21200346005380E+00
 0.21336064198670E+00
 0.21464306741140E+00
 0.21585355478139E+00
 0.21699486763443E+00
 0.21806974078933E+00
 0.21908084343264E+00
 0.22003078743455E+00
 0.22092211411180E+00
 0.22175728394273E+00
 0.22253868683162E+00
 0.22326862239969E+00
 0.22394932338872E+00
 0.22458291811500E+00
 0.22517144985929E+00
 0.22571688467017E+00
 0.22622113150711E+00
 0.22668599683115E+00
 0.22711320873142E+00
 0.22750440180039E+00
 0.22786113075248E+00
 0.22818490492899E+00
 0.22847719226125E+00
 0.22873937661091E+00
 0.22897276217805E+00
 0.22917855268045E+00
 0.22935797928069E+00
 0.22951215557934E+00
 0.22964216699674E+00
 0.22974904752985E+00
 0.22983377980095E+00
 0.22989730380575E+00
 0.22994051428274E+00
 0.22996426739496E+00
 0.22996937737884E+00
 0.22995662516816E+00
 0.22992675428737E+00
 0.22988047547677E+00
 0.22981846824697E+00
 0.22974138152599E+00
 0.22964983619515E+00
 0.22954442658983E+00
 0.22942572021711E+00
 0.22929426094448E+00
 0.22915056926348E+00
 0.22899514351343E+00
 0.22882846147223E+00
 0.22865098051117E+00
 0.22846313897014E+00
 0.22826535754061E+00
 0.22805803953824E+00
 0.22784157216813E+00
 0.22761632646531E+00
 0.22738265884769E+00
 0.22714091194880E+00
 0.22689141427159E+00
 0.22663448195218E+00
 0.22637041847945E+00
 0.22609951574589E+00
 0.22582205428883E+00
 0.22553830429405E+00
 0.22524852505604E+00
 0.22495296655134E+00
 0.22465186936844E+00
 0.22434546484100E+00
 0.22403397599703E+00
 0.22371761738347E+00
 0.22339659595640E+00
 0.22307111083214E+00
 0.22274135431253E+00
 0.22240751113919E+00
 0.22206975988463E+00
 0.22172827268654E+00
 0.22138321534804E+00
 0.22103474794245E+00
 0.22068302499932E+00
 0.22032819519149E+00
 0.21997040244665E+00
 0.21960978558618E+00
 0.21924647849917E+00
 0.21888061013247E+00
 0.21851230584540E+00
 0.21814168574579E+00
 0.21776886628302E+00
 0.21739396037202E+00
 0.21701707598666E+00
 0.21663831849177E+00
 0.21625778901111E+00
 0.21587558548223E+00
 0.21549180273797E+00
 0.21510653201649E+00
 0.21471986202116E+00
 0.21433187801543E+00
 0.21394266257750E+00
 0.21355229554197E+00
 0.21316085407529E+00
 0.21276841291677E+00
 0.21237504437968E+00
 0.21198081768557E+00
 0.21158580070429E+00
 0.21119005855986E+00
 0.21079365424265E+00
