 0.00000000000000E+00
 0.00000000000000E+00
 0.00000000000000E+00
-0.18001811465622E-24
-0.73375674276457E-24
-0.50955329358651E-24
-0.15746978750773E-10
 0.85347932919256E-11
-0.10567849788062E-10
-0.35012524225882E-10
-0.25894948544121E-10
-0.13211026082646E-12
-0.21880735707303E-10
-0.85004687823600E-11
 0.45176048507941E-11
 0.20702916414568E-10
 0.75587351682668E-10
-0.37414455291103E-10
 0.16161663001427E-09
-0.36580130568045E-10
 0.31572129208032E-09
 0.77032102319961E-09
 0.17849876794487E-08
 0.41741389945234E-08
 0.88793553003624E-08
 0.17866059690841E-07
 0.34103228069782E-07
 0.61954178827895E-07
 0.10783458488861E-06
 0.18067037645745E-06
 0.29240576408120E-06
 0.45872204182870E-06
 0.69965560293864E-06
 0.10401290699774E-05
 0.15104523399099E-05
 0.21468934837962E-05
 0.29924647280572E-05
 0.40909664383976E-05
 0.55160838856130E-05
 0.73145843380552E-05
 0.95558521155603E-05
 0.12343960358354E-04
 0.15730527009340E-04
 0.19824430591048E-04
 0.24743460605161E-04
 0.30566170004627E-04
 0.37417225541060E-04
 0.45413100410709E-04
 0.54675106122343E-04
 0.65375477804503E-04
 0.77588187100624E-04
 0.91467467343708E-04
 0.10718525790277E-03
 0.12489271139374E-03
 0.14471936272182E-03
 0.16684730388182E-03
 0.19140798423936E-03
 0.21859523593626E-03
 0.24854519963087E-03
 0.28148311111335E-03
 0.31751063669418E-03
 0.35657899398475E-03
 0.39958424456869E-03
 0.44660201555405E-03
 0.49677956260553E-03
 0.55063320076456E-03
 0.60885192862226E-03
 0.67195494465973E-03
 0.74014749851649E-03
 0.81336567204229E-03
 0.89135516007333E-03
 0.97428802738435E-03
 0.10622083793731E-02
 0.11562250799134E-02
 0.12565740514473E-02
 0.13632007270534E-02
 0.14758981664177E-02
 0.15954512288113E-02
 0.17220078679285E-02
 0.18558219946389E-02
 0.19971259688862E-02
 0.21462633778405E-02
 0.23035299171136E-02
 0.24692181498177E-02
 0.26436213974515E-02
 0.28271249147514E-02
 0.30200706831695E-02
 0.32228068030056E-02
 0.34356675800536E-02
 0.36590709224158E-02
 0.38934278154988E-02
 0.41391241304759E-02
 0.43966050011071E-02
 0.46663417430844E-02
 0.49487951325595E-02
 0.52444681034410E-02
 0.55538332909272E-02
 0.58774000336684E-02
 0.62157407212225E-02
 0.65694492279054E-02
 0.69390983872958E-02
 0.73254730263059E-02
 0.77285456570708E-02
 0.81499042828037E-02
 0.85901257321721E-02
 0.90496347895861E-02
 0.95289704203874E-02
 0.10028847402069E-01
 0.10550386048222E-01
 0.11094120026985E-01
 0.11661592821875E-01
 0.12253448068315E-01
 0.12870985292473E-01
 0.13514725754491E-01
 0.14186252695259E-01
 0.14885807202220E-01
 0.15614733975181E-01
 0.16374011373625E-01
 0.17164674837223E-01
 0.17988347340158E-01
 0.18846692991800E-01
 0.19741072497893E-01
 0.20672646448825E-01
 0.21641841093553E-01
 0.22651589514800E-01
 0.23702433728563E-01
 0.24796234909772E-01
 0.25934590507274E-01
 0.27119633185476E-01
 0.28351526106325E-01
 0.29633003118398E-01
 0.30966451287184E-01
 0.32352981838697E-01
 0.33794702089976E-01
 0.35292598077269E-01
 0.36848413157745E-01
 0.38464439655819E-01
 0.40142393738242E-01
 0.41883949778649E-01
 0.43691071490317E-01
 0.45565851947366E-01
 0.47509542264901E-01
 0.49524078447268E-01
 0.51609058330508E-01
 0.53765935439265E-01
 0.55994615331942E-01
 0.58295359458615E-01
 0.60668406850989E-01
 0.63113697232509E-01
 0.65630110970927E-01
 0.68215539078554E-01
 0.70865745130767E-01
 0.73577668951097E-01
 0.76347291906792E-01
 0.79168751609688E-01
 0.82034979754686E-01
 0.84938341869857E-01
 0.87869761932533E-01
 0.90819491581226E-01
 0.93776729760147E-01
 0.96730431523858E-01
 0.99668624863058E-01
 0.10257923243318E+00
 0.10545083084538E+00
 0.10827201632392E+00
 0.11103218994482E+00
 0.11372207136706E+00
 0.11633325305341E+00
 0.11885907295835E+00
 0.12129393241097E+00
 0.12363389231977E+00
 0.12587642415046E+00
 0.12802026486376E+00
 0.13006530541749E+00
 0.13201226791864E+00
 0.13386310964266E+00
 0.13561998521366E+00
 0.13728586517203E+00
 0.13886403203406E+00
 0.14035819194888E+00
 0.14177166081986E+00
 0.14310957849807E+00
 0.14437459830125E+00
 0.14557106088357E+00
 0.14670389731214E+00
 0.14777742005241E+00
 0.14879512782491E+00
 0.14976055678122E+00
 0.15067744862788E+00
 0.15154958321261E+00
 0.15238116471153E+00
 0.15317633783339E+00
 0.15393855699552E+00
 0.15467034673472E+00
 0.15537363254740E+00
 0.15605161942222E+00
 0.15670783373307E+00
 0.15734391250110E+00
 0.15796202633496E+00
 0.15856407769675E+00
 0.15915174880881E+00
 0.15972661441717E+00
 0.16028989202004E+00
 0.16084282639568E+00
 0.16138644800054E+00
 0.16192149209289E+00
 0.16244882992819E+00
 0.16296903665598E+00
 0.16348261505814E+00
 0.16399009892478E+00
 0.16449177650166E+00
 0.16498778810466E+00
 0.16547856792234E+00
 0.16596450393528E+00
 0.16644561226018E+00
 0.16692178804421E+00
 0.16739321893240E+00
 0.16785981423542E+00
 0.16832155678822E+00
 0.16877909633576E+00
 0.16923238812902E+00
 0.16968139430396E+00
 0.17012564730998E+00
 0.17056509521285E+00
 0.17100046483735E+00
 0.17143125745969E+00
 0.17185761633818E+00
 0.17227953476711E+00
 0.17269703483714E+00
 0.17311011897779E+00
 0.17351880090545E+00
 0.17392309337340E+00
 0.17432301274651E+00
 0.17471858288208E+00
 0.17510983152416E+00
 0.17549676886504E+00
 0.17587943792391E+00
 0.17625785065262E+00
 0.17663205165932E+00
 0.17700206614865E+00
 0.17736793308338E+00
 0.17772968651614E+00
 0.17808736763624E+00
 0.17844101256317E+00
 0.17879066647869E+00
 0.17913636621857E+00
 0.17947815450060E+00
 0.17981607883322E+00
 0.18015018044162E+00
 0.18048050456369E+00
 0.18080709734044E+00
 0.18113000571414E+00
 0.18144927408571E+00
 0.18176495011475E+00
 0.18207707726807E+00
 0.18238570410590E+00
 0.18269087763390E+00
 0.18299264252571E+00
 0.18329104637057E+00
 0.18358613546789E+00
 0.18387795572856E+00
 0.18416655076550E+00
 0.18445196843271E+00
 0.18473425224086E+00
 0.18501344630801E+00
 0.18528959698229E+00
 0.18556274623082E+00
 0.18583293636114E+00
 0.18610021408449E+00
 0.18636461770061E+00
 0.18662619239665E+00
 0.18688497532930E+00
 0.18714101080298E+00
 0.18739433918789E+00
 0.18764499789493E+00
 0.18789302953739E+00
 0.18813846826592E+00
 0.18838135384581E+00
 0.18862172717267E+00
 0.18885962028743E+00
 0.18909507410185E+00
 0.18932812017882E+00
 0.18955879848326E+00
 0.18978713943147E+00
 0.19001318213506E+00
 0.19023695380860E+00
 0.19045849645344E+00
 0.19067783167777E+00
 0.19089500073867E+00
 0.19111003137300E+00
 0.19132295779024E+00
 0.19153380766305E+00
 0.19174261023787E+00
 0.19194939482709E+00
 0.19215419499107E+00
 0.19235703891668E+00
 0.19255794798059E+00
 0.19275695591633E+00
 0.19295408649333E+00
 0.19314937306515E+00
