 0.00000000000000E+00
 0.00000000000000E+00
 0.00000000000000E+00
 0.56562647551349E-26
 0.46349653619648E-25
 0.38624711349707E-25
-0.12424825171370E-10
 0.11448363750047E-10
-0.12612548102045E-10
 0.16233812625026E-10
-0.33195454594174E-10
 0.39030293127612E-10
 0.28212041100508E-10
-0.50558147989638E-10
-0.16749263645798E-10
-0.17847505489415E-10
 0.44356962304008E-10
-0.79825792378780E-10
 0.22512513668933E-09
-0.99654425446496E-10
 0.40539411081442E-09
 0.59121630269890E-09
 0.18727807681484E-08
 0.41254479175835E-08
 0.89731826486396E-08
 0.18027396836362E-07
 0.34158178180853E-07
 0.62062129456950E-07
 0.10800256797636E-06
 0.18082550067938E-06
 0.29256258774553E-06
 0.45891536190782E-06
 0.69983688676305E-06
 0.10403048109664E-05
 0.15106588441293E-05
 0.21471069870071E-05
 0.29926437558711E-05
 0.40771676074074E-05
 0.55161734601899E-05
 0.73145680761119E-05
 0.95623849124578E-05
 0.12345839237245E-04
 0.15721373073894E-04
 0.19811425597232E-04
 0.24739454284132E-04
 0.30570022145800E-04
 0.37416325506304E-04
 0.45403999446785E-04
 0.54657250801327E-04
 0.65398730120647E-04
 0.77549346662727E-04
 0.91485062650749E-04
 0.10716046883692E-03
 0.12492295932212E-03
 0.14471990124098E-03
 0.16683779380499E-03
 0.19144767882310E-03
 0.21864640100214E-03
 0.24866643547824E-03
 0.28154283837753E-03
 0.31758642198101E-03
 0.35497809523892E-03
 0.40033760545286E-03
 0.44862190833722E-03
 0.49508491388391E-03
 0.54741557886253E-03
 0.60722511805764E-03
 0.67407426067462E-03
 0.74478420726679E-03
 0.81710861096437E-03
 0.89182452404449E-03
 0.97229440253756E-03
 0.10616980397652E-02
 0.11583460110381E-02
 0.12593471048445E-02
 0.13636732220095E-02
 0.14779375655236E-02
 0.15978348173597E-02
 0.17249985214734E-02
 0.18592236625409E-02
 0.20010933098919E-02
 0.21508889002674E-02
 0.23089124065669E-02
 0.24753604577075E-02
 0.26505912419154E-02
 0.28352514581512E-02
 0.30295387862004E-02
 0.32333902403071E-02
 0.34476229321852E-02
 0.36728676372828E-02
 0.39089103317195E-02
 0.41564852755660E-02
 0.44161279221194E-02
 0.46884802923358E-02
 0.49736678441923E-02
 0.52722218450794E-02
 0.55846920413921E-02
 0.59115916782445E-02
 0.62537802980063E-02
 0.66115564981194E-02
 0.69857438340275E-02
 0.73777585865870E-02
 0.77829045193640E-02
 0.82116113040102E-02
 0.86612407659959E-02
 0.91280949174873E-02
 0.96133314515664E-02
 0.10115648152749E-01
 0.10642928097617E-01
 0.11194533467001E-01
 0.11772346798945E-01
 0.12376186178233E-01
 0.13010641574477E-01
 0.13667069984214E-01
 0.14349060052790E-01
 0.15057833816720E-01
 0.15791758101378E-01
 0.16560182015463E-01
 0.17363184938122E-01
 0.18204231726500E-01
 0.19080522269377E-01
 0.19988448350353E-01
 0.20928055574299E-01
 0.21915643665903E-01
 0.22934836307808E-01
 0.23996574079601E-01
 0.25101332244265E-01
 0.26250661832539E-01
 0.27450826937306E-01
 0.28681093760818E-01
 0.29963343803725E-01
 0.31303972545845E-01
 0.32691575228019E-01
 0.34129387940008E-01
 0.35612941384298E-01
 0.37138974994429E-01
 0.38721516042225E-01
 0.40358443986320E-01
 0.42052087900861E-01
 0.43812424546227E-01
 0.45623489780529E-01
 0.47485517758732E-01
 0.49393285724080E-01
 0.51338739842646E-01
 0.53315630060768E-01
 0.55340115730703E-01
 0.57402766663877E-01
 0.59509262311821E-01
 0.61642640827514E-01
 0.63782749816057E-01
 0.65910443500657E-01
 0.68038980029217E-01
 0.70160749852737E-01
 0.72243872215031E-01
 0.74277723759773E-01
 0.76245780940813E-01
 0.78132717248245E-01
 0.79920338761758E-01
 0.81594171732581E-01
 0.83138868802583E-01
 0.84539298968952E-01
 0.85778979391161E-01
 0.86852455504538E-01
 0.87752825944530E-01
 0.88472888315042E-01
 0.89012157245235E-01
 0.89371450048338E-01
 0.89554519413166E-01
 0.89567441342799E-01
 0.89416835628357E-01
 0.89109824740069E-01
 0.88656948545458E-01
 0.88065968207264E-01
 0.87348835268193E-01
 0.86513390408636E-01
 0.85572732096713E-01
 0.84534749666216E-01
 0.83410208316417E-01
 0.82209395804777E-01
 0.80939169280826E-01
 0.79607350441339E-01
 0.78243647874172E-01
 0.76829855432640E-01
 0.75384280921123E-01
 0.73935603613979E-01
 0.72479453702813E-01
 0.71018008319600E-01
 0.69551626625724E-01
 0.68094517696747E-01
 0.66663820989792E-01
 0.65273144287728E-01
 0.63922626130836E-01
 0.62600587891175E-01
 0.61295137928413E-01
 0.60034893610607E-01
 0.58836030179218E-01
 0.57665395017514E-01
 0.56541945261897E-01
 0.55462060566592E-01
 0.54423275900404E-01
 0.53427940647876E-01
 0.52472900061567E-01
 0.51557185639989E-01
 0.50679346672608E-01
 0.49837447920436E-01
 0.49030211369334E-01
 0.48255419214826E-01
 0.47512320288287E-01
 0.46798177302375E-01
 0.46113107292311E-01
 0.45451980766834E-01
 0.44814204471924E-01
 0.44202456896009E-01
 0.43617841493295E-01
 0.43051568792156E-01
 0.42501028152541E-01
 0.41966238184073E-01
 0.41448756069516E-01
 0.40954001106167E-01
 0.40479880790206E-01
 0.40018055088438E-01
 0.39563672259072E-01
 0.39120499861057E-01
 0.38700634886207E-01
 0.38285500034625E-01
 0.37884185716460E-01
 0.37494093946666E-01
 0.37114396926269E-01
 0.36744875724320E-01
 0.36384734558188E-01
 0.36034039799664E-01
 0.35691815322692E-01
 0.35358417293972E-01
 0.35032916170060E-01
 0.34715046557695E-01
 0.34404710840782E-01
 0.34101458303631E-01
 0.33805165905032E-01
 0.33515525343896E-01
 0.33232139453347E-01
 0.32954967480873E-01
 0.32683686485558E-01
 0.32418098473534E-01
 0.32158059756021E-01
 0.31903220730857E-01
 0.31653515986102E-01
 0.31408843206807E-01
 0.31168929093052E-01
 0.30933660414334E-01
 0.30702793204017E-01
 0.30476294514646E-01
 0.30254015243319E-01
 0.30035777662770E-01
 0.29821503603564E-01
 0.29611022049309E-01
 0.29404267269418E-01
 0.29201095421354E-01
 0.29001444831104E-01
 0.28805125779286E-01
 0.28612122650988E-01
 0.28422351503832E-01
 0.28235617481464E-01
 0.28051943799398E-01
 0.27871191618303E-01
 0.27693301749430E-01
 0.27518195942261E-01
 0.27345814551457E-01
 0.27176019981103E-01
 0.27008844230926E-01
 0.26844165791052E-01
 0.26681918566195E-01
 0.26522036209711E-01
 0.26364498562847E-01
 0.26209155130297E-01
 0.26056102934870E-01
 0.25905164608305E-01
 0.25756339512074E-01
 0.25609512166376E-01
 0.25464777026553E-01
 0.25321920524370E-01
 0.25181035160526E-01
 0.25042045215874E-01
 0.24904762319329E-01
 0.24769376645765E-01
 0.24635679085288E-01
 0.24503689125566E-01
 0.24373440374150E-01
 0.24244774927934E-01
 0.24117778660083E-01
 0.23992284672192E-01
 0.23868347014875E-01
 0.23745893094983E-01
 0.23624981724818E-01
 0.23505509563044E-01
 0.23387420401007E-01
 0.23270676780513E-01
 0.23155397902007E-01
 0.23041392570991E-01
 0.22928700210984E-01
 0.22817320968591E-01
