 0.00000000000000E+00
 0.00000000000000E+00
 0.77308811195169E-25
-0.23453234856961E-25
-0.16698703218157E-25
 0.91514194238924E-11
-0.29921480163591E-10
 0.11842913211756E-10
 0.10064588631408E-09
-0.62034277646387E-10
 0.17016805902734E-10
-0.55009187163717E-06
 0.19896542672998E-05
 0.33812283760969E-05
-0.11525475512308E-05
-0.48680205435042E-05
 0.68363066656651E-05
 0.56718066281183E-06
 0.67242620687987E-06
 0.21534556817746E-05
 0.71420950420310E-06
-0.74633310108982E-06
 0.26728809833229E-05
-0.19802652106445E-05
 0.73947226662151E-06
 0.34032539086260E-06
-0.43043669245433E-06
 0.27405419331282E-06
 0.17334173043417E-05
 0.19325419441557E-05
 0.30770288721955E-05
 0.46740781057816E-05
 0.57507924122371E-05
 0.77900882771211E-05
 0.10419635765997E-04
 0.13871438137090E-04
 0.19406590388971E-04
 0.24725419861324E-04
 0.32508348017842E-04
 0.41162181414947E-04
 0.51490179264223E-04
 0.64240118001002E-04
 0.79328603252560E-04
 0.96668147851819E-04
 0.11686994976925E-03
 0.13997823407225E-03
 0.16659546625823E-03
 0.19655041813380E-03
 0.23073407289166E-03
 0.26911754423192E-03
 0.31169802989678E-03
 0.35898824952619E-03
 0.41140038708876E-03
 0.46934165236722E-03
 0.53273420849006E-03
 0.60191845825733E-03
 0.67763463382062E-03
 0.76000597996333E-03
 0.84923188058222E-03
 0.94517653807046E-03
 0.10488139278867E-02
 0.11601439945936E-02
 0.12797713638816E-02
 0.14079214730157E-02
 0.15449776523491E-02
 0.16910076732733E-02
 0.18462606246343E-02
 0.20114568241900E-02
 0.21866301040721E-02
 0.23722552535041E-02
 0.25688750015750E-02
 0.27766818786610E-02
 0.29959936794051E-02
 0.32273929843754E-02
 0.34710279239075E-02
 0.37278153499936E-02
 0.39975225459672E-02
 0.42811636784330E-02
 0.45788210857652E-02
 0.48910123067619E-02
 0.52186694127924E-02
 0.55616783428909E-02
 0.59209893514420E-02
 0.62967022951680E-02
 0.66902007101817E-02
 0.71013219823939E-02
 0.75311155912806E-02
 0.79798997900474E-02
 0.84485120796720E-02
 0.89375661628162E-02
 0.94482198236131E-02
 0.99805343873495E-02
 0.10535897771215E-01
 0.11114350771101E-01
 0.11717832385577E-01
 0.12346243289604E-01
 0.13001230534481E-01
 0.13683027639258E-01
 0.14393329077919E-01
 0.15132553366141E-01
 0.15902040032944E-01
 0.16703045240311E-01
 0.17536443747570E-01
 0.18404127935949E-01
 0.19306575251132E-01
 0.20245615173909E-01
 0.21222065315737E-01
 0.22237703030574E-01
 0.23294474352334E-01
 0.24392246051308E-01
 0.25534889492979E-01
 0.26722186448413E-01
 0.27956712869207E-01
 0.29240410822696E-01
 0.30574409420815E-01
 0.31961243701137E-01
 0.33403144051115E-01
 0.34901558648282E-01
 0.36458344046633E-01
 0.38076571128534E-01
 0.39758685446138E-01
 0.41505439947259E-01
 0.43321456092320E-01
 0.45207332546400E-01
 0.47167523972919E-01
 0.49203106474004E-01
 0.51318625744659E-01
 0.53515038178861E-01
 0.55795833211674E-01
 0.58166314991102E-01
 0.60625794062841E-01
 0.63180414252498E-01
 0.65833073304126E-01
 0.68585594271710E-01
 0.71441959617779E-01
 0.74405617663083E-01
 0.77481054395727E-01
 0.80669883795753E-01
 0.83975230837410E-01
 0.87401571018468E-01
 0.90952615233652E-01
 0.94628923197941E-01
 0.98434808383248E-01
 0.10237265254606E+00
 0.10644340728381E+00
 0.11064970481468E+00
 0.11499029680513E+00
 0.11946860411202E+00
 0.12408094666088E+00
 0.12882730590698E+00
 0.13370408476336E+00
 0.13870937784903E+00
 0.14383483639821E+00
 0.14907565384586E+00
 0.15442115708698E+00
 0.15986828994296E+00
 0.16539778079860E+00
 0.17099953011400E+00
 0.17665777129593E+00
 0.18235719237276E+00
 0.18808130110702E+00
 0.19381095231435E+00
 0.19952895053697E+00
 0.20521370623725E+00
 0.21084727718475E+00
 0.21641000605088E+00
 0.22188420767934E+00
 0.22725460920583E+00
 0.23250488881378E+00
 0.23761916291394E+00
 0.24258854491933E+00
 0.24740285537729E+00
 0.25205046588962E+00
 0.25652605500105E+00
 0.26082359961451E+00
 0.26493970341712E+00
 0.26887570002640E+00
 0.27263016196467E+00
 0.27620480784491E+00
 0.27960030477048E+00
 0.28282305358705E+00
 0.28587373612484E+00
 0.28876116813979E+00
 0.29148713007533E+00
 0.29405850736734E+00
 0.29648164959176E+00
 0.29876256980765E+00
 0.30090561040168E+00
 0.30291773025370E+00
 0.30480576554291E+00
 0.30657477489991E+00
 0.30823012027846E+00
 0.30977717625891E+00
 0.31122231289718E+00
 0.31256970423368E+00
 0.31382389149738E+00
 0.31498996232098E+00
 0.31607179156646E+00
 0.31707447006755E+00
 0.31800111912595E+00
 0.31885614078739E+00
 0.31964255071051E+00
 0.32036411622820E+00
 0.32102383275195E+00
 0.32162463419187E+00
 0.32216960371995E+00
 0.32266138198384E+00
 0.32310237788874E+00
 0.32349527054850E+00
 0.32384201365407E+00
 0.32414471084543E+00
 0.32440604513623E+00
 0.32462741720363E+00
 0.32481091051341E+00
 0.32495805054776E+00
 0.32507085341966E+00
 0.32515056017830E+00
 0.32519875401924E+00
 0.32521692100336E+00
 0.32520629457554E+00
 0.32516820447537E+00
 0.32510398413500E+00
 0.32501464369722E+00
 0.32490123485899E+00
 0.32476498918576E+00
 0.32460686167425E+00
 0.32442771616882E+00
 0.32422845744711E+00
 0.32401018985300E+00
 0.32377322807227E+00
 0.32351881701875E+00
 0.32324780349456E+00
 0.32296054858580E+00
 0.32265797383513E+00
 0.32234045247971E+00
 0.32200893964276E+00
 0.32166411139121E+00
 0.32130631928852E+00
 0.32093574309435E+00
 0.32055357403251E+00
 0.32016015566832E+00
 0.31975593536801E+00
 0.31934117591935E+00
 0.31891675396151E+00
 0.31848267644865E+00
 0.31803941027533E+00
 0.31758783359273E+00
 0.31712761429086E+00
 0.31665958354940E+00
 0.31618404607625E+00
 0.31570129504747E+00
 0.31521147053722E+00
 0.31471529359526E+00
 0.31421278126663E+00
 0.31370377579112E+00
 0.31318961678402E+00
 0.31267028345664E+00
 0.31214497900613E+00
 0.31161520577143E+00
 0.31108048856942E+00
 0.31054170095509E+00
 0.30999827767341E+00
 0.30945101745865E+00
 0.30889988398518E+00
 0.30834510580538E+00
 0.30778671914055E+00
 0.30722527138465E+00
 0.30666069276390E+00
 0.30609355096589E+00
 0.30552315078090E+00
 0.30495071567503E+00
 0.30437561660084E+00
 0.30379799706313E+00
 0.30321857432871E+00
 0.30263739424637E+00
 0.30205378990634E+00
 0.30146869926778E+00
 0.30088218620580E+00
 0.30029404538468E+00
 0.29970461293238E+00
 0.29911390879972E+00
 0.29852209890294E+00
 0.29792942900409E+00
 0.29733541380063E+00
 0.29674076702461E+00
 0.29614486180319E+00
 0.29554925870672E+00
 0.29495254724854E+00
 0.29435530804842E+00
 0.29375805277680E+00
 0.29315999762837E+00
 0.29256232920646E+00
 0.29196391485103E+00
 0.29136565117699E+00
 0.29076745035606E+00
 0.29016918012307E+00
 0.28957095746692E+00
 0.28897291971924E+00
 0.28837496825151E+00
 0.28777753785460E+00
