 0.00000000000000E+00
 0.00000000000000E+00
 0.12391646932425E-24
-0.22196141468628E-24
-0.44609928956729E-25
 0.29873296469405E-11
-0.42622956116707E-11
 0.16024864860622E-10
-0.38635331736501E-11
 0.12698969246805E-10
-0.22156737552319E-10
-0.21800133442492E-05
-0.41407533836280E-05
 0.46914818294963E-06
 0.27515451565947E-05
-0.18219466297065E-05
 0.15856243062428E-05
 0.21803368494244E-05
-0.25510881000717E-05
 0.11233850223532E-05
-0.67301431276924E-06
-0.12693092234836E-05
 0.48177203613223E-06
-0.43796246604785E-06
 0.98500027545756E-06
 0.16919469099982E-05
 0.17679798442455E-05
 0.10977640839699E-05
 0.92832507022084E-06
 0.12945944625668E-05
 0.23925109098560E-05
 0.39326112436311E-05
 0.40225374437657E-05
 0.75571055455683E-05
 0.10700691523607E-04
 0.14936485621489E-04
 0.18616905082674E-04
 0.25524770080399E-04
 0.31501425515566E-04
 0.41260275810479E-04
 0.50967033666731E-04
 0.64605769034024E-04
 0.79391684930794E-04
 0.96296556694799E-04
 0.11654512349003E-03
 0.14003643698029E-03
 0.16647329325683E-03
 0.19721452452223E-03
 0.23153091947205E-03
 0.26883452182278E-03
 0.31120719801109E-03
 0.35915519652870E-03
 0.41206145573081E-03
 0.46907613366743E-03
 0.53294442878963E-03
 0.60250967299774E-03
 0.67863370071978E-03
 0.76079005684661E-03
 0.84883387458031E-03
 0.94523562520627E-03
 0.10490796194592E-02
 0.11608516014958E-02
 0.12811252724768E-02
 0.14097261015855E-02
 0.15472457309414E-02
 0.16931432516957E-02
 0.18485605076437E-02
 0.20140374497075E-02
 0.21903414205682E-02
 0.23765939125419E-02
 0.25737672819868E-02
 0.27826664580666E-02
 0.30034542466499E-02
 0.32358079682395E-02
 0.34811256121971E-02
 0.37389255151031E-02
 0.40114413434614E-02
 0.42970708559716E-02
 0.45971335020514E-02
 0.49123622265573E-02
 0.52432383207000E-02
 0.55898526253852E-02
 0.59533869455738E-02
 0.63341630642676E-02
 0.67322997549811E-02
 0.71499180872569E-02
 0.75845957339935E-02
 0.80421128283920E-02
 0.85182219255774E-02
 0.90166230018623E-02
 0.95365727459518E-02
 0.10079127993840E-01
 0.10646478536249E-01
 0.11238018407937E-01
 0.11855693437221E-01
 0.12500940277726E-01
 0.13172379144665E-01
 0.13872194723572E-01
 0.14602166285582E-01
 0.15364459534883E-01
 0.16158208899581E-01
 0.16984541491262E-01
 0.17848969019963E-01
 0.18748555628425E-01
 0.19683690606015E-01
 0.20660740333591E-01
 0.21674511021182E-01
 0.22732646366734E-01
 0.23834565215944E-01
 0.24983068041620E-01
 0.26178554900414E-01
 0.27424948231343E-01
 0.28721739676752E-01
 0.30068943076543E-01
 0.31477063324719E-01
 0.32937061227663E-01
 0.34458162279922E-01
 0.36044246997658E-01
 0.37691430593692E-01
 0.39409224886118E-01
 0.41192962077296E-01
 0.43051662826966E-01
 0.44981149046423E-01
 0.46991439260124E-01
 0.49083055351358E-01
 0.51258489974939E-01
 0.53515289854221E-01
 0.55865169730299E-01
 0.58305557805308E-01
 0.60844877457517E-01
 0.63481423507577E-01
 0.66215998888382E-01
 0.69054073840178E-01
 0.72002651915448E-01
 0.75056600329459E-01
 0.78233694930562E-01
 0.81512976260441E-01
 0.84908841778984E-01
 0.88430782302897E-01
 0.92069080666132E-01
 0.95831911611353E-01
 0.99708822880310E-01
 0.10370213856552E+00
 0.10780856145575E+00
 0.11202638461442E+00
 0.11634313857059E+00
 0.12078150414626E+00
 0.12529452836622E+00
 0.12989463548457E+00
 0.13454263306075E+00
 0.13926264253068E+00
 0.14401031299927E+00
 0.14875884870659E+00
 0.15350718363598E+00
 0.15821997675476E+00
 0.16285572689841E+00
 0.16739991176500E+00
 0.17181142841770E+00
 0.17608968681954E+00
 0.18015876649121E+00
 0.18400839635931E+00
 0.18761410110536E+00
 0.19096220600298E+00
 0.19398873527242E+00
 0.19671389437373E+00
 0.19911232119320E+00
 0.20119450311252E+00
 0.20295607979009E+00
 0.20439789526547E+00
 0.20553941331206E+00
 0.20639643358776E+00
 0.20697733382150E+00
 0.20730310400627E+00
 0.20741541427661E+00
 0.20733291117755E+00
 0.20708933250962E+00
 0.20668937544423E+00
 0.20620535033177E+00
 0.20562745707573E+00
 0.20495563948326E+00
 0.20425930681536E+00
 0.20353379987076E+00
 0.20278122675460E+00
 0.20203661976274E+00
 0.20129270085218E+00
 0.20055625270141E+00
 0.19986006737487E+00
 0.19919683886318E+00
 0.19855133356675E+00
 0.19794998017291E+00
 0.19738620620008E+00
 0.19685979217610E+00
 0.19637259704526E+00
 0.19592571558543E+00
 0.19550973235222E+00
 0.19513493094950E+00
 0.19479491725122E+00
 0.19448870711097E+00
 0.19421056547653E+00
 0.19397016081367E+00
 0.19375655458263E+00
 0.19356813665926E+00
 0.19340392388807E+00
 0.19326667641852E+00
 0.19315293922223E+00
 0.19305602118509E+00
 0.19298079657076E+00
 0.19292503879062E+00
 0.19288609168647E+00
 0.19286225262756E+00
 0.19285070862073E+00
 0.19285505643916E+00
 0.19287152275258E+00
 0.19289977727130E+00
 0.19293767285880E+00
 0.19298639144416E+00
 0.19304307594116E+00
 0.19310792450915E+00
 0.19318118340750E+00
 0.19326043936001E+00
 0.19334719110133E+00
 0.19343864321208E+00
 0.19353741524151E+00
 0.19363904170635E+00
 0.19374765677243E+00
 0.19385781477787E+00
 0.19397366964283E+00
 0.19409096000319E+00
 0.19421304160303E+00
 0.19433712992670E+00
 0.19446448365475E+00
 0.19459303147732E+00
 0.19472398408737E+00
 0.19485696336998E+00
 0.19499119534377E+00
 0.19512816443238E+00
 0.19526413134731E+00
 0.19540186289108E+00
 0.19554177664367E+00
 0.19567979531857E+00
 0.19582397562774E+00
 0.19596317452847E+00
 0.19610556636619E+00
 0.19624646961486E+00
 0.19638928079249E+00
 0.19653169463190E+00
 0.19667240933619E+00
 0.19681833884970E+00
 0.19696106218409E+00
 0.19710120763499E+00
 0.19724398560226E+00
 0.19738498859597E+00
 0.19752766749773E+00
 0.19767017350492E+00
 0.19780930888961E+00
 0.19795158851144E+00
 0.19808865175549E+00
 0.19822768539821E+00
 0.19836707574710E+00
 0.19850989472334E+00
 0.19864451829515E+00
 0.19878299111345E+00
 0.19891897918638E+00
 0.19905627763018E+00
 0.19919217225313E+00
 0.19932571086554E+00
 0.19946235355702E+00
 0.19959393023391E+00
 0.19972759729541E+00
 0.19985856387099E+00
 0.19998732297142E+00
 0.20011997555994E+00
 0.20025291782915E+00
 0.20038033713607E+00
 0.20050523473835E+00
 0.20063893994625E+00
 0.20076549541549E+00
 0.20089068935519E+00
 0.20101713649509E+00
 0.20114085485912E+00
 0.20126629402365E+00
 0.20138678939399E+00
 0.20151131739316E+00
 0.20163551917134E+00
 0.20175802347216E+00
 0.20187291561844E+00
 0.20199163159117E+00
 0.20211575859459E+00
 0.20222968943609E+00
 0.20234705511146E+00
 0.20246384346879E+00
 0.20257911549728E+00
 0.20269571317766E+00
 0.20280963600189E+00
 0.20292171306235E+00
 0.20303568601277E+00
 0.20314920925406E+00
 0.20325845422746E+00
 0.20337339642037E+00
 0.20347829365523E+00
