 0.00000000000000E+00
 0.00000000000000E+00
-0.37580412829873E-26
 0.11334068065746E-25
 0.37580412829873E-26
-0.61430084911517E-12
 0.12535632378087E-11
-0.26402534113891E-11
 0.17414556847761E-11
-0.38032303078516E-11
 0.10986376572839E-10
 0.13450500495076E-05
 0.18817477147845E-05
-0.91452284403780E-06
-0.16721681026421E-05
 0.13502154768163E-05
-0.17984943772748E-05
-0.33954853626296E-05
 0.21642038034423E-05
-0.15782993033957E-05
 0.10374096854189E-05
 0.22302308672122E-05
-0.51147329864607E-06
 0.18276590008323E-05
-0.22692350450554E-05
-0.18507079047830E-05
-0.37027531747138E-05
-0.12970275564512E-05
 0.17091607809826E-05
 0.38356687104840E-05
 0.29331385827907E-05
 0.35838348156616E-05
 0.11413540542641E-04
 0.91205615466155E-05
 0.10542368039321E-04
 0.12091065013809E-04
 0.21372564196563E-04
 0.23957846519774E-04
 0.35998929302078E-04
 0.39854102680199E-04
 0.55352425758546E-04
 0.64000267039765E-04
 0.78598954102685E-04
 0.98607732431357E-04
 0.11863969689756E-03
 0.14006427056813E-03
 0.16812694550161E-03
 0.19395866196150E-03
 0.22420593214136E-03
 0.27001258568114E-03
 0.31538291366287E-03
 0.35816815435689E-03
 0.40509738870262E-03
 0.47217303106019E-03
 0.53524826698246E-03
 0.60186657367680E-03
 0.67057276001163E-03
 0.75215527551710E-03
 0.85523835350143E-03
 0.95019906543193E-03
 0.10585773106309E-02
 0.11692455343805E-02
 0.12869405938027E-02
 0.14127106250805E-02
 0.15484079204522E-02
 0.17062878183346E-02
 0.18684111596273E-02
 0.20401516487129E-02
 0.22108559727220E-02
 0.24026476930017E-02
 0.26112598996559E-02
 0.28241652755277E-02
 0.30449763430988E-02
 0.32918135275028E-02
 0.35466992288063E-02
 0.38235180434840E-02
 0.40956103760572E-02
 0.43956628710186E-02
 0.47180951120447E-02
 0.50489906479782E-02
 0.53919872762638E-02
 0.57710099530780E-02
 0.61535993588859E-02
 0.65613233798191E-02
 0.69986830267244E-02
 0.74332156034011E-02
 0.79515804829435E-02
 0.84068945967060E-02
 0.89510516074145E-02
 0.94948597266618E-02
 0.10077411759290E-01
 0.10691715759446E-01
 0.11332208844074E-01
 0.12011514440830E-01
 0.12717391288088E-01
 0.13424840574109E-01
 0.14207453655362E-01
 0.15075814412558E-01
 0.15955384036382E-01
 0.16834840605779E-01
 0.17791330314040E-01
 0.18844945844224E-01
 0.19819965775475E-01
 0.20886408304085E-01
 0.22096341251778E-01
 0.23240195415469E-01
 0.24606189509656E-01
 0.25948974482770E-01
 0.27395499906920E-01
 0.28861094341499E-01
 0.30400240280508E-01
 0.31970175984915E-01
 0.33679804710667E-01
 0.35554284694329E-01
 0.37306672676724E-01
 0.39372270863398E-01
 0.41521660084809E-01
 0.43625619832059E-01
 0.46007360179416E-01
 0.48333907966206E-01
 0.50936284619738E-01
 0.53530581239013E-01
 0.56469395679270E-01
 0.59442241468880E-01
 0.62414551039733E-01
 0.65612441080788E-01
 0.69098781918302E-01
 0.72696064630211E-01
 0.76531976882289E-01
 0.80245715060198E-01
 0.84263756455861E-01
 0.88489583692550E-01
 0.93147559334052E-01
 0.97757061373782E-01
 0.10273126334106E+00
 0.10724228856818E+00
 0.11264018562040E+00
 0.11835901659378E+00
 0.12350994989422E+00
 0.12893251724991E+00
 0.13430157179031E+00
 0.13977991481279E+00
 0.14554588406643E+00
 0.15148445027605E+00
 0.15742086371056E+00
 0.16377743470622E+00
 0.16868837768196E+00
 0.17436962434445E+00
 0.17940212841172E+00
 0.18514871538370E+00
 0.18894441520133E+00
 0.19212506975446E+00
 0.19551666931819E+00
 0.19632529491588E+00
 0.19579945009095E+00
 0.19386936953292E+00
 0.18948269846917E+00
 0.18351634231612E+00
 0.17310974439029E+00
 0.16130663631356E+00
 0.14715873349998E+00
 0.13082080971547E+00
 0.11138068416953E+00
 0.93181027799661E-01
 0.73363707953157E-01
 0.54222942241357E-01
 0.34506144153935E-01
 0.15746902847335E-01
-0.14768058592953E-02
-0.17147059600549E-01
-0.31125534037445E-01
-0.41857603204475E-01
-0.49038971873440E-01
-0.54226231040505E-01
-0.57640510464471E-01
-0.59379780106751E-01
-0.57272931758433E-01
-0.58149177125307E-01
-0.57045109043979E-01
-0.51770797708287E-01
-0.48766097776461E-01
-0.45435666424718E-01
-0.40696460430045E-01
-0.36883391193932E-01
-0.32599725549782E-01
-0.27209057122972E-01
-0.23948878805282E-01
-0.21068717726124E-01
-0.17160893910687E-01
-0.14141067741163E-01
-0.11585535639457E-01
-0.90910596906662E-02
-0.69243040900603E-02
-0.50573320259785E-02
-0.28379184002037E-02
-0.13197698692446E-02
 0.21063623499340E-03
 0.15083695603958E-02
 0.31916279602194E-02
 0.39902821210350E-02
 0.48012784230937E-02
 0.58893958916248E-02
 0.70895510751024E-02
 0.77922226751262E-02
 0.82685732406726E-02
 0.92282604065796E-02
 0.98917598680255E-02
 0.10264991040530E-01
 0.10707755076114E-01
 0.11081858870380E-01
 0.11798071203091E-01
 0.12095271955067E-01
 0.12449468244814E-01
 0.12686929982219E-01
 0.13066201385072E-01
 0.13238438959166E-01
 0.13612560367843E-01
 0.13975293503237E-01
 0.14139301957206E-01
 0.14512620775169E-01
 0.14607107001228E-01
 0.15017162888360E-01
 0.14938955052760E-01
 0.15344010204088E-01
 0.15170489404388E-01
 0.15548364168414E-01
 0.15539337474153E-01
 0.15912606618363E-01
 0.15883543991028E-01
 0.16055633289879E-01
 0.16038390787216E-01
 0.16300292893985E-01
 0.16553183983553E-01
 0.16536980615406E-01
 0.16542744630612E-01
 0.16412242903592E-01
 0.16692590475586E-01
 0.16965592038862E-01
 0.16909377100860E-01
 0.17164926205296E-01
 0.16717326298340E-01
 0.17116169683582E-01
 0.17138538208640E-01
 0.17240699248688E-01
 0.17221557194264E-01
 0.17430478555404E-01
 0.17846478431333E-01
 0.17216824643854E-01
 0.17061760888249E-01
 0.17575914696101E-01
 0.17546404857948E-01
 0.17544455877177E-01
 0.17581431654205E-01
 0.17373610349093E-01
 0.17742743176579E-01
 0.17436715389307E-01
 0.18095112259407E-01
 0.18369156487694E-01
 0.18115831722344E-01
 0.17432435632522E-01
 0.17972872651519E-01
 0.17887387177500E-01
 0.18084293668704E-01
 0.17758532158239E-01
 0.17825301539039E-01
 0.17947139628850E-01
 0.17801778141319E-01
 0.18247816988641E-01
 0.17791289982780E-01
 0.18191256526843E-01
 0.19144011596291E-01
 0.18203495061745E-01
 0.17614861040385E-01
 0.18259241095166E-01
 0.19027877818462E-01
 0.17545018935891E-01
 0.17838281229525E-01
 0.17971444755778E-01
 0.17767939819157E-01
 0.18064590726726E-01
 0.17621063524181E-01
 0.18328143556106E-01
 0.17962966119744E-01
 0.17292886361386E-01
 0.16827338391038E-01
 0.18422640619734E-01
 0.18521824091416E-01
 0.16855547436178E-01
 0.18186521366642E-01
 0.18103331463218E-01
 0.18172058583423E-01
 0.18438716535050E-01
 0.17674484969658E-01
 0.17616240348701E-01
 0.18188090441239E-01
 0.17918551995857E-01
 0.17628912474989E-01
 0.18134076909400E-01
 0.16995277577052E-01
 0.18448985925617E-01
