 0.00000000000000E+00
 0.00000000000000E+00
 0.00000000000000E+00
 0.42914019372318E-25
 0.79000370044502E-26
-0.57147258423395E-26
 0.21650247184207E-23
 0.36537671145582E-22
-0.44281870429419E-11
-0.18812067625868E-11
-0.12516180857830E-10
-0.30110527996458E-11
 0.12771238357942E-11
-0.76623246605466E-12
-0.55489925098010E-12
-0.14019249396517E-11
 0.37317683555117E-11
 0.59464058100019E-11
 0.32080673220139E-11
 0.89846984165045E-12
-0.65260913194329E-12
-0.10953797607645E-11
-0.74394166248811E-12
 0.10455964214767E-11
 0.41384536342412E-12
-0.63886190066993E-12
 0.27072461277621E-09
-0.36346702844994E-09
 0.71716332006569E-08
-0.49207941565568E-08
 0.37254984074901E-08
-0.38839855405913E-08
 0.10308704162697E-07
-0.33851872419202E-08
 0.29590936299722E-08
 0.48779683494332E-09
 0.79019856743862E-09
 0.13002786071838E-08
 0.22837398493858E-08
 0.32052983323873E-08
 0.79540627273355E-09
 0.56470701972804E-08
 0.13618748937375E-07
 0.21933959949104E-07
 0.32282618572257E-07
 0.43285783441930E-07
 0.68742687662671E-07
 0.92314166493041E-07
 0.12457469663634E-06
 0.17092489034702E-06
 0.22538106903896E-06
 0.28981104126497E-06
 0.37044208939204E-06
 0.47747530767892E-06
 0.60555648744560E-06
 0.76599918798110E-06
 0.96107818588582E-06
 0.12039350523281E-05
 0.14964925755408E-05
 0.18438088201099E-05
 0.22606437172573E-05
 0.27488486438264E-05
 0.33260122795276E-05
 0.39910526619335E-05
 0.47743779977535E-05
 0.56769047737819E-05
 0.67123493392174E-05
 0.78980330290238E-05
 0.92515276475942E-05
 0.10790168781509E-04
 0.12534101353964E-04
 0.14501769509084E-04
 0.16712473686348E-04
 0.19190653395345E-04
 0.21960749159069E-04
 0.25045025308668E-04
 0.28472968347929E-04
 0.32269396623869E-04
 0.36388923346719E-04
 0.41118502899221E-04
 0.46193788384639E-04
 0.51792685214964E-04
 0.57928638893644E-04
 0.64640384112106E-04
 0.71969311817473E-04
 0.79957533116200E-04
 0.88649979128046E-04
 0.98092910657442E-04
 0.10833550214250E-03
 0.11943108575742E-03
 0.13143197581506E-03
 0.14439959188124E-03
 0.15838863427464E-03
 0.17346584668111E-03
 0.18969625734931E-03
 0.20714976143359E-03
 0.22589766329222E-03
 0.24602275574037E-03
 0.26759963414330E-03
 0.29071575007138E-03
 0.31545966702325E-03
 0.34192063073409E-03
 0.37021030452287E-03
 0.40042030742854E-03
 0.43265296791263E-03
 0.46706880145314E-03
 0.50368566741656E-03
 0.54253745273657E-03
 0.58436862703826E-03
 0.62855733536945E-03
 0.67559765947366E-03
 0.72561867812282E-03
 0.77875044410612E-03
 0.83517222916014E-03
 0.89504871769322E-03
 0.95857309411329E-03
 0.10259217640125E-02
 0.10972651463594E-02
 0.11728366735641E-02
 0.12528319649981E-02
 0.13372973449129E-02
 0.14267589540317E-02
 0.15208646813462E-02
 0.16201460691970E-02
 0.17249819798060E-02
 0.18349844395421E-02
 0.19503533019124E-02
 0.20710808972550E-02
 0.21968195937404E-02
 0.23275824066374E-02
 0.24622923662680E-02
 0.25998801983624E-02
 0.27402354884036E-02
 0.28796254604588E-02
 0.30157971781154E-02
 0.31432902052117E-02
 0.32562982673325E-02
 0.33455336162300E-02
 0.33964511603623E-02
 0.33923029406875E-02
 0.33095790488446E-02
 0.31190993071211E-02
 0.28187964316976E-02
 0.24878418384569E-02
 0.23207356058113E-02
 0.26888756003008E-02
 0.39209676798035E-02
 0.59369800756309E-02
 0.83407346037448E-02
 0.10775950986006E-01
 0.13053094082039E-01
 0.15112744758850E-01
 0.16960555203166E-01
 0.18618103655638E-01
 0.20116476188408E-01
 0.21483271114346E-01
 0.22740756537727E-01
 0.23906271463230E-01
 0.24997666318131E-01
 0.26025790712548E-01
 0.27000580077593E-01
 0.27929668334429E-01
 0.28820250362929E-01
 0.29675632116245E-01
 0.30500428316789E-01
 0.31298321041731E-01
 0.32071210575783E-01
 0.32821023082741E-01
 0.33549037345797E-01
 0.34256515872595E-01
 0.34943976907581E-01
 0.35612158976154E-01
 0.36261372592670E-01
 0.36891826173545E-01
 0.37503860480224E-01
 0.38097423526025E-01
 0.38672767153050E-01
 0.39229960463976E-01
 0.39769002521529E-01
 0.40290143486240E-01
 0.40793534306477E-01
 0.41279225665266E-01
 0.41747330269382E-01
 0.42198396341648E-01
 0.42632469397172E-01
 0.43049917064429E-01
 0.43451023091788E-01
 0.43836161958195E-01
 0.44205610525004E-01
 0.44559822324040E-01
 0.44899154360654E-01
 0.45224027751618E-01
 0.45534780428246E-01
 0.45831887064191E-01
 0.46115718156499E-01
 0.46386719166424E-01
 0.46645223545447E-01
 0.46891691793198E-01
 0.47126497626445E-01
 0.47350034744101E-01
 0.47562674916251E-01
 0.47764780127015E-01
 0.47956726854468E-01
 0.48138861760523E-01
 0.48311526655802E-01
 0.48475055814085E-01
 0.48629758909143E-01
 0.48775960845763E-01
 0.48913959905365E-01
 0.49044041028868E-01
 0.49166500227725E-01
 0.49281582306279E-01
 0.49389571276599E-01
 0.49490712855970E-01
 0.49585250197742E-01
 0.49673414061312E-01
 0.49755442884869E-01
 0.49831531428816E-01
 0.49901908085142E-01
 0.49966768378344E-01
 0.50026306105240E-01
 0.50080709485289E-01
 0.50130157889848E-01
 0.50174825026467E-01
 0.50214873350174E-01
 0.50250469594389E-01
 0.50281766366956E-01
 0.50308911833625E-01
 0.50332052039078E-01
 0.50351322175178E-01
 0.50366861417743E-01
 0.50378786636983E-01
 0.50387232278625E-01
 0.50392314448165E-01
 0.50394148048433E-01
 0.50392843907097E-01
 0.50388509138673E-01
 0.50381249692814E-01
 0.50371157851244E-01
 0.50358337300957E-01
 0.50342877525942E-01
 0.50324868689728E-01
 0.50304397067177E-01
 0.50281546465074E-01
 0.50256397375560E-01
 0.50229025825261E-01
 0.50199515769710E-01
 0.50167923278969E-01
 0.50134332904502E-01
 0.50098808081685E-01
 0.50061414846249E-01
 0.50022216460053E-01
 0.49981274377287E-01
 0.49938648152381E-01
 0.49894394707101E-01
 0.49848574226914E-01
 0.49801229951937E-01
 0.49752424720449E-01
 0.49702204384079E-01
 0.49650618367567E-01
 0.49597713992978E-01
 0.49543537201357E-01
 0.49488132289230E-01
 0.49431542006081E-01
 0.49373808623618E-01
 0.49314973861765E-01
 0.49255071271496E-01
 0.49194145503816E-01
 0.49132229880693E-01
 0.49069360575486E-01
 0.49005572210323E-01
 0.48940898218787E-01
 0.48875371141181E-01
 0.48809022443621E-01
 0.48741882431234E-01
 0.48673981321820E-01
 0.48605349037919E-01
 0.48536008487575E-01
 0.48465992834176E-01
 0.48395325146678E-01
 0.48324031473597E-01
 0.48252136632106E-01
 0.48179664520331E-01
 0.48106638555716E-01
 0.48033081266317E-01
 0.47959014679578E-01
 0.47884459783858E-01
 0.47809437861733E-01
 0.47733970097142E-01
 0.47658071321592E-01
 0.47581766305587E-01
 0.47505070309388E-01
 0.47428001804927E-01
 0.47350578081068E-01
 0.47272816077251E-01
 0.47194732157456E-01
 0.47116342157054E-01
 0.47037661582464E-01
 0.46958705345352E-01
 0.46879478589621E-01
