 0.00000000000000E+00
 0.00000000000000E+00
 0.00000000000000E+00
 0.12067696328755E-24
 0.12297031284559E-24
 0.30751240532673E-24
 0.93205162681934E-23
 0.12989324001001E-21
 0.23425504528882E-11
-0.16632523279003E-10
 0.10264303720587E-10
-0.50754020649591E-11
-0.32487470721402E-11
 0.21731698487218E-12
-0.27560266766408E-11
-0.22314793875698E-11
-0.23710278856706E-12
 0.15525837020266E-11
 0.67358855429839E-11
-0.21472068523937E-11
-0.27960676381095E-11
 0.60701802782479E-12
-0.34201107635393E-11
-0.39877944386508E-11
-0.11945501108922E-12
-0.11713692146856E-12
-0.50595870452978E-09
 0.33126965007886E-08
-0.61357944381621E-08
-0.54133556075493E-09
-0.14580704340619E-08
 0.43972951307664E-09
 0.75494853606423E-08
-0.80763971931550E-08
 0.44822551770169E-08
 0.50070885376918E-09
-0.11010021822692E-08
 0.13452343675880E-08
 0.23768522585168E-08
 0.10370063678294E-07
 0.43785461328237E-07
 0.44261398682013E-07
 0.11154063767702E-07
 0.32896067395161E-07
 0.19081453156623E-07
 0.53346140100395E-07
 0.69219052969212E-07
 0.98237636319664E-07
 0.15742989738123E-06
 0.14941899364878E-06
 0.17606142976647E-06
 0.25646158375494E-06
 0.35835007484137E-06
 0.48494439350140E-06
 0.68498159963638E-06
 0.87706798715633E-06
 0.11074752105460E-05
 0.13663521946236E-05
 0.17148093847650E-05
 0.21362903823059E-05
 0.26356640145526E-05
 0.32361372619397E-05
 0.39265715086260E-05
 0.47577759376475E-05
 0.57245374575847E-05
 0.68535823797639E-05
 0.81702582393567E-05
 0.96790719314876E-05
 0.11414591327811E-04
 0.13391723819301E-04
 0.15682878026959E-04
 0.18256511107631E-04
 0.21199223677225E-04
 0.24496523626002E-04
 0.28232037038809E-04
 0.32426891982524E-04
 0.37167486297118E-04
 0.42533623215443E-04
 0.47864297146714E-04
 0.54675861542316E-04
 0.61941498045740E-04
 0.69938247188756E-04
 0.78786928261347E-04
 0.88539683820758E-04
 0.99279823563563E-04
 0.11109124468742E-03
 0.12403788671549E-03
 0.13823048676767E-03
 0.15374995039778E-03
 0.17070099731992E-03
 0.18918904369878E-03
 0.20933931640370E-03
 0.23124862669092E-03
 0.25505847455555E-03
 0.28090253700066E-03
 0.30891731736249E-03
 0.33925526654549E-03
 0.37207312341489E-03
 0.40755441673149E-03
 0.44587175926856E-03
 0.48721686744823E-03
 0.53176330545515E-03
 0.57978304593469E-03
 0.63146538025106E-03
 0.68697647031670E-03
 0.74704874426826E-03
 0.81021379948945E-03
 0.87995805996292E-03
 0.95392872136877E-03
 0.10329659664721E-02
 0.11178750596310E-02
 0.12087755847754E-02
 0.13061074639002E-02
 0.14101277546203E-02
 0.15214483117114E-02
 0.16402820809759E-02
 0.17671294049292E-02
 0.19024997704710E-02
 0.20468644447864E-02
 0.22001848104334E-02
 0.23644508963608E-02
 0.25378576745409E-02
 0.27210090406083E-02
 0.29192751999007E-02
 0.31247215352730E-02
 0.33434643032880E-02
 0.35731724590564E-02
 0.38139671971152E-02
 0.40657825583225E-02
 0.43261596033714E-02
 0.45913071864052E-02
 0.48645307946528E-02
 0.51324927741867E-02
 0.53950767214125E-02
 0.56339938360660E-02
 0.58357873310638E-02
 0.59842313083707E-02
 0.60275451181359E-02
 0.59188500605001E-02
 0.55750067098844E-02
 0.48850388122150E-02
 0.39343958039448E-02
 0.29434365291780E-02
 0.20347814375642E-02
 0.24446991507807E-02
 0.62380234739634E-02
 0.13029571786996E-01
 0.20371204766528E-01
 0.26590534211551E-01
 0.31489220826215E-01
 0.35446669969168E-01
 0.38801437566694E-01
 0.41777333701798E-01
 0.44490071146655E-01
 0.47041889989114E-01
 0.49454919362992E-01
 0.51757527388708E-01
 0.53990819054067E-01
 0.56154644582843E-01
 0.58268754882656E-01
 0.60336234486978E-01
 0.62372978015011E-01
 0.64378512464348E-01
 0.66348039143500E-01
 0.68305897241704E-01
 0.70238876853108E-01
 0.72151091738734E-01
 0.74045780370688E-01
 0.75921679413829E-01
 0.77779449703988E-01
 0.79618203773314E-01
 0.81439142465941E-01
 0.83239239185907E-01
 0.85020034964907E-01
 0.86779392096865E-01
 0.88516377233070E-01
 0.90231588132731E-01
 0.91922931123772E-01
 0.93590680598746E-01
 0.95232122896532E-01
 0.96852665982902E-01
 0.98439841212458E-01
 0.10000839016793E+00
 0.10154845650480E+00
 0.10306185596473E+00
 0.10454926786317E+00
 0.10601057312870E+00
 0.10744528698337E+00
 0.10885425804610E+00
 0.11023725420084E+00
 0.11159503905742E+00
 0.11292721065272E+00
 0.11423492348525E+00
 0.11551796410144E+00
 0.11677721647415E+00
 0.11801271292315E+00
 0.11922511444451E+00
 0.12041491967601E+00
 0.12158245449151E+00
 0.12272847185463E+00
 0.12385306255793E+00
 0.12495710187981E+00
 0.12604086366957E+00
 0.12710481224478E+00
 0.12814959346396E+00
 0.12917536477154E+00
 0.13018293666710E+00
 0.13117254864239E+00
 0.13214466692901E+00
 0.13309979562101E+00
 0.13403827856534E+00
 0.13496054431455E+00
 0.13586701536756E+00
 0.13675806699729E+00
 0.13763407737141E+00
 0.13849545237071E+00
 0.13934251602926E+00
 0.14017556831306E+00
 0.14099502966001E+00
 0.14180119187651E+00
 0.14259439573487E+00
 0.14337488221728E+00
 0.14414310227489E+00
 0.14489908052851E+00
 0.14564340957700E+00
 0.14637616674930E+00
 0.14709766826047E+00
 0.14780818039513E+00
 0.14850789819216E+00
 0.14919719439884E+00
 0.14987608285577E+00
 0.15054504217425E+00
 0.15120413684819E+00
 0.15185362051390E+00
 0.15249369950538E+00
 0.15312458737295E+00
 0.15374643850076E+00
 0.15435955383508E+00
 0.15496390513518E+00
 0.15555991893452E+00
 0.15614762483372E+00
 0.15672722405373E+00
 0.15729888193793E+00
 0.15786275387603E+00
 0.15841900824929E+00
 0.15896782594873E+00
 0.15950927285198E+00
 0.16004354327349E+00
 0.16057078212858E+00
 0.16109111917118E+00
 0.16160468093894E+00
 0.16211160304947E+00
 0.16261200750987E+00
 0.16310602711714E+00
 0.16359375057462E+00
 0.16407536583397E+00
 0.16455087020968E+00
 0.16502046639016E+00
 0.16548424076822E+00
 0.16594229575831E+00
 0.16639473236762E+00
 0.16684165185530E+00
 0.16728315195710E+00
 0.16771934059921E+00
 0.16815026589043E+00
 0.16857612067633E+00
 0.16899682420296E+00
 0.16941263753066E+00
 0.16982355548913E+00
 0.17022967894992E+00
 0.17063108854679E+00
 0.17102786333334E+00
 0.17142008330582E+00
 0.17180782101009E+00
 0.17219116382401E+00
 0.17257014251007E+00
 0.17294492395986E+00
 0.17331541602291E+00
 0.17368185144410E+00
 0.17404421140000E+00
 0.17440258009228E+00
 0.17475701741267E+00
 0.17510758936115E+00
 0.17545435500471E+00
 0.17579737565664E+00
 0.17613671001448E+00
 0.17647242345715E+00
 0.17680453592502E+00
 0.17713319160079E+00
 0.17745830535936E+00
 0.17778005119574E+00
 0.17809843357309E+00
 0.17841350867584E+00
 0.17872532496228E+00
 0.17903393402978E+00
 0.17933938251677E+00
 0.17964171883094E+00
 0.17994098674194E+00
 0.18023723409755E+00
 0.18053041848314E+00
