 0.00000000000000E+00
 0.00000000000000E+00
 0.00000000000000E+00
-0.43904291524039E-26
-0.89942249552050E-26
-0.89723411961900E-26
-0.96038439563399E-24
-0.17436979183230E-22
 0.34173552814372E-11
-0.86663028921655E-12
 0.87400819088177E-11
 0.20472621154390E-12
 0.50933011579385E-11
-0.10519791176063E-12
-0.10306801308873E-10
-0.10094537268197E-11
-0.78063170231513E-11
-0.11910461006748E-10
-0.53352873198975E-11
-0.24405478525180E-11
 0.33611008437214E-11
 0.57870210604437E-11
 0.26660489413583E-11
-0.45420565044817E-11
-0.21083826638624E-11
 0.47249943436620E-11
-0.21581340262389E-08
 0.82418491415691E-08
-0.21421078416094E-07
 0.40223574190887E-07
-0.24266565821121E-07
 0.34595194465437E-07
-0.77617278967368E-07
 0.48488248614298E-07
-0.32094295181465E-07
 0.48697395575185E-09
-0.21535294789921E-08
 0.13029444972256E-08
 0.23077528341415E-08
 0.21328942225412E-07
 0.14288837047587E-06
-0.17033902823900E-07
 0.50274952147692E-08
 0.34258865046670E-07
 0.13384027981305E-09
 0.13644896150272E-06
 0.57271641133671E-07
 0.80894768083408E-07
 0.16387848010277E-06
-0.18072082008503E-07
-0.29203598465114E-07
 0.17937158975190E-06
 0.24146282595643E-06
 0.24782399723860E-06
 0.48561305181846E-06
 0.69195310856752E-06
 0.97829194623622E-06
 0.12154598531939E-05
 0.14918380440110E-05
 0.18616889214906E-05
 0.22371877654900E-05
 0.27766596581980E-05
 0.32703146075263E-05
 0.41300127664478E-05
 0.47768055343074E-05
 0.56622264694600E-05
 0.66901293916259E-05
 0.79560157759986E-05
 0.94214906540397E-05
 0.10974124796243E-04
 0.12662858801903E-04
 0.14572737656479E-04
 0.16761326597571E-04
 0.19263656590398E-04
 0.22005421898841E-04
 0.25115456882913E-04
 0.28702265587814E-04
 0.33063167396597E-04
 0.37560655272968E-04
 0.40046686775430E-04
 0.46335030462561E-04
 0.51945290263380E-04
 0.58114049869791E-04
 0.64863560205457E-04
 0.72174090308662E-04
 0.80218197627620E-04
 0.88958512137316E-04
 0.98484154077091E-04
 0.10885395418821E-03
 0.12003503329158E-03
 0.13220686422194E-03
 0.14529876799385E-03
 0.15953562894185E-03
 0.17484514948328E-03
 0.19137969989528E-03
 0.20917835971961E-03
 0.22833615999387E-03
 0.24886836514965E-03
 0.27096692506030E-03
 0.29464863720956E-03
 0.32009864401965E-03
 0.34754590125591E-03
 0.37665505199055E-03
 0.40796640122368E-03
 0.44226558998685E-03
 0.47683508619237E-03
 0.51161120409665E-03
 0.56518738150045E-03
 0.59371097758560E-03
 0.64655124040577E-03
 0.69675690736867E-03
 0.74921596868302E-03
 0.80597810900901E-03
 0.86559577830099E-03
 0.92971388506996E-03
 0.99766271199825E-03
 0.10688281455140E-02
 0.11457906821095E-02
 0.12261360628579E-02
 0.13054503185255E-02
 0.14076887842443E-02
 0.14839406959376E-02
 0.15888387055775E-02
 0.16979213093683E-02
 0.17971553655905E-02
 0.18991415501998E-02
 0.20037347360973E-02
 0.20976564726642E-02
 0.22067906939896E-02
 0.22670542488384E-02
 0.23187213457349E-02
 0.23864373762645E-02
 0.23022756826665E-02
 0.22102020388677E-02
 0.19343553241214E-02
 0.15396029106317E-02
 0.84732558087343E-03
-0.31118283583413E-03
-0.20776014238334E-02
-0.49691516833421E-02
-0.91599528466123E-02
-0.13177064733018E-01
-0.15770502607281E-01
-0.16978562206500E-01
-0.52499711176199E-02
 0.24376559235665E-01
 0.53071380021905E-01
 0.66256114264951E-01
 0.67211010503113E-01
 0.62690232065374E-01
 0.57004672834558E-01
 0.51787187619375E-01
 0.46934206720856E-01
 0.43009380063126E-01
 0.39696660232853E-01
 0.36826317744751E-01
 0.34346782492315E-01
 0.32392975468864E-01
 0.30611135887026E-01
 0.29097684699656E-01
 0.27759332721706E-01
 0.26650641354526E-01
 0.25536366003551E-01
 0.24642374023068E-01
 0.23827386587496E-01
 0.23068381365126E-01
 0.22381427274753E-01
 0.21728754619823E-01
 0.21145511259286E-01
 0.20570651116873E-01
 0.20052116611700E-01
 0.19547843163690E-01
 0.19067713808526E-01
 0.18620495312026E-01
 0.18177222456046E-01
 0.17766488434994E-01
 0.17362297687630E-01
 0.16969472167176E-01
 0.16602859078793E-01
 0.16235016979228E-01
 0.15906596056598E-01
 0.15561864183488E-01
 0.15239586080842E-01
 0.14925238796426E-01
 0.14630376297310E-01
 0.14338608797896E-01
 0.14064065070912E-01
 0.13791517423147E-01
 0.13537763650100E-01
 0.13289391642986E-01
 0.13053906486583E-01
 0.12820474331072E-01
 0.12603126273181E-01
 0.12388903357208E-01
 0.12187787543517E-01
 0.11986547872146E-01
 0.11799828842440E-01
 0.11617742751780E-01
 0.11442037487536E-01
 0.11273111901828E-01
 0.11108924727122E-01
 0.10952004338872E-01
 0.10800237099604E-01
 0.10653270449332E-01
 0.10512460403941E-01
 0.10374737026577E-01
 0.10242958698845E-01
 0.10115230089874E-01
 0.99907622321282E-02
 0.98721341772790E-02
 0.97542639302626E-02
 0.96428805147227E-02
 0.95338106849071E-02
 0.94278531521614E-02
 0.93247528271682E-02
 0.92261856417513E-02
 0.91276475896425E-02
 0.90342596680910E-02
 0.89425640818774E-02
 0.88533459554811E-02
 0.87667456381816E-02
 0.86816622748567E-02
 0.85998873790337E-02
 0.85190814804614E-02
 0.84406200580377E-02
 0.83641302370656E-02
 0.82893977307178E-02
 0.82168640993015E-02
 0.81449713475356E-02
 0.80762451606014E-02
 0.80070325367059E-02
 0.79407634843640E-02
 0.78755699650043E-02
 0.78117168220553E-02
 0.77492076864776E-02
 0.76880982146525E-02
 0.76280563002626E-02
 0.75692116723268E-02
 0.75122163214870E-02
 0.74549128531933E-02
 0.73994394513045E-02
 0.73449327986563E-02
 0.72914354763289E-02
 0.72387521791985E-02
 0.71869535863048E-02
 0.71374454985506E-02
 0.70859289696214E-02
 0.70379059034625E-02
 0.69897485947952E-02
 0.69424560389345E-02
 0.68958558785948E-02
 0.68500206499664E-02
 0.68049523387998E-02
 0.67606467240292E-02
 0.67172085785345E-02
 0.66734669886265E-02
 0.66318080807136E-02
 0.65897033965518E-02
 0.65485383321089E-02
 0.65080145687571E-02
 0.64680737028290E-02
 0.64286892201867E-02
 0.63898797063053E-02
 0.63518304876899E-02
 0.63138795507689E-02
 0.62766132163077E-02
 0.62405548183625E-02
 0.62036067045795E-02
 0.61678032814951E-02
 0.61324897317535E-02
 0.60976218470749E-02
 0.60632295534594E-02
 0.60292428132353E-02
 0.59957255822679E-02
 0.59628509917166E-02
 0.59299312974641E-02
 0.58976146733128E-02
 0.58663658257012E-02
 0.58341167192298E-02
 0.58029289846324E-02
 0.57721476466170E-02
 0.57416977307444E-02
 0.57116395113000E-02
 0.56818883900116E-02
 0.56524977420251E-02
 0.56234304499434E-02
 0.55949676703012E-02
 0.55663598786769E-02
 0.55382474738657E-02
 0.55110314728818E-02
 0.54829556016138E-02
 0.54557357905496E-02
 0.54288219094296E-02
 0.54022309661372E-02
 0.53759192970267E-02
 0.53498637172066E-02
 0.53241009289824E-02
 0.52985891516768E-02
 0.52733600543630E-02
 0.52494934289617E-02
