 0.00000000000000E+00
 0.00000000000000E+00
 0.00000000000000E+00
-0.11264377008824E-25
-0.16986404102877E-25
-0.62417087818219E-25
-0.25988507211327E-23
-0.49082719133496E-22
-0.12478880608916E-11
 0.10580428056864E-10
-0.77745703448982E-11
 0.38979010295149E-11
 0.40743781321642E-11
-0.13096747313583E-12
 0.50077978542180E-11
 0.41101434179906E-11
 0.26130873059048E-11
-0.49991309465843E-11
-0.15715697847988E-10
 0.52427018247423E-11
 0.64270836391570E-11
-0.33161723794615E-11
 0.61803138808448E-11
 0.10914378901998E-10
 0.10229114952020E-11
-0.75297470345880E-12
 0.21400846695909E-08
-0.89622375092122E-08
 0.23787018060950E-07
-0.22813573797795E-07
 0.12500808732351E-07
-0.32711034825839E-08
-0.29533200328523E-07
 0.28236473195989E-07
-0.25572206478453E-07
 0.50570158413696E-09
 0.23787135269563E-07
 0.13639807772422E-08
 0.24411694746727E-08
-0.77791757217954E-07
-0.32992294318484E-06
-0.27163187017762E-06
 0.84145527893550E-07
-0.13241608593711E-06
 0.27686892362043E-06
 0.25973593551757E-07
 0.12272938306965E-06
 0.16204244469013E-06
-0.33398794894898E-06
 0.21073298295116E-06
 0.91375438573840E-06
 0.95827703267620E-06
 0.99724186637563E-06
 0.12177872736652E-05
 0.49765406444977E-06
 0.63296852971404E-06
 0.91008971565982E-06
 0.17382590174723E-05
 0.19739112277538E-05
 0.22537720849829E-05
 0.27543681458753E-05
 0.32966056095507E-05
 0.43679814672663E-05
 0.50126545899747E-05
 0.59693746139969E-05
 0.70104882014155E-05
 0.82386578567753E-05
 0.99375143183576E-05
 0.11604043162513E-04
 0.13784225766753E-04
 0.15573729138464E-04
 0.18391482023249E-04
 0.20977499472604E-04
 0.24677306572886E-04
 0.28279613402911E-04
 0.32330365611890E-04
 0.34569887791992E-04
 0.34441223533416E-04
 0.58049818173328E-04
 0.60874490713254E-04
 0.62131557811312E-04
 0.70334436901684E-04
 0.78886213036258E-04
 0.88832140065529E-04
 0.99697674358173E-04
 0.11146465990595E-03
 0.12490320117877E-03
 0.13910769349852E-03
 0.15498111114345E-03
 0.17232657808608E-03
 0.19114725442138E-03
 0.21132462585510E-03
 0.23378353563246E-03
 0.25801996211786E-03
 0.28414152490170E-03
 0.31272291484728E-03
 0.34421021856090E-03
 0.37834015353447E-03
 0.41491296102236E-03
 0.45436541121509E-03
 0.49679817222308E-03
 0.54450542651768E-03
 0.59424220849518E-03
 0.64814256268629E-03
 0.71722806465722E-03
 0.74084352748201E-03
 0.87039271745312E-03
 0.90271534989616E-03
 0.99846497575047E-03
 0.10735944457020E-02
 0.11646701432104E-02
 0.12636592033002E-02
 0.13657786184847E-02
 0.14813561916312E-02
 0.15977812031736E-02
 0.17270681124952E-02
 0.18655050209956E-02
 0.20131435078135E-02
 0.21620472157990E-02
 0.23650502818803E-02
 0.24748687823759E-02
 0.26467572467761E-02
 0.29581034254081E-02
 0.29613804970638E-02
 0.32624310987782E-02
 0.34206039905834E-02
 0.35999284627394E-02
 0.37651716397173E-02
 0.38226528838915E-02
 0.38030890006424E-02
 0.39225812136197E-02
 0.34828089907825E-02
 0.32960680859369E-02
 0.20905925243873E-02
 0.69172325442893E-03
-0.14487665968685E-02
-0.59081461823445E-02
-0.11737115292691E-01
-0.19766725780182E-01
-0.28293253855406E-01
-0.32379556274875E-01
-0.52877689742543E-01
-0.10637369735178E+00
-0.74872179631282E-01
 0.11735569200631E+00
 0.28609122674159E+00
 0.29859562985139E+00
 0.22177143842999E+00
 0.14801467889896E+00
 0.10335036591731E+00
 0.79036482563911E-01
 0.66160448048679E-01
 0.59074259425958E-01
 0.56274588737405E-01
 0.52881747793996E-01
 0.50683834326095E-01
 0.50067256504497E-01
 0.48314484379052E-01
 0.47832421353137E-01
 0.46693498139587E-01
 0.46487013613002E-01
 0.45411795778506E-01
 0.44244474829567E-01
 0.44528815000564E-01
 0.43433756844026E-01
 0.42800874441963E-01
 0.42274892036514E-01
 0.41663600565642E-01
 0.41088036055315E-01
 0.40535254737881E-01
 0.40067911176817E-01
 0.39416879451809E-01
 0.38985388424331E-01
 0.38408172917097E-01
 0.37862144667056E-01
 0.37429282431778E-01
 0.36872652120947E-01
 0.36364315845242E-01
 0.35744369620333E-01
 0.35654046998510E-01
 0.34629883283597E-01
 0.34839225091622E-01
 0.34062850223238E-01
 0.33597544281585E-01
 0.33206437475857E-01
 0.32813116222441E-01
 0.32375763653434E-01
 0.32014014949369E-01
 0.31619895170431E-01
 0.31290025256803E-01
 0.30903279480445E-01
 0.30597715712232E-01
 0.30241869315784E-01
 0.29952813469741E-01
 0.29627264344713E-01
 0.29333937491782E-01
 0.29055195793580E-01
 0.28771365932222E-01
 0.28534704524731E-01
 0.28254455506921E-01
 0.28029423589226E-01
 0.27783234630730E-01
 0.27550176340071E-01
 0.27344255644285E-01
 0.27114570313845E-01
 0.26930198979833E-01
 0.26722818722684E-01
 0.26532327732225E-01
 0.26353890742275E-01
 0.26174168445975E-01
 0.25998532299225E-01
 0.25835604253532E-01
 0.25675870497322E-01
 0.25523438252928E-01
 0.25375626372111E-01
 0.25229463092858E-01
 0.25080331431564E-01
 0.24951659443351E-01
 0.24819643597179E-01
 0.24693019841700E-01
 0.24563306677721E-01
 0.24457626838690E-01
 0.24323665113187E-01
 0.24231232263984E-01
 0.24110818598273E-01
 0.24004373081411E-01
 0.23900571915373E-01
 0.23794991401709E-01
 0.23710332625355E-01
 0.23600181582518E-01
 0.23523926839308E-01
 0.23423951963774E-01
 0.23335827139132E-01
 0.23249789938294E-01
 0.23166258553692E-01
 0.23079588508558E-01
 0.23012801024580E-01
 0.22916342673771E-01
 0.22858036492911E-01
 0.22777439864633E-01
 0.22704676781855E-01
 0.22633891792175E-01
 0.22565313186610E-01
 0.22501773631193E-01
 0.22434820597995E-01
 0.22363402963891E-01
 0.22299868061028E-01
 0.22240657269411E-01
 0.22179881293526E-01
 0.22119607312143E-01
 0.22061766917212E-01
 0.22004093927917E-01
 0.21947803193052E-01
 0.21887362175836E-01
 0.21844349849876E-01
 0.21775300718932E-01
 0.21727022008339E-01
 0.21681804943667E-01
 0.21631639635426E-01
 0.21581841456669E-01
 0.21533426223582E-01
 0.21485755610387E-01
 0.21439141399313E-01
 0.21386532379484E-01
 0.21355419125766E-01
 0.21291462003797E-01
 0.21261308591694E-01
 0.21215730272162E-01
 0.21173134549751E-01
 0.21131213655489E-01
 0.21089878397016E-01
 0.21049623543851E-01
 0.21009204045958E-01
 0.20970244665204E-01
 0.20925050794276E-01
 0.20901320734386E-01
 0.20843451677054E-01
 0.20820038961669E-01
 0.20781298511112E-01
 0.20745414693920E-01
 0.20709231857731E-01
 0.20674628540246E-01
 0.20639688479385E-01
 0.20605891027451E-01
 0.20572089007555E-01
 0.20538699885535E-01
 0.20499503202767E-01
 0.20482526578051E-01
 0.20430465502000E-01
 0.20407577065076E-01
 0.20378890078091E-01
 0.20348379537892E-01
 0.20317869111727E-01
 0.20288220112496E-01
 0.20258757248319E-01
 0.20229507998182E-01
 0.20200197045129E-01
 0.20172024925678E-01
 0.20143611093981E-01
 0.20133387152637E-01
