 0.00000000000000E+00
 0.00000000000000E+00
 0.00000000000000E+00
-0.10976072881010E-26
 0.00000000000000E+00
-0.42563911284364E-25
-0.66326547323472E-24
 0.23852710356666E-11
-0.18055580418917E-11
 0.22006056625266E-11
 0.48465445815399E-06
-0.14255060471823E-05
-0.10670846948288E-05
 0.12110420724464E-05
 0.48144965810436E-06
 0.71692464380648E-08
-0.13642844418112E-05
-0.72152908894114E-06
 0.17470633654092E-05
-0.12296377479711E-05
-0.50559627692159E-06
-0.20429987813365E-06
 0.85263701941897E-06
-0.32068269818206E-06
-0.38389565559990E-08
 0.14375064438294E-05
 0.85173281893732E-07
 0.71134915231326E-06
-0.94670595876551E-08
 0.85705041274585E-06
 0.76436749448856E-06
 0.11585249517849E-06
 0.58887000881080E-07
 0.11573050939806E-05
-0.22043041516180E-08
 0.11504227636258E-05
 0.92611948546802E-06
 0.12064397675603E-05
 0.12477437554711E-05
 0.23687067345013E-05
 0.31934592575538E-05
 0.54910764667937E-05
 0.62937694602374E-05
 0.76008297580564E-05
 0.11322908242608E-04
 0.13625075995522E-04
 0.17360916608031E-04
 0.21045785743325E-04
 0.25936400836850E-04
 0.31451116598640E-04
 0.38130227163163E-04
 0.45791683384113E-04
 0.54195760304539E-04
 0.64075621182463E-04
 0.75616433480850E-04
 0.88818034109111E-04
 0.10260380222153E-03
 0.11955151961946E-03
 0.13751886730009E-03
 0.15807111619984E-03
 0.18031017286340E-03
 0.20525954088439E-03
 0.23404839570372E-03
 0.26264460048761E-03
 0.29491521398626E-03
 0.33433790767041E-03
 0.37327092319941E-03
 0.41157864096510E-03
 0.45805853386657E-03
 0.51209947316966E-03
 0.56824203453248E-03
 0.62737474406887E-03
 0.68399994897434E-03
 0.75434485350510E-03
 0.82968844368797E-03
 0.90668939186842E-03
 0.99342431549857E-03
 0.10771674532037E-02
 0.11750447784228E-02
 0.12746018313762E-02
 0.13852526140201E-02
 0.14999532867033E-02
 0.16215339967082E-02
 0.17543739292976E-02
 0.18915928537925E-02
 0.20403792489078E-02
 0.21995723879391E-02
 0.23599960686435E-02
 0.25393780065464E-02
 0.27224453460787E-02
 0.29176951499506E-02
 0.31306749703180E-02
 0.33516030772240E-02
 0.35814859055857E-02
 0.38307409945792E-02
 0.40852735736955E-02
 0.43523466942177E-02
 0.46526765315804E-02
 0.49471543062904E-02
 0.52770370574304E-02
 0.56281803433582E-02
 0.59574543781746E-02
 0.63540899815940E-02
 0.67450580126695E-02
 0.71827896085381E-02
 0.76097010403660E-02
 0.81114906434296E-02
 0.85949864482100E-02
 0.91092795496698E-02
 0.96747365254813E-02
 0.10246834991430E-01
 0.10867938488281E-01
 0.11521776653123E-01
 0.12210260644293E-01
 0.12947015472507E-01
 0.13688557805390E-01
 0.14516438678974E-01
 0.15368441105302E-01
 0.16273008487922E-01
 0.17175349158439E-01
 0.18226680393619E-01
 0.19266825227693E-01
 0.20416776782742E-01
 0.21567691421446E-01
 0.22842775968599E-01
 0.24207287085132E-01
 0.25582158052601E-01
 0.27090594212431E-01
 0.28675516788947E-01
 0.30352577149372E-01
 0.32174086447714E-01
 0.34062896902590E-01
 0.36077433278093E-01
 0.38199705914982E-01
 0.40473839211724E-01
 0.42852568219266E-01
 0.45371158216095E-01
 0.48072022439494E-01
 0.50981299075132E-01
 0.54023174826802E-01
 0.57388011762625E-01
 0.60747583661003E-01
 0.64409849741220E-01
 0.68387895459710E-01
 0.72444359959686E-01
 0.76895300910396E-01
 0.81580427463942E-01
 0.86791370573328E-01
 0.92618114637009E-01
 0.98873818110226E-01
 0.10564385033363E+00
 0.11325309006386E+00
 0.12155053513023E+00
 0.13065377681955E+00
 0.14056637512537E+00
 0.15166891337019E+00
 0.16345142724532E+00
 0.17519140332200E+00
 0.18568783030525E+00
 0.19362206681953E+00
 0.19795707562387E+00
 0.19728344473892E+00
 0.19161382407558E+00
 0.18159916005218E+00
 0.16850958222262E+00
 0.15359184728678E+00
 0.13850672670842E+00
 0.12386322187327E+00
 0.11081760010563E+00
 0.99712680314629E-01
 0.90344811076173E-01
 0.82931370527161E-01
 0.76838255880808E-01
 0.72347984340340E-01
 0.68518696217877E-01
 0.65694408916266E-01
 0.63251445372961E-01
 0.61399878309982E-01
 0.60129840254585E-01
 0.58725511386327E-01
 0.57714145439838E-01
 0.56823031325615E-01
 0.56124044780392E-01
 0.55070198822344E-01
 0.54357708379597E-01
 0.53729158670958E-01
 0.53034364690307E-01
 0.52159755223724E-01
 0.51597722442784E-01
 0.50904803761022E-01
 0.50509220960353E-01
 0.49872210782737E-01
 0.49039931999653E-01
 0.48468540213736E-01
 0.48087544711899E-01
 0.47545712917768E-01
 0.46877175788146E-01
 0.46133651130500E-01
 0.45924771886367E-01
 0.45162767395855E-01
 0.44782679511876E-01
 0.44178427506447E-01
 0.43737305512639E-01
 0.43312781900188E-01
 0.42957887066248E-01
 0.42338790633653E-01
 0.41843413187444E-01
 0.41463651211104E-01
 0.40945694668512E-01
 0.40642406471141E-01
 0.40328099279653E-01
 0.39748045734445E-01
 0.39416621221099E-01
 0.39083780712807E-01
 0.38760497269764E-01
 0.38186091387093E-01
 0.37835595747914E-01
 0.37453441010661E-01
 0.37158355720777E-01
 0.37016370135501E-01
 0.36435200941344E-01
 0.36235427306172E-01
 0.36045079182482E-01
 0.35639921531175E-01
 0.35323776871391E-01
 0.34885643909316E-01
 0.34729949498791E-01
 0.34388876754514E-01
 0.34081416779504E-01
 0.34018720297593E-01
 0.33690933152893E-01
 0.33306415169493E-01
 0.33158369380618E-01
 0.32885514373252E-01
 0.32743082505002E-01
 0.32470264242331E-01
 0.32177960314779E-01
 0.31999770487247E-01
 0.31619865159566E-01
 0.31493697652609E-01
 0.31117891031291E-01
 0.30959503780765E-01
 0.30931489959959E-01
 0.30673933891366E-01
 0.30448864886778E-01
 0.30133215623907E-01
 0.30067456554751E-01
 0.29826560960908E-01
 0.29546195235875E-01
 0.29429769891525E-01
 0.29236303538571E-01
 0.29158703178344E-01
 0.28955749739279E-01
 0.28654210707986E-01
 0.28625222619809E-01
 0.28389100969245E-01
 0.28105802344565E-01
 0.28046147016107E-01
 0.27848577064955E-01
 0.27651512385900E-01
 0.27723644935509E-01
 0.27392945818285E-01
 0.27357109341599E-01
 0.27015699514162E-01
 0.26819261863903E-01
 0.26676109553995E-01
 0.26538629604040E-01
 0.26530916757258E-01
 0.26372928691017E-01
 0.26085063170241E-01
 0.26110434391944E-01
 0.25757630747362E-01
 0.25691629109564E-01
 0.25720773204794E-01
 0.25435372144231E-01
 0.25449612822590E-01
 0.25348818804538E-01
 0.25018985294589E-01
 0.24936420656567E-01
 0.24748928827600E-01
 0.24621425075270E-01
 0.24520370722249E-01
 0.24394048061568E-01
 0.24251003178915E-01
 0.24147849511627E-01
 0.24053457665967E-01
 0.23941447603705E-01
 0.23761333059876E-01
 0.23639845257838E-01
 0.23640207356074E-01
 0.23424301173055E-01
 0.23217202017946E-01
 0.23298999791341E-01
 0.23167485045576E-01
 0.22944511335178E-01
 0.23023985472745E-01
 0.22849220040212E-01
 0.22752358318283E-01
 0.22607003822224E-01
 0.22517305766818E-01
