 0.00000000000000E+00
 0.00000000000000E+00
 0.00000000000000E+00
 0.81536636807405E-26
 0.00000000000000E+00
 0.89469747787668E-25
 0.85771830334030E-24
 0.28519133586065E-22
-0.61013853473692E-12
 0.77099651810796E-12
-0.53806520080332E-06
 0.66845917642234E-06
-0.29494391942441E-06
 0.45336948295568E-06
 0.46576335145505E-06
-0.22061794199389E-08
 0.28007614338675E-06
 0.86399856414730E-07
 0.18900516429025E-06
-0.49003869604113E-07
-0.44643927359363E-06
 0.11360375634112E-06
 0.16872210587134E-07
-0.24123931710351E-08
-0.94007247077961E-09
 0.74973574905889E-07
 0.95214679281341E-07
 0.66004492199833E-08
-0.46021453399227E-07
-0.56995529893015E-07
 0.33319531983608E-07
-0.81075366818249E-07
 0.20777382533508E-07
 0.36198578735074E-07
 0.48956115323075E-07
 0.42462115540015E-07
 0.52351297417450E-07
 0.75637247461334E-07
 0.12194119224122E-06
 0.14431779956892E-06
 0.22902626023346E-06
 0.27740168014406E-06
 0.41215301565529E-06
 0.52173954596212E-06
 0.73085773702427E-06
 0.98640514486086E-06
 0.13269493824477E-05
 0.17000380755152E-05
 0.21923032656158E-05
 0.28284500103682E-05
 0.36300842606794E-05
 0.44867307238177E-05
 0.55873615584655E-05
 0.69026820954066E-05
 0.84822452656081E-05
 0.10307326301924E-04
 0.12485193210305E-04
 0.14988605387760E-04
 0.17891784237382E-04
 0.21237550318531E-04
 0.25074814584315E-04
 0.29456082524425E-04
 0.34414649124926E-04
 0.40044183573089E-04
 0.46395875346516E-04
 0.53505974104543E-04
 0.61466420243119E-04
 0.70362728552956E-04
 0.80225137138129E-04
 0.91180835482890E-04
 0.10326397002652E-03
 0.11658937414060E-03
 0.13122558319436E-03
 0.14737166962918E-03
 0.16503775173921E-03
 0.18424639419237E-03
 0.20515099789453E-03
 0.22783579768813E-03
 0.25262948440166E-03
 0.27951124061692E-03
 0.30864344385153E-03
 0.34004147891767E-03
 0.37385084189240E-03
 0.41027999285481E-03
 0.44952277313922E-03
 0.49165907796842E-03
 0.53686143938045E-03
 0.58527295979302E-03
 0.63708882615345E-03
 0.69246572302007E-03
 0.75164946706219E-03
 0.81483398680350E-03
 0.88218241924906E-03
 0.95394454588539E-03
 0.10302539863853E-02
 0.11114539541694E-02
 0.11976680570559E-02
 0.12892983911912E-02
 0.13864443626011E-02
 0.14895772162804E-02
 0.15987221973717E-02
 0.17144434293579E-02
 0.18369579744862E-02
 0.19664817441907E-02
 0.21034217204823E-02
 0.22482687462463E-02
 0.24012878822912E-02
 0.25626872417713E-02
 0.27331962804850E-02
 0.29131546123084E-02
 0.31029753142172E-02
 0.33031772336228E-02
 0.35141141010027E-02
 0.37362658787077E-02
 0.39704472479606E-02
 0.42171426787053E-02
 0.44768431327860E-02
 0.47502442436466E-02
 0.50381262269872E-02
 0.53410590045679E-02
 0.56595931405259E-02
 0.59949088373655E-02
 0.63474667895437E-02
 0.67182019390159E-02
 0.71082683517804E-02
 0.75179555452806E-02
 0.79489099757186E-02
 0.84020584380499E-02
 0.88784514880479E-02
 0.93790314040408E-02
 0.99051349002886E-02
 0.10458206276241E-01
 0.11039333945094E-01
 0.11650346877807E-01
 0.12292450804294E-01
 0.12967525399273E-01
 0.13676686296165E-01
 0.14422306571478E-01
 0.15206273281555E-01
 0.16030394129491E-01
 0.16896641495910E-01
 0.17807743469610E-01
 0.18765399409685E-01
 0.19772655482133E-01
 0.20832241552587E-01
 0.21946356043514E-01
 0.23118211437321E-01
 0.24351606469826E-01
 0.25648710952621E-01
 0.27013740776919E-01
 0.28449655721676E-01
 0.29961597767950E-01
 0.31552228339973E-01
 0.33226138995592E-01
 0.34988378390523E-01
 0.36842915437088E-01
 0.38794027134735E-01
 0.40845632353241E-01
 0.43003262270119E-01
 0.45271479798113E-01
 0.47653924614118E-01
 0.50154405523138E-01
 0.52775959022524E-01
 0.55520300875612E-01
 0.58387932666741E-01
 0.61376017982080E-01
 0.64482188887079E-01
 0.67695435014891E-01
 0.71003745292198E-01
 0.74392227634107E-01
 0.77841572504814E-01
 0.81326415696693E-01
 0.84819487987704E-01
 0.88289191672235E-01
 0.91707999595390E-01
 0.95048528423734E-01
 0.98288444780056E-01
 0.10140712615720E+00
 0.10439082929307E+00
 0.10722894853962E+00
 0.10991726839149E+00
 0.11245340352647E+00
 0.11484027119333E+00
 0.11708044653806E+00
 0.11918018761355E+00
 0.12114592619605E+00
 0.12298508315650E+00
 0.12470454824744E+00
 0.12631249272911E+00
 0.12781480381859E+00
 0.12922038164555E+00
 0.13053423226412E+00
 0.13176344564453E+00
 0.13291295837396E+00
 0.13398859565611E+00
 0.13499525525005E+00
 0.13593767590381E+00
 0.13681971276364E+00
 0.13764591587719E+00
 0.13841876330777E+00
 0.13914167379319E+00
 0.13981788140315E+00
 0.14045158221567E+00
 0.14104192892715E+00
 0.14159459342955E+00
 0.14211061077393E+00
 0.14259158196953E+00
 0.14303965610049E+00
 0.14345677630821E+00
 0.14384456580947E+00
 0.14420394891176E+00
 0.14453711861659E+00
 0.14484500048849E+00
 0.14512886004167E+00
 0.14538942617968E+00
 0.14562929013432E+00
 0.14584772811435E+00
 0.14604653755905E+00
 0.14622654622085E+00
 0.14638831715107E+00
 0.14653330924470E+00
 0.14666123642760E+00
 0.14677389766285E+00
 0.14687154892346E+00
 0.14695454749311E+00
 0.14702376005013E+00
 0.14707984288836E+00
 0.14712360982405E+00
 0.14715474000368E+00
 0.14717449169156E+00
 0.14718317963165E+00
 0.14718082392945E+00
 0.14716828070903E+00
 0.14714624299736E+00
 0.14711436230689E+00
 0.14707336219569E+00
 0.14702406151544E+00
 0.14696582073932E+00
 0.14690003389807E+00
 0.14682623698662E+00
 0.14674468358212E+00
 0.14665668411838E+00
 0.14656147824309E+00
 0.14645961276513E+00
 0.14635125429026E+00
 0.14623696110224E+00
 0.14611666107076E+00
 0.14599057469292E+00
 0.14585953009521E+00
 0.14572300304709E+00
 0.14558132518891E+00
 0.14543497856184E+00
 0.14528388354389E+00
 0.14512822266341E+00
 0.14496836314155E+00
 0.14480427927103E+00
 0.14463654294333E+00
 0.14446449582323E+00
 0.14428913848853E+00
 0.14411014883787E+00
 0.14392763710643E+00
 0.14374204909617E+00
 0.14355345945443E+00
 0.14336150386655E+00
 0.14316703152513E+00
 0.14296935242101E+00
 0.14276907539205E+00
 0.14256640760922E+00
 0.14236124172583E+00
 0.14215403263165E+00
 0.14194415707038E+00
 0.14173202547516E+00
 0.14151831280796E+00
 0.14130217476457E+00
 0.14108416968804E+00
 0.14086455347738E+00
 0.14064300154119E+00
 0.14042006065695E+00
 0.14019520469275E+00
 0.13996916914718E+00
 0.13974155826710E+00
 0.13951264301733E+00
 0.13928210938943E+00
 0.13905053009410E+00
 0.13881771815689E+00
 0.13858366794420E+00
 0.13834875250970E+00
 0.13811270124501E+00
 0.13787563691551E+00
 0.13763788115550E+00
 0.13739914030583E+00
 0.13715938235284E+00
 0.13691906848722E+00
 0.13667811134734E+00
 0.13643642400079E+00
 0.13619389846843E+00
 0.13595083490547E+00
 0.13570746223046E+00
 0.13546335908842E+00
 0.13521876529814E+00
