 0.00000000000000E+00
 0.00000000000000E+00
 0.00000000000000E+00
-0.93951032074683E-27
 0.00000000000000E+00
-0.24918349807685E-25
-0.74131629568504E-24
-0.88674649891497E-23
 0.40098123184309E-13
 0.29955235276087E-12
 0.21014612596491E-07
 0.10992895913779E-06
 0.15635449102744E-06
 0.53922336323569E-07
 0.33386891550387E-07
-0.37354317222367E-06
 0.28837055923817E-06
-0.14559887432568E-06
 0.31903447861076E-06
 0.17129893016954E-07
-0.63193516206068E-07
 0.14674743486966E-07
-0.20098847744062E-06
-0.16897093646737E-06
 0.16486502406296E-06
-0.21726369441953E-06
 0.85717395839785E-07
 0.31688226520550E-06
 0.13968960732958E-06
 0.57809363484299E-07
 0.90767144780676E-07
-0.13599966105076E-06
-0.34043192555499E-06
 0.98316577883066E-07
-0.11777700692590E-06
 0.30436033732194E-06
-0.26984325691985E-06
-0.23467973567881E-06
-0.71427644442044E-07
 0.54301901027839E-06
 0.96310860455531E-07
 0.21745950477524E-06
 0.49966512590083E-06
 0.74959544198637E-06
 0.42581180503119E-06
 0.95060110505931E-06
 0.93239594247954E-06
 0.18120046245862E-05
 0.20997006842410E-05
 0.28476853898242E-05
 0.34773899502454E-05
 0.49247403061111E-05
 0.61266367799415E-05
 0.71087334568248E-05
 0.89665184557107E-05
 0.10043652923085E-04
 0.11821392213578E-04
 0.15201778314537E-04
 0.17596900554667E-04
 0.21348091026407E-04
 0.25020046615745E-04
 0.29809530612209E-04
 0.33783406778366E-04
 0.40866320393352E-04
 0.46281635916915E-04
 0.53932125851564E-04
 0.61742826331344E-04
 0.71231065520485E-04
 0.80333547232044E-04
 0.91313100280397E-04
 0.10402334402138E-03
 0.11937842207766E-03
 0.13099358299207E-03
 0.14360476357984E-03
 0.16505156154101E-03
 0.18759628434548E-03
 0.20985050989957E-03
 0.23326296632683E-03
 0.25453448871179E-03
 0.27914865400072E-03
 0.31006314466373E-03
 0.34874318727697E-03
 0.38388491455500E-03
 0.42075848530194E-03
 0.45979841358138E-03
 0.50173333005802E-03
 0.55164463012531E-03
 0.59692843440803E-03
 0.65417186858993E-03
 0.70626513971566E-03
 0.77603740099035E-03
 0.83756868688519E-03
 0.90329552933906E-03
 0.98845567466559E-03
 0.10688183784456E-02
 0.11637765425164E-02
 0.12398142435513E-02
 0.13421863026958E-02
 0.14590274537457E-02
 0.15625208319557E-02
 0.16810673906153E-02
 0.18174343521338E-02
 0.19470018311759E-02
 0.21079429314446E-02
 0.22605076176155E-02
 0.24227012771469E-02
 0.25982763152564E-02
 0.27965997309706E-02
 0.29907162774672E-02
 0.31829102488891E-02
 0.33917730470404E-02
 0.36312656300305E-02
 0.39049628518869E-02
 0.41596430655031E-02
 0.44422196807943E-02
 0.47547778582297E-02
 0.50684529528434E-02
 0.54203848985361E-02
 0.57834402388054E-02
 0.61943629142630E-02
 0.66135262689727E-02
 0.70256310467489E-02
 0.74899729971838E-02
 0.79572568299846E-02
 0.85697069363322E-02
 0.90558978506674E-02
 0.96645932774375E-02
 0.10337140336420E-01
 0.10964408501254E-01
 0.11713037621638E-01
 0.12441396615499E-01
 0.13223756087762E-01
 0.14144334330149E-01
 0.14954827745095E-01
 0.16034921344367E-01
 0.17005760791134E-01
 0.18185606585451E-01
 0.19318968798028E-01
 0.20530521565421E-01
 0.21920080824885E-01
 0.23310759261926E-01
 0.24832704867458E-01
 0.26682273340030E-01
 0.28321715419609E-01
 0.30272720481641E-01
 0.32109531952615E-01
 0.34085941198414E-01
 0.36422371827995E-01
 0.38834776385271E-01
 0.41251463149864E-01
 0.44223413113659E-01
 0.47168932753372E-01
 0.50025767084951E-01
 0.53463729828253E-01
 0.56876740789852E-01
 0.60605829709255E-01
 0.65058124648930E-01
 0.69209966326737E-01
 0.73597128032416E-01
 0.78364964930035E-01
 0.83304179369184E-01
 0.88729753029396E-01
 0.94331277388215E-01
 0.10005477825800E+00
 0.10604116582782E+00
 0.11110948631667E+00
 0.11557863236502E+00
 0.11830272832898E+00
 0.11769046025843E+00
 0.11356655334594E+00
 0.10311145396623E+00
 0.91262965939717E-01
 0.78656574627737E-01
 0.67060562858111E-01
 0.55115971010484E-01
 0.43062042376245E-01
 0.33038512236648E-01
 0.25684942021897E-01
 0.19910780718284E-01
 0.16364902604626E-01
 0.13880310248007E-01
 0.12224111269510E-01
 0.12251375839573E-01
 0.12019535404991E-01
 0.12225588150072E-01
 0.12885092009799E-01
 0.13941085203802E-01
 0.14732774796637E-01
 0.15683226149309E-01
 0.16263071030431E-01
 0.17554854737801E-01
 0.17451439063296E-01
 0.18603726087385E-01
 0.18966482346932E-01
 0.19217404347109E-01
 0.19892735647346E-01
 0.20391294275782E-01
 0.20561935408090E-01
 0.20972639445228E-01
 0.21456788698766E-01
 0.21322693605582E-01
 0.21468236025598E-01
 0.22005044011737E-01
 0.21327216903208E-01
 0.21949590411685E-01
 0.22282860139344E-01
 0.22476262675267E-01
 0.22171453564739E-01
 0.22226463306168E-01
 0.22689538692535E-01
 0.22533920459918E-01
 0.22044815457959E-01
 0.21696408003936E-01
 0.22353954121974E-01
 0.22722026331669E-01
 0.22529243461775E-01
 0.22140153976509E-01
 0.22615095831764E-01
 0.21917307379205E-01
 0.21976254765937E-01
 0.22289724072641E-01
 0.22319206731594E-01
 0.22422128602193E-01
 0.22775280223595E-01
 0.22136891005622E-01
 0.22261142910299E-01
 0.21803880689014E-01
 0.22612159031659E-01
 0.22190801269880E-01
 0.22127546020510E-01
 0.22270049608872E-01
 0.21982124175164E-01
 0.21885255575746E-01
 0.22111827077167E-01
 0.21683258021211E-01
 0.21371767046209E-01
 0.21649342427411E-01
 0.21267459882113E-01
 0.21571342001100E-01
 0.21418478850196E-01
 0.21691240777640E-01
 0.21477960557177E-01
 0.21588153240241E-01
 0.21280900011106E-01
 0.21669349908818E-01
 0.20763890158692E-01
 0.21138676653665E-01
 0.20944208252973E-01
 0.20921482845497E-01
 0.21623762250042E-01
 0.21282527482090E-01
 0.20849039655180E-01
 0.21130131217075E-01
 0.20834864997492E-01
 0.20936569787327E-01
 0.20554847833386E-01
 0.21198493245919E-01
 0.20802323128409E-01
 0.20774387821797E-01
 0.20453758656303E-01
 0.20908282122700E-01
 0.20539263451450E-01
 0.20579632634351E-01
 0.20461018592075E-01
 0.20551375511563E-01
 0.19941136125886E-01
 0.20812636962402E-01
 0.20877354278696E-01
 0.20613469694740E-01
 0.20976909715913E-01
 0.19953167288901E-01
 0.20501766209032E-01
 0.20512481571984E-01
 0.20619532282842E-01
 0.20670620621118E-01
 0.19781868237913E-01
 0.19508417656552E-01
 0.20382855910095E-01
 0.20382292791573E-01
 0.20375489993055E-01
 0.19652599723983E-01
 0.20020905695305E-01
 0.20286837399177E-01
 0.20055309165210E-01
 0.19851184132594E-01
 0.19728654977832E-01
 0.19954141775725E-01
 0.20266965801372E-01
 0.19610395553156E-01
 0.19360414211927E-01
 0.19549372207929E-01
 0.19745452106185E-01
 0.19513755304774E-01
 0.19752421273929E-01
 0.19873310272292E-01
 0.19281332072073E-01
 0.20039771048629E-01
 0.19906571798521E-01
 0.19671217677787E-01
 0.19444146406009E-01
