 0.20501565415372E+00
 0.20501565415376E+00
 0.20501565415463E+00
 0.20501565415982E+00
 0.20501565417554E+00
 0.20501565420671E+00
 0.20501565425056E+00
 0.20501565428412E+00
 0.20501565423094E+00
 0.20501565389205E+00
 0.20501565284635E+00
 0.20501565034866E+00
 0.20501564526042E+00
 0.20501563603625E+00
 0.20501562077093E+00
 0.20501550793969E+00
 0.20501539193916E+00
 0.20501526068978E+00
 0.20501510198926E+00
 0.20501481285972E+00
 0.20501448381148E+00
 0.20501399516048E+00
 0.20501344334684E+00
 0.20501269194268E+00
 0.20501184619512E+00
 0.20501075756527E+00
 0.20500954269062E+00
 0.20500804491625E+00
 0.20500638934821E+00
 0.20500441552964E+00
 0.20500225241691E+00
 0.20499974044830E+00
 0.20499700787980E+00
 0.20499397978997E+00
 0.20499054735982E+00
 0.20498685789911E+00
 0.20498283146435E+00
 0.20497836286602E+00
 0.20497360240578E+00
 0.20496846825251E+00
 0.20496286126545E+00
 0.20495692822656E+00
 0.20495058811915E+00
 0.20494382778421E+00
 0.20493655372639E+00
 0.20492891474897E+00
 0.20492082845814E+00
 0.20491228298630E+00
 0.20490326880837E+00
 0.20489369242610E+00
 0.20488370584247E+00
 0.20487322401870E+00
 0.20486223553888E+00
 0.20485073064490E+00
 0.20483869943351E+00
 0.20482604715320E+00
 0.20481292717110E+00
 0.20479925088567E+00
 0.20478500566384E+00
 0.20477017976726E+00
 0.20475476090977E+00
 0.20473865473188E+00
 0.20472200602314E+00
 0.20470472417134E+00
 0.20468679263631E+00
 0.20466819485594E+00
 0.20464891310059E+00
 0.20462892831440E+00
 0.20460822001996E+00
 0.20458668408305E+00
 0.20456445699611E+00
 0.20454143551224E+00
 0.20451759107919E+00
 0.20449289367522E+00
 0.20446731085808E+00
 0.20444080755974E+00
 0.20441334586875E+00
 0.20438480300217E+00
 0.20435529466833E+00
 0.20432469536630E+00
 0.20429295289750E+00
 0.20426001153828E+00
 0.20422580221608E+00
 0.20419027593425E+00
 0.20415335570008E+00
 0.20411488303735E+00
 0.20407493897394E+00
 0.20403335723219E+00
 0.20399004319433E+00
 0.20394489557124E+00
 0.20389780526241E+00
 0.20384865485031E+00
 0.20379723439811E+00
 0.20374357065045E+00
 0.20368743773618E+00
 0.20362867745272E+00
 0.20356711957234E+00
 0.20350258058526E+00
 0.20343477963361E+00
 0.20336366406340E+00
 0.20328892445727E+00
 0.20321031067113E+00
 0.20312755212479E+00
 0.20304035551717E+00
 0.20294831782677E+00
 0.20285125746019E+00
 0.20274871797194E+00
 0.20264028855936E+00
 0.20252552070788E+00
 0.20240381281009E+00
 0.20227483538832E+00
 0.20213789653923E+00
 0.20199234341668E+00
 0.20183745511691E+00
 0.20167234425522E+00
 0.20149629205023E+00
 0.20130822604792E+00
 0.20110703751132E+00
 0.20089139173495E+00
 0.20066005278627E+00
 0.20041134478088E+00
 0.20014336633366E+00
 0.19985420260131E+00
 0.19954132546305E+00
 0.19920195273531E+00
 0.19883296375971E+00
 0.19843045102413E+00
 0.19798977692915E+00
 0.19750565539828E+00
 0.19697128599540E+00
 0.19637860954234E+00
 0.19571738968500E+00
 0.19497482490521E+00
 0.19413397158500E+00
 0.19317253728023E+00
 0.19206027140023E+00
 0.19075383620716E+00
 0.18918958152812E+00
 0.18726716323465E+00
 0.18481887748303E+00
 0.18154203140275E+00
 0.17689512755765E+00
 0.17061978797901E+00
 0.16512406040535E+00
 0.16192863920331E+00
 0.16016872217662E+00
 0.15920693136211E+00
 0.15873278473583E+00
 0.15858393104990E+00
 0.15866668293342E+00
 0.15892234837847E+00
 0.15931185901561E+00
 0.15980769172448E+00
 0.16038986899760E+00
 0.16104319798761E+00
 0.16175588791480E+00
 0.16251849024154E+00
 0.16332330968192E+00
 0.16416402325289E+00
 0.16503520037323E+00
 0.16593221177392E+00
 0.16685104289596E+00
 0.16778818186288E+00
 0.16874052826485E+00
 0.16970533033302E+00
 0.17068013480506E+00
 0.17166274900759E+00
 0.17265120855874E+00
 0.17364375274529E+00
 0.17463880317184E+00
 0.17563494588551E+00
 0.17663091483973E+00
 0.17762555035423E+00
 0.17861790206588E+00
 0.17960703480434E+00
 0.18059214595508E+00
 0.18157252261723E+00
 0.18254753300498E+00
 0.18351661650634E+00
 0.18447927790967E+00
 0.18543507943193E+00
 0.18638363559958E+00
 0.18732460673086E+00
 0.18825769415831E+00
 0.18918263605853E+00
 0.19009920325626E+00
 0.19100719484651E+00
 0.19190643555513E+00
 0.19279677279480E+00
 0.19367807392090E+00
 0.19455022433768E+00
 0.19541312434620E+00
 0.19626668885153E+00
 0.19711084490269E+00
 0.19794553016532E+00
 0.19877069255763E+00
 0.19958628828833E+00
 0.20039228145946E+00
 0.20118864305300E+00
 0.20197535427955E+00
 0.20275239025679E+00
 0.20351974229534E+00
 0.20427740333938E+00
 0.20502537022529E+00
 0.20576364346450E+00
 0.20649222752596E+00
 0.20721112986954E+00
 0.20792036116465E+00
 0.20861993489048E+00
 0.20930986748586E+00
 0.20999017780182E+00
 0.21066088718054E+00
 0.21132201939985E+00
 0.21197360053582E+00
 0.21261565873248E+00
 0.21324822438635E+00
 0.21387132995607E+00
 0.21448500979226E+00
 0.21508930028751E+00
 0.21568423983344E+00
 0.21626986849833E+00
 0.21684622831457E+00
 0.21741336304926E+00
 0.21797131851884E+00
 0.21852014177169E+00
 0.21905988475400E+00
 0.21959059248819E+00
 0.22011232012651E+00
 0.22062512161368E+00
 0.22112905253589E+00
 0.22162416977377E+00
 0.22211053206031E+00
 0.22258819933710E+00
 0.22305723307208E+00
 0.22351769615276E+00
 0.22396965272865E+00
 0.22441316841295E+00
 0.22484830995660E+00
 0.22527514547128E+00
 0.22569374419947E+00
 0.22610417654603E+00
 0.22650651402107E+00
 0.22690082929457E+00
 0.22728719022223E+00
 0.22766568451689E+00
 0.22803637896135E+00
 0.22839935141306E+00
 0.22875467908639E+00
 0.22910244015188E+00
 0.22944271345508E+00
 0.22977557848761E+00
 0.23010111554794E+00
 0.23041940533773E+00
 0.23073052927903E+00
 0.23103456934755E+00
 0.23133160781590E+00
 0.23162172754314E+00
 0.23190501176441E+00
 0.23218154390778E+00
 0.23245140833913E+00
 0.23271468804897E+00
 0.23297146791160E+00
 0.23322183227953E+00
 0.23346586576090E+00
 0.23370365291019E+00
 0.23393527854491E+00
 0.23416082716984E+00
 0.23438038349397E+00
 0.23459403205792E+00
 0.23480185727720E+00
 0.23500394353801E+00
 0.23520037469132E+00
 0.23539123493059E+00
 0.23557660758197E+00
 0.23575657608693E+00
 0.23593122352822E+00
 0.23610063243960E+00
 0.23626488528396E+00
 0.23642406379736E+00
 0.23657824954913E+00
 0.23672752338562E+00
 0.23687196579357E+00
 0.23701165698235E+00
 0.23714667625612E+00
 0.23727710253295E+00
 0.23740301387492E+00
 0.23752448864956E+00
 0.23764160355248E+00
 0.23775443519562E+00
 0.23786305942097E+00
 0.23796755149501E+00
 0.23806798558384E+00
 0.23816443587888E+00
 0.23825697509490E+00
 0.23834567603476E+00
 0.23843060993961E+00
 0.23851184678356E+00
 0.23858945937718E+00
 0.23866351483408E+00
 0.23873408246514E+00
