 0.00000000000000E+00
 0.42084554436599E-07
 0.24938995221688E-07
-0.30248273501305E-07
-0.26341564312956E-06
-0.93105582160969E-06
-0.20173943679445E-05
-0.20268809137736E-05
 0.47431813689842E-05
 0.31768889456030E-04
 0.10293276167082E-03
 0.25275357334124E-03
 0.52407402735541E-03
 0.96409560798218E-03
 0.16199576059468E-02
-0.44452386551045E-02
-0.67592804238021E-02
-0.71989565298901E-02
-0.67092488218521E-02
-0.86543666432345E-02
-0.89995820304432E-02
-0.10670663953384E-01
-0.10877608917958E-01
-0.11980147689300E-01
-0.11863520876471E-01
-0.12367265113108E-01
-0.11828134197170E-01
-0.11685739680799E-01
-0.10648720581197E-01
-0.98408512902850E-02
-0.82775460220387E-02
-0.68267867530064E-02
-0.47495545439790E-02
-0.24045036611579E-02
-0.13655454416032E-03
 0.26263668480499E-02
 0.56047670759721E-02
 0.85514898741862E-02
 0.11871655147336E-01
 0.15354558753126E-01
 0.18821948933702E-01
 0.22559146379685E-01
 0.26408276042864E-01
 0.30349352031234E-01
 0.34264284178393E-01
 0.38347171937216E-01
 0.42485245104077E-01
 0.46663613552178E-01
 0.50870939809869E-01
 0.55027846619676E-01
 0.59261978376895E-01
 0.63496629581394E-01
 0.67721528815003E-01
 0.71928456554619E-01
 0.76109783477105E-01
 0.80214490793564E-01
 0.84324150883438E-01
 0.88389054679559E-01
 0.92402760272082E-01
 0.96359974769882E-01
 0.10025581436917E+00
 0.10405769662923E+00
 0.10781795046612E+00
 0.11150467903432E+00
 0.11511401076728E+00
 0.11864273614927E+00
 0.12208791716960E+00
 0.12544689381250E+00
 0.12871725139594E+00
 0.13187943657237E+00
 0.13496642102836E+00
 0.13795904364985E+00
 0.14085557790533E+00
 0.14365466235970E+00
 0.14635510699457E+00
 0.14895588612497E+00
 0.15145612836449E+00
 0.15384390881183E+00
 0.15614111785272E+00
 0.15833607630178E+00
 0.16042835619129E+00
 0.16241760636567E+00
 0.16430271764530E+00
 0.16608566377306E+00
 0.16776549401786E+00
 0.16933462430555E+00
 0.17080854997967E+00
 0.17217983461204E+00
 0.17344869166735E+00
 0.17461539848147E+00
 0.17568026490534E+00
 0.17664361112446E+00
 0.17750013973285E+00
 0.17826137493174E+00
 0.17892203552693E+00
 0.17948237052226E+00
 0.17994259824356E+00
 0.18030288541223E+00
 0.18055899831832E+00
 0.18071954387526E+00
 0.18078015930476E+00
 0.18074061530904E+00
 0.18060055459636E+00
 0.18035945697623E+00
 0.18001313313997E+00
 0.17956756724698E+00
 0.17901818483429E+00
 0.17836354430000E+00
 0.17760180716419E+00
 0.17672712384398E+00
 0.17574442501846E+00
 0.17464708753797E+00
 0.17343159888768E+00
 0.17209389811358E+00
 0.17062654748802E+00
 0.16902896264935E+00
 0.16729217302642E+00
 0.16540861407432E+00
 0.16336714116996E+00
 0.16116180592644E+00
 0.15877842935593E+00
 0.15620100736262E+00
 0.15341659880224E+00
 0.15040283254535E+00
 0.14713680612843E+00
 0.14359347142362E+00
 0.13973813760578E+00
 0.13552936642857E+00
 0.13092181595003E+00
 0.12585279142680E+00
 0.12024911589646E+00
 0.11401669405837E+00
 0.10703703673518E+00
 0.99148780496450E-01
 0.90141482919090E-01
 0.79726683827244E-01
 0.67486339884224E-01
 0.52805258914117E-01
 0.34713636908095E-01
 0.11588188519758E-01
-0.19466456594640E-01
-0.63403978030914E-01
-0.12093462265823E+00
-0.16539714382688E+00
-0.18365764190630E+00
-0.18669401230936E+00
-0.18172225351464E+00
-0.17215695698314E+00
-0.15975106400643E+00
-0.14549677267766E+00
-0.13000338239951E+00
-0.11366443663827E+00
-0.96746356167403E-01
-0.79435643154699E-01
-0.61864664057103E-01
-0.44129569388636E-01
-0.26301087544381E-01
-0.84307366448012E-02
 0.94428948785124E-02
 0.27292145436969E-01
 0.45096877898692E-01
 0.62842833848784E-01
 0.80520223307481E-01
 0.98122687717465E-01
 0.11564646754404E+00
 0.13308976235240E+00
 0.15045222250596E+00
 0.16773455842526E+00
 0.18493822299584E+00
 0.20206516730413E+00
 0.21911764460515E+00
 0.23609805446504E+00
 0.25300902112356E+00
 0.26985260017552E+00
 0.28663127358380E+00
 0.30334718358773E+00
 0.32000228626975E+00
 0.33659833092783E+00
 0.35313686143634E+00
 0.36961920409116E+00
 0.38604647834587E+00
 0.40241959755669E+00
 0.41873928458475E+00
 0.43500608208950E+00
 0.45122036377758E+00
 0.46738234916799E+00
 0.48349212109516E+00
 0.49954963712039E+00
 0.51555474228871E+00
 0.53150718570290E+00
 0.54740662558359E+00
 0.56325265331828E+00
 0.57904479197116E+00
 0.59478251241305E+00
 0.61046524390094E+00
 0.62609237808045E+00
 0.64166327999880E+00
 0.65717729347424E+00
 0.67263374833834E+00
 0.68803193362820E+00
 0.70337123097947E+00
 0.71865092440712E+00
 0.73387033652750E+00
 0.74902879721173E+00
 0.76412565045336E+00
 0.77916024298240E+00
 0.79413195335449E+00
 0.80904016715579E+00
 0.82388429314296E+00
 0.83866375903873E+00
 0.85337801590079E+00
 0.86802653733210E+00
 0.88260882091567E+00
 0.89712438653592E+00
 0.91157278155066E+00
 0.92595357598378E+00
 0.94026636523010E+00
 0.95451077007359E+00
 0.96868643620985E+00
 0.98279303324022E+00
 0.99683025677485E+00
 0.10107978255689E+01
 0.10246954829783E+01
 0.10385229959560E+01
 0.10522801536770E+01
 0.10659667776143E+01
 0.10795826866834E+01
 0.10931277448066E+01
 0.11066018311162E+01
 0.11200048434112E+01
 0.11333367018409E+01
 0.11465973440299E+01
 0.11597867278457E+01
 0.11729048296976E+01
 0.11859516435325E+01
 0.11989271810230E+01
 0.12118314705591E+01
 0.12246645568427E+01
 0.12374265001227E+01
 0.12501173765902E+01
 0.12627372759553E+01
 0.12752863029639E+01
 0.12877645757101E+01
 0.13001722896715E+01
 0.13125094613924E+01
 0.13247763066858E+01
 0.13369729960954E+01
 0.13490997091977E+01
 0.13611566348882E+01
 0.13731439732611E+01
 0.13850619340767E+01
 0.13969107362980E+01
 0.14086906080289E+01
 0.14204017859480E+01
 0.14320445150610E+01
 0.14436190482011E+01
 0.14551256454994E+01
 0.14665645743540E+01
 0.14779361091184E+01
 0.14892405325989E+01
 0.15004781266418E+01
 0.15116491861232E+01
 0.15227540090476E+01
 0.15337928984160E+01
 0.15447661626775E+01
 0.15556741142290E+01
 0.15665170701850E+01
 0.15772953515922E+01
 0.15880092833631E+01
 0.15986591941656E+01
 0.16092454157722E+01
 0.16197682833684E+01
 0.16302281365261E+01
 0.16406253125163E+01
 0.16509601559760E+01
 0.16612330128651E+01
 0.16714442302550E+01
 0.16815941577804E+01
 0.16916831468037E+01
 0.17017115501747E+01
 0.17116797219470E+01
 0.17215880175636E+01
 0.17314367936972E+01
 0.17412264080848E+01
 0.17509572189075E+01
 0.17606295864404E+01
 0.17702438678324E+01
 0.17798004243338E+01
 0.17892996162172E+01
 0.17987418041203E+01
 0.18081273487045E+01
 0.18174566102152E+01
 0.18267299490963E+01
 0.18359477259157E+01
 0.18451103003342E+01
 0.18542180310120E+01
 0.18632712777416E+01
 0.18722703999524E+01
 0.18812157542908E+01
 0.18901076964462E+01
