 0.00000000000000E+00
 0.65229309445924E-24
 0.13898213248570E-24
-0.17443343424865E-23
-0.62441892483174E-23
-0.18901570018055E-22
-0.13443421570721E-21
-0.12008056246764E-21
 0.65360723164829E-21
 0.21518436794202E-21
 0.10901258094733E-19
 0.72866664276661E-19
 0.19700864169475E-19
 0.15486821649471E-18
 0.88605863760420E-19
-0.26129530392959E-18
-0.53820181422176E-18
-0.18135703108858E-17
 0.13584496419865E-17
 0.37774078761021E-18
-0.23929157621350E-17
-0.16791632807616E-17
-0.16558046633691E-18
-0.40076665352164E-18
-0.41904044705560E-18
-0.38971891302525E-17
-0.23029464265216E-17
 0.22025701901470E-17
-0.31802359693289E-17
-0.67153917797371E-18
-0.21978137643059E-17
-0.33199873911054E-17
 0.15245338029584E-13
-0.35901965534610E-12
 0.28205532523330E-12
 0.97621996175805E-12
-0.16409806152564E-12
 0.76051551230051E-12
-0.17317953772137E-12
-0.10236580178163E-12
 0.31874189422783E-12
-0.97240482750288E-14
-0.11796257521245E-12
-0.34462409288516E-12
 0.51781213168997E-12
 0.79851527609952E-12
 0.60145155573976E-12
 0.80107278972505E-13
 0.60852220499342E-12
 0.49075180577664E-13
-0.32231839362524E-12
-0.25590777800594E-12
 0.19806568499483E-12
 0.19903925845776E-12
-0.38710647964332E-12
-0.48276667617706E-13
-0.21729102325441E-13
-0.13269629576086E-12
 0.13530762228847E-12
 0.23842744821378E-12
-0.80581222078521E-13
-0.14824003627599E-12
 0.18825894944343E-12
 0.13152363678606E-12
 0.33638027699526E-12
-0.60311270492632E-14
 0.63302783074552E-13
-0.10751816540386E-12
-0.86870724589541E-13
 0.90814212624595E-13
 0.24781949817648E-13
-0.99256530393797E-13
-0.10270508452907E-12
 0.10100538936498E-12
-0.13019989255370E-12
 0.59990311065489E-13
 0.11420065525394E-13
-0.63586368037038E-13
 0.15024899634329E-12
 0.53030777345406E-13
 0.59128170350664E-13
-0.12466828974438E-13
 0.53135811839659E-13
-0.60268411460726E-13
 0.46071420289345E-14
-0.10044895642888E-12
-0.24555007288372E-13
-0.54683773302406E-13
-0.11266350954057E-14
 0.72519421869167E-13
 0.50500320792335E-13
 0.73419703417515E-13
-0.12023511509192E-13
 0.81236221716678E-13
 0.32865531135534E-13
-0.32585972264523E-13
-0.12748423061389E-14
-0.24816326224949E-13
-0.50231619685246E-13
 0.21044340186654E-13
 0.16098465955164E-13
 0.68019900653016E-14
-0.66809298331029E-13
-0.13929012444361E-13
-0.33069866112793E-13
 0.13304321631885E-13
 0.67236935764307E-13
-0.32859463145356E-13
 0.34134591507423E-13
-0.22486510060480E-13
 0.36880983447492E-13
-0.23047694469698E-13
 0.72985395750718E-13
 0.20995283874592E-13
 0.70727243167653E-13
-0.20475102602325E-13
 0.82440780997953E-13
 0.30427876699087E-13
 0.20696292163027E-13
 0.13053527772381E-13
 0.60616459008404E-13
-0.21676614016343E-14
-0.14434050353224E-13
 0.12665899286136E-13
 0.37044442182284E-13
 0.99272003776697E-14
-0.89734429746248E-14
-0.36843498591544E-13
-0.87410647564695E-13
 0.82255816055897E-14
-0.20215904451740E-13
 0.12634511543117E-13
-0.55983201675276E-13
-0.10501992758202E-12
 0.14192065182035E-13
-0.14035532404876E-11
-0.77558887009666E-13
-0.85423232418044E-13
 0.32635051248649E-12
 0.21448622873072E-11
-0.22482807232126E-09
-0.63650776658312E-11
-0.30146367583041E-10
-0.31481535580551E-11
 0.30667614387318E-11
-0.23313307786796E-11
 0.12589035516440E-09
 0.87024541068774E-11
 0.28124225117219E-10
 0.55264886761247E-10
-0.12029811234767E-10
 0.91958763765531E-11
 0.31156307524130E-10
-0.13540362066814E-09
-0.14412203307208E-09
 0.83768198496393E-11
-0.23529666616545E-10
 0.47328992960390E-10
 0.43584305880227E-10
 0.25653202879798E-10
 0.23622098292455E-09
 0.50393999796669E-10
 0.71637356588369E-10
 0.12353300948778E-09
 0.12394700648090E-09
 0.18038188578898E-09
-0.55940878512087E-10
-0.47938736912531E-08
 0.24042230820397E-09
 0.33954999546786E-10
-0.50349106984139E-10
-0.45200846560991E-10
-0.66835521485295E-10
-0.58067364821184E-09
-0.42056740378546E-10
-0.10965104007261E-09
-0.11731703088438E-09
 0.11509136427630E-10
-0.14319914243251E-09
-0.51015113315781E-09
 0.21149770078817E-09
 0.17518238521013E-09
 0.38498325728694E-09
 0.10229192959337E-08
-0.77622525359454E-09
-0.21936969587199E-09
 0.13498611058937E-09
-0.10144697503367E-09
-0.68436652282442E-09
-0.84716394196170E-09
-0.40235887755788E-09
 0.29575607629822E-09
 0.54308430983827E-09
-0.10289772316176E-08
-0.79097432211340E-09
-0.30067918516126E-10
 0.49957123014028E-09
-0.24771986248344E-09
 0.92127571328077E-09
-0.12992344322320E-07
 0.53315703861907E-09
 0.25892327331486E-09
-0.41170510840780E-10
-0.69672245756104E-09
-0.30914173903554E-07
-0.46195605366837E-09
 0.47823568328031E-09
-0.53016486490413E-09
-0.47089022861685E-10
-0.14208056228174E-09
-0.64784177571501E-09
-0.18544861255128E-08
 0.15132807234917E-09
-0.11543711076044E-09
-0.20404835954093E-09
-0.38572126257985E-10
 0.16252180136096E-09
-0.45775010986594E-09
-0.38340118247516E-09
-0.10874026163062E-08
-0.76531824002758E-09
-0.21256710949029E-09
-0.11947458156635E-08
 0.15623927649814E-07
 0.10518252078925E-08
 0.13692008772175E-08
 0.12525567166308E-08
 0.45674286244432E-09
 0.63721792032876E-09
-0.54086923924937E-09
 0.40621337565480E-09
 0.73921982434975E-09
-0.31341939054613E-09
-0.84496230965733E-10
-0.42607954292110E-09
 0.21679526404341E-09
 0.32668822567582E-09
 0.65413622097072E-09
 0.68226215315528E-09
-0.59430030566330E-10
-0.27242053044596E-09
-0.40820071392629E-09
-0.39626437337491E-10
 0.56811451500544E-11
 0.52324375529375E-09
 0.11949630210705E-08
 0.19895463590695E-09
 0.96356580376916E-09
-0.65206744833853E-09
 0.13072135274323E-09
 0.17343812729425E-09
-0.23306929653278E-10
-0.61778542092128E-09
-0.20639771268364E-09
-0.83190370434833E-09
-0.15468425443680E-09
 0.45178714962050E-10
-0.59493582209139E-09
 0.55238259038754E-09
-0.17658994092640E-09
 0.61031389602962E-09
 0.10304146523273E-10
-0.18910065729753E-10
 0.54505372492533E-09
 0.51270453171509E-09
-0.59345771425421E-11
-0.35975749930396E-09
-0.21762708022672E-09
-0.17816911817281E-08
-0.92132336849501E-09
 0.52414100416585E-09
-0.95715585374494E-09
-0.12466836754580E-09
 0.89656651085146E-09
 0.13283733869274E-09
 0.75632650329610E-09
-0.21783287556845E-09
 0.25503422866326E-09
-0.13438963967562E-08
 0.49023826649308E-09
 0.48355775821242E-09
 0.37092858683825E-09
-0.76722426267092E-09
-0.87133715977198E-09
 0.18703442371807E-09
 0.74517472518017E-10
 0.28140966404564E-09
-0.10664077077314E-08
-0.35288333617357E-09
 0.17640785363803E-08
-0.67573091514286E-09
-0.37654635389037E-09
 0.44428165271193E-08
-0.74513296061631E-09
-0.45801055830967E-08
 0.79668174831548E-08
 0.36898506346997E-07
 0.14316505473862E-08
-0.99131160564926E-09
 0.21481096932222E-08
