 0.00000000000000E+00
 0.17425753498722E-23
 0.24662379409587E-23
-0.55490353671571E-23
-0.60616667933666E-22
-0.36744652115099E-21
-0.10014228785057E-20
-0.13088781308973E-20
 0.39659200088079E-20
 0.37552746268281E-19
-0.63836642940987E-10
-0.13962408670042E-10
 0.26171774179927E-10
 0.29288806070847E-11
-0.23645368412018E-10
-0.21848684862153E-10
-0.42317128907992E-10
 0.60029251491254E-11
 0.24026443950131E-11
-0.39559440122571E-11
 0.94699599236437E-11
 0.24962833243782E-11
-0.14194700834664E-10
 0.24126625184334E-11
 0.92239185784588E-11
-0.32802108186506E-11
 0.18122451402413E-11
-0.15058435550261E-11
 0.86445081470178E-11
 0.10613713597760E-10
-0.98531925640896E-11
-0.30376804526050E-11
-0.42380263839310E-06
-0.52487628026630E-06
 0.54069358733493E-06
-0.29619837990911E-05
 0.27301022780516E-05
-0.44660157572308E-05
-0.26857163107121E-06
-0.16710195797125E-07
-0.42903655040065E-08
-0.64149934734609E-08
-0.10713159778920E-07
-0.17681885690030E-07
-0.28276018042639E-07
-0.44762263618263E-07
-0.68375654741955E-07
-0.10377032715875E-06
-0.15372366579193E-06
-0.22236703291714E-06
-0.31919567070670E-06
-0.44960692595842E-06
-0.60428577851777E-06
-0.83309831377368E-06
-0.11985116301390E-05
-0.15442124463972E-05
-0.20684984064974E-05
-0.27208114132801E-05
-0.35507428947377E-05
-0.45735915331687E-05
-0.58686647985704E-05
-0.73518050573950E-05
-0.93899479893458E-05
-0.11820925385687E-04
-0.14614936377507E-04
-0.18033386486621E-04
-0.22156006337807E-04
-0.26899762590278E-04
-0.32684511791294E-04
-0.39390826342529E-04
-0.47217151148413E-04
-0.56280605046831E-04
-0.66762129908135E-04
-0.78819461726857E-04
-0.92708367385138E-04
-0.10848040980360E-03
-0.12649650004786E-03
-0.14701080378842E-03
-0.17003716177356E-03
-0.19609811611107E-03
-0.22531457835847E-03
-0.23022407981722E-03
-0.29473243673234E-03
-0.33595167860577E-03
-0.38132378283688E-03
-0.43176771549218E-03
-0.48770901896874E-03
-0.54921682101278E-03
-0.61723871014484E-03
-0.69193265031513E-03
-0.77405761648852E-03
-0.86405449983130E-03
-0.96299255866731E-03
-0.10710492681205E-02
-0.11888615879630E-02
-0.13176901529980E-02
-0.14580370883603E-02
-0.16108536517781E-02
-0.17775531740446E-02
-0.19585169337250E-02
-0.21552796693812E-02
-0.23691376604770E-02
-0.26014291859564E-02
-0.28535753348438E-02
-0.31277008335387E-02
-0.34250076599868E-02
-0.37478658687649E-02
-0.40986095876481E-02
-0.44377863754401E-02
-0.48954763272126E-02
-0.53466635826592E-02
-0.58385778714510E-02
-0.63744035765743E-02
-0.69711343700909E-02
-0.76010906466516E-02
-0.83017217103788E-02
-0.90708553488386E-02
-0.99256479872941E-02
-0.10847661865288E-01
-0.11877174516703E-01
-0.13016983104769E-01
-0.14285429496129E-01
-0.15643020959478E-01
-0.17286121919477E-01
-0.19070612337236E-01
-0.21089099497276E-01
-0.23387582233804E-01
-0.26021327812227E-01
-0.29061138470403E-01
-0.32645333759359E-01
-0.36766177988485E-01
-0.41724689585043E-01
-0.47810064589713E-01
-0.54887715325746E-01
-0.64211125350340E-01
-0.75975819909815E-01
-0.91527509008107E-01
-0.11292717883175E+00
-0.14403285059635E+00
-0.19190161792051E+00
-0.27263616000005E+00
-0.40963201445163E+00
-0.50505572659156E+00
-0.34311245771954E+00
-0.19092819313244E+00
-0.10497030694125E+00
-0.53720971339190E-01
-0.20208493456540E-01
 0.33477394599758E-02
 0.20729885340409E-01
 0.34161109843558E-01
 0.44857549037715E-01
 0.53616385885581E-01
 0.60936886974923E-01
 0.67173060022068E-01
 0.72572458138717E-01
 0.77329597207922E-01
 0.81530883418933E-01
 0.85324292013137E-01
 0.88769505296205E-01
 0.91927194660021E-01
 0.94843776524599E-01
 0.97556520110976E-01
 0.10009510004982E+00
 0.10248337474855E+00
 0.10474075655260E+00
 0.10688281657367E+00
 0.10892236156774E+00
 0.11087041429838E+00
 0.11273532872331E+00
 0.11452442969900E+00
 0.11625222450160E+00
 0.11789900755584E+00
 0.11949443827996E+00
 0.12103373809078E+00
 0.12252033667508E+00
 0.12395704835374E+00
 0.12534659923079E+00
 0.12669124216141E+00
 0.12799316341815E+00
 0.12925426447615E+00
 0.13047639610033E+00
 0.13166109314214E+00
 0.13281006503323E+00
 0.13392467123818E+00
 0.13500629444694E+00
 0.13605630431035E+00
 0.13707592359783E+00
 0.13806639254284E+00
 0.13902865727217E+00
 0.13996403714066E+00
 0.14087344835867E+00
 0.14175795718147E+00
 0.14261842447895E+00
 0.14345588951150E+00
 0.14427118932023E+00
 0.14506519851860E+00
 0.14583869079058E+00
 0.14659245035053E+00
 0.14732773125579E+00
 0.14804395477070E+00
 0.14874302119011E+00
 0.14942526117419E+00
 0.15009127718454E+00
 0.15074079929754E+00
 0.15137716091892E+00
 0.15199818275814E+00
 0.15260533591454E+00
 0.15319913214538E+00
 0.15378004363747E+00
 0.15434860757386E+00
 0.15490532006534E+00
 0.15545049867669E+00
 0.15598468327042E+00
 0.15650827912597E+00
 0.15702162697846E+00
 0.15752517241582E+00
 0.15801918358537E+00
 0.15850410379571E+00
 0.15898017402994E+00
 0.15944779058973E+00
 0.15990725693331E+00
 0.16035885396936E+00
 0.16080216003506E+00
 0.16123936183092E+00
 0.16166906128811E+00
 0.16209172686110E+00
 0.16250790343188E+00
 0.16291773505540E+00
 0.16332139425733E+00
 0.16371912149759E+00
 0.16411111884861E+00
 0.16449768954073E+00
 0.16487884982452E+00
 0.16525481988334E+00
 0.16562580035656E+00
 0.16599194345786E+00
 0.16635341911479E+00
 0.16671037707358E+00
 0.16706289017975E+00
 0.16741119494762E+00
 0.16775539768641E+00
 0.16809560859803E+00
 0.16839777594114E+00
 0.16876447600010E+00
 0.16909341916214E+00
 0.16941879686710E+00
 0.16974074634479E+00
 0.17005937804286E+00
 0.17037475211999E+00
 0.17068694855654E+00
 0.17099610981710E+00
 0.17130229430679E+00
 0.17160557072949E+00
 0.17190596662554E+00
 0.17220365951566E+00
 0.17249863496114E+00
 0.17279099397085E+00
 0.17308081473352E+00
 0.17336811460585E+00
 0.17365300825422E+00
 0.17393549953011E+00
 0.17421567895045E+00
 0.17449357912390E+00
 0.17476922825657E+00
 0.17504271864135E+00
 0.17531405031256E+00
 0.17558337277759E+00
 0.17585056641102E+00
 0.17611577603361E+00
 0.17637904406476E+00
 0.17664037694680E+00
 0.17689980079534E+00
 0.17715739877533E+00
 0.17741312052391E+00
 0.17766701303969E+00
 0.17791919130253E+00
 0.17816967618425E+00
 0.17841839846497E+00
 0.17866539043764E+00
 0.17891072529912E+00
 0.17915453160665E+00
 0.17939666261760E+00
 0.17963719164461E+00
 0.17987620494777E+00
 0.18011364393797E+00
 0.18034957157114E+00
 0.18058396217573E+00
 0.18081698317072E+00
 0.18104848660792E+00
 0.18127829189672E+00
 0.18150695475103E+00
 0.18173426108186E+00
 0.18195989084878E+00
 0.18218417030050E+00
 0.18240752687874E+00
 0.18262960823797E+00
 0.18284929884807E+00
 0.18306801589427E+00
 0.18328587670608E+00
