 0.00000000000000E+00
-0.60227907112677E-25
-0.20563796322584E-24
 0.70922582207451E-24
 0.12392314046661E-22
 0.29779979491975E-22
 0.29247507969262E-21
 0.16599936955527E-21
-0.16517961958216E-20
-0.46627378470636E-20
-0.48934602031323E-19
-0.24553151194664E-18
-0.31817397110245E-18
-0.80404824791317E-18
-0.16167305709717E-17
 0.34185541278724E-17
 0.60794046758914E-17
 0.16251248106964E-16
 0.63619501071194E-18
 0.73735001741513E-17
 0.33500211564060E-16
 0.33076356966014E-16
 0.98803851228828E-17
 0.51171285361597E-16
 0.41775109183389E-16
 0.87961300942587E-16
 0.68765611824508E-16
-0.12433068209342E-16
 0.69358418822995E-16
 0.41904044705560E-16
 0.75177727846450E-16
 0.10939373209192E-15
-0.40627495125484E-12
 0.22219749114673E-11
-0.40310743359441E-11
-0.20191638541560E-10
 0.77315231049999E-11
-0.41823771994236E-10
-0.10504794543997E-10
 0.14404944400486E-10
-0.13300977774941E-10
-0.76176930015269E-11
 0.24716975582178E-11
 0.34376593173654E-10
-0.27561690442617E-10
-0.34242845094896E-10
-0.27844186745173E-10
-0.94398853202241E-11
-0.25995908407736E-10
-0.51512732411410E-11
 0.65469635599399E-11
 0.99980690155598E-11
-0.16208473788029E-10
-0.20839602038382E-10
 0.23064552584525E-10
 0.49768964203105E-11
-0.67813027138597E-12
 0.15422324598962E-10
-0.97512178398233E-11
-0.28420566057744E-10
-0.29253229461679E-11
 0.74647777895066E-11
-0.19723509962047E-10
-0.22343455827392E-10
-0.25832375481286E-10
 0.10029064393772E-10
-0.22420869677109E-10
 0.75806805971739E-11
 0.98771337053671E-11
-0.11006278035840E-10
-0.99043401269762E-11
 0.19226933831744E-10
 0.13221332454806E-10
-0.20334935549772E-10
 0.11294372155998E-10
-0.72811490884844E-11
-0.43364130652471E-12
 0.13537452247570E-10
-0.25150206041980E-10
-0.31685956147720E-11
-0.21055724715723E-10
-0.28251596873579E-11
-0.10521914086411E-10
 0.11604491705151E-10
-0.16181438370224E-12
 0.20505483257196E-10
-0.29156998810070E-11
 0.14635410170287E-10
 0.44493359733499E-11
-0.17111194746495E-10
-0.89905883817988E-11
-0.20672880310815E-10
-0.16982887875111E-11
-0.15954628554795E-10
-0.14579027764553E-10
 0.94593287969675E-11
-0.60299586694021E-11
 0.54221881396801E-11
 0.19680268001988E-10
 0.11579688931331E-11
-0.15571040036391E-11
-0.93562653249865E-11
 0.15719963070579E-10
 0.15340867445305E-11
 0.56240996938510E-11
-0.13549264762451E-11
-0.13932740713664E-10
 0.11112156120911E-10
-0.18980338455110E-10
 0.45280279960661E-11
-0.10810043388255E-10
 0.23457718451929E-11
-0.20318712062687E-10
-0.59149428666969E-11
-0.23405470254642E-10
 0.20927889179871E-11
-0.21642421161004E-10
-0.96290131889793E-11
-0.94212817663109E-11
-0.60684277122892E-11
-0.24366404620653E-10
-0.31034619545570E-11
 0.63374387857466E-11
-0.17244605357224E-10
-0.68165491579491E-11
 0.37223022153783E-11
 0.18279082174893E-10
 0.10855339482617E-10
 0.20814986081616E-10
-0.10458906788381E-10
 0.14755710287310E-10
-0.78608846529453E-11
 0.13651403031008E-10
 0.24366033301617E-10
-0.13731117369118E-12
 0.59537266717659E-09
 0.10206832580867E-09
 0.26439432966813E-10
-0.74120749181557E-10
-0.11614789129577E-08
 0.10039548334787E-06
-0.70276369149061E-08
 0.10974112309094E-07
 0.41336632136151E-08
-0.16706024043539E-08
 0.27662193230608E-08
-0.10499108680358E-06
-0.94959647508974E-08
-0.12575788632425E-07
-0.77844123154665E-08
 0.44298156751281E-08
-0.34027371376013E-08
-0.32817338410786E-07
 0.73761771271666E-07
 0.13826685733055E-06
 0.49569898638465E-08
 0.15587319845587E-07
-0.29708951021043E-07
-0.21427733560347E-07
-0.28447376518260E-07
-0.37244543941727E-06
-0.70872972324238E-07
-0.41133674234788E-07
-0.70618128693224E-07
-0.97907570949781E-07
-0.11502836891842E-06
 0.76441748325784E-07
 0.46977856865891E-05
-0.15213115460530E-06
-0.49787864124786E-07
 0.95377583717443E-07
 0.35226040011760E-07
-0.57920384375194E-07
 0.38782944597808E-06
 0.46502135854030E-07
 0.27143405154505E-07
 0.11343192454563E-06
 0.96224501803383E-08
 0.16373590597175E-06
 0.34444377650857E-06
-0.21654271339589E-06
 0.86539182141025E-07
-0.23402475607784E-06
-0.93379833221353E-06
 0.95191843215823E-06
 0.23600601935492E-06
-0.16722856949406E-06
 0.21258185667382E-06
 0.99810509350134E-06
 0.81053287081221E-06
 0.47311388430534E-06
-0.25722582705853E-06
-0.34050472793185E-06
 0.17788958734398E-06
 0.45188537867266E-06
 0.11372104507211E-06
-0.22109329399588E-06
 0.89112211903554E-07
-0.75773386846224E-06
 0.19505319878221E-04
-0.28699690602631E-06
-0.34400154215187E-06
 0.13913733841652E-06
 0.10510365864124E-05
 0.28040514090379E-04
 0.68519740871337E-06
-0.25645695164893E-06
 0.55683351365069E-06
-0.30780277935180E-06
 0.87816404482718E-07
 0.83794993642637E-06
 0.21291533169780E-05
-0.49074223231339E-06
 0.10324391415372E-06
 0.18670528556293E-06
-0.26351070471135E-08
-0.51112531393316E-06
 0.51574785003584E-06
 0.14588110406364E-06
 0.13326465718844E-05
 0.89862652121073E-06
 0.57227256078111E-06
 0.18600134340360E-05
-0.31054586318982E-04
-0.22221158103232E-05
-0.21413743865260E-05
-0.12433814689162E-05
-0.26201221175130E-06
-0.10789268580283E-05
 0.30624768056078E-06
-0.12364616321599E-06
-0.17929168085908E-05
 0.98314397087808E-06
 0.60311786439584E-06
 0.41212106611307E-06
-0.97966749656959E-07
-0.64476171645555E-06
-0.11984067133629E-05
-0.12379511982632E-05
-0.87277707096790E-07
-0.16367802552440E-06
 0.77329057244948E-06
-0.67503414394345E-07
-0.45332651289188E-06
-0.13015051419582E-05
-0.20274379266789E-05
-0.74313049409852E-06
-0.20697240781097E-05
 0.11317630709051E-05
-0.14502832191011E-06
-0.43859497960236E-06
 0.25092628150424E-06
 0.80417190558687E-06
 0.39926594902202E-06
 0.98457981744579E-06
 0.47515307737966E-06
 0.16888578971899E-07
 0.95969020486232E-06
-0.66243032704789E-06
 0.27065477270574E-06
-0.12821969088646E-05
-0.43202608531711E-06
 0.28347927552020E-06
-0.78675196632886E-06
-0.11914330199996E-05
-0.58574897750282E-07
 0.11345591098907E-05
-0.32013865250977E-07
 0.29154637666903E-05
 0.10382324582266E-05
-0.30774295927361E-06
 0.12753505801718E-05
 0.10229713732548E-05
-0.16486564083050E-05
 0.48058600449455E-07
-0.26755462991135E-05
-0.36878970206596E-07
-0.43765757720541E-06
 0.24899596190063E-05
-0.11418673352497E-05
-0.73151147906289E-06
-0.80435855377391E-06
 0.10471887466753E-05
 0.13403152115151E-05
-0.86463193891924E-07
 0.46044993880995E-06
-0.12210753762547E-05
 0.17922284279770E-05
 0.18131675336837E-05
-0.35005057994100E-05
 0.59397546146654E-06
 0.21683875657735E-05
-0.11385408721543E-04
 0.89005425263098E-06
 0.15317689259915E-04
-0.82166177788047E-05
-0.74601319507812E-04
 0.30892727158310E-05
 0.10537648702258E-05
-0.47581971710737E-05
