 0.00000000000000E+00
-0.14679848761669E-24
-0.44273703381820E-24
 0.17392468667813E-23
 0.31793490363433E-22
 0.27482117848595E-21
 0.98566736767040E-21
 0.18060731407613E-20
-0.63979845901480E-20
-0.78333995830668E-19
 0.12027412906861E-09
 0.10443434364855E-09
-0.10547854745797E-09
-0.91574907576968E-11
 0.47257794942423E-10
 0.16657525809576E-09
 0.23152604473536E-09
-0.11515740232424E-09
-0.85295161776318E-10
 0.25806596326222E-10
-0.11776850079062E-09
-0.21797388619636E-10
 0.12460097191255E-09
-0.40685200452860E-10
-0.15349155127094E-09
 0.64233910728915E-11
-0.17382777653834E-11
-0.49008068606889E-10
-0.14505409476603E-09
-0.18425970053377E-09
 0.15247909436645E-09
-0.24035918675812E-10
 0.15424762159626E-04
 0.75270814728412E-05
-0.17024143276923E-04
 0.43086399873285E-04
-0.45567642064978E-04
 0.78096255423906E-04
 0.49250779591002E-05
 0.28136488441280E-06
 0.85567171634729E-08
-0.59483346872512E-08
-0.10827603322815E-07
-0.17704365439758E-07
-0.27017276716375E-07
-0.44602990671493E-07
-0.67802948293459E-07
-0.88622638520939E-07
-0.14727990804575E-06
-0.21390924823151E-06
-0.32129729436561E-06
-0.43322169408544E-06
-0.12637243291340E-05
-0.16725888241730E-05
 0.30196876128104E-05
-0.27530105472236E-05
-0.20385125302549E-05
-0.27032149125601E-05
-0.35629426689483E-05
-0.62057142782997E-05
-0.69880827796666E-05
-0.13563016293314E-04
-0.19922299905365E-04
-0.14281572381076E-04
-0.18417198582247E-04
-0.23787543164008E-04
-0.13895785511633E-04
-0.32857338454231E-04
-0.31276827096200E-04
-0.40694095456119E-04
-0.45929462375560E-04
-0.59290468044200E-04
-0.65355998281325E-04
-0.77950455792114E-04
-0.88536640631614E-04
-0.10889460034873E-03
-0.12687300407936E-03
-0.14453162403147E-03
-0.17692702223701E-03
-0.19529068063085E-03
-0.23054189576536E-03
-0.58143802069692E-02
-0.35182589292638E-03
-0.32653173166596E-03
-0.38141931124609E-03
-0.44260513673420E-03
-0.47213500108522E-03
-0.55101757082626E-03
-0.61242961931960E-03
-0.69419315146533E-03
-0.77941975542328E-03
-0.89060921776710E-03
-0.97786551721537E-03
-0.10771237079406E-02
-0.12163880068168E-02
-0.13321217976585E-02
-0.14778189996115E-02
-0.16595585668719E-02
-0.18221813125666E-02
-0.20182131679853E-02
-0.22221560976659E-02
-0.24310606872790E-02
-0.26647490512365E-02
-0.29465933159944E-02
-0.32625809585014E-02
-0.36041917107492E-02
-0.39862390301147E-02
-0.44121526964705E-02
-0.19676430530155E-01
-0.54168362662494E-02
-0.60184019614314E-02
-0.65524006647741E-02
-0.72372483228791E-02
-0.66116324512508E-02
-0.87619028987318E-02
-0.97542356992323E-02
-0.10709092308141E-01
-0.10736315518686E-01
-0.13528472508016E-01
-0.14959504615959E-01
-0.17033320551413E-01
-0.19072212441402E-01
-0.43287835191390E-01
-0.24696080797465E-01
-0.28217826476900E-01
-0.32659523869198E-01
-0.37690547957436E-01
-0.43689333923485E-01
-0.51459031571044E-01
-0.36108254744222E-01
-0.73684813757224E-01
-0.89437793985099E-01
-0.98886976958177E-01
-0.21143683147553E+00
-0.18257154866076E+00
-0.24250758077672E+00
-0.33502138686710E+00
-0.48595819541936E+00
-0.71724286768890E+00
-0.12395896132505E+01
-0.23540206760211E+01
-0.41197230495298E+01
-0.30762367836743E+00
 0.39834367723084E+01
 0.25854450859952E+01
 0.15596731691317E+01
 0.99486399484286E+00
 0.69865193106780E+00
 0.49604617707244E+00
 0.39642290259774E+00
 0.31582129480163E+00
 0.27188078858724E+00
 0.21622126744942E+00
 0.18433713284175E+00
 0.15975126400520E+00
 0.14057327847489E+00
 0.11476049958128E+00
 0.11273775336661E+00
 0.10231136239620E+00
 0.94031206479284E-01
 0.86975185866065E-01
 0.80903496114382E-01
 0.75840540358068E-01
 0.71429759442347E-01
 0.67651241154278E-01
 0.64220452773710E-01
 0.61292269557441E-01
 0.58674280899125E-01
 0.56285511909411E-01
 0.54155546301779E-01
 0.52230329450993E-01
 0.44330919435066E-01
 0.48872005924801E-01
 0.47368785916372E-01
 0.46005014972635E-01
 0.44707853311278E-01
 0.43529580633466E-01
 0.42404362823128E-01
 0.41369864368703E-01
 0.40388576481824E-01
 0.39459789033107E-01
 0.38583366933556E-01
 0.37769168193212E-01
 0.36969477666306E-01
 0.36221003466906E-01
 0.35536002038675E-01
 0.34862584336198E-01
 0.34220195012153E-01
 0.33596148869591E-01
 0.33042350288705E-01
 0.32474955215563E-01
 0.31954704700491E-01
 0.31389885806761E-01
 0.30956927422864E-01
 0.30508364549410E-01
 0.30057049811791E-01
 0.29612916467348E-01
 0.29222851014961E-01
 0.28829720149315E-01
 0.28143986771646E-01
 0.28063516339990E-01
 0.27728934788590E-01
 0.27395451226346E-01
 0.27078513594486E-01
 0.27315781479684E-01
 0.26462850817125E-01
 0.26158355560967E-01
 0.25870030351053E-01
 0.25590268707609E-01
 0.25352882817678E-01
 0.25102285794966E-01
 0.24825275266350E-01
 0.24631059524740E-01
 0.24414997090371E-01
 0.24198750215645E-01
 0.23977180779378E-01
 0.23749548248298E-01
 0.23572838940107E-01
 0.23361498266320E-01
 0.23209691167199E-01
 0.23035120892843E-01
 0.22840919822050E-01
 0.22645268772842E-01
 0.23391049533685E-01
 0.22468488936360E-01
 0.22163101572227E-01
 0.22058931583305E-01
 0.21939585933453E-01
 0.21779158803004E-01
 0.21670702756168E-01
 0.21579275086523E-01
 0.21496092577648E-01
 0.21304480660677E-01
 0.21171858153631E-01
 0.21076736687206E-01
 0.20976665508711E-01
 0.20887517972072E-01
 0.20768861662370E-01
 0.20662419224054E-01
 0.20606202956472E-01
 0.20517246203308E-01
 0.20410591010378E-01
 0.20301686573017E-01
 0.52520743209844E-01
 0.20173276866744E-01
 0.20060985059632E-01
 0.20010628525449E-01
 0.19948592027094E-01
 0.19864619827514E-01
 0.19774135299362E-01
 0.19770032497059E-01
 0.19697405244965E-01
 0.19608758767936E-01
 0.19550644000814E-01
 0.19543044703134E-01
 0.19465549131558E-01
 0.19420671237562E-01
 0.19398403524306E-01
 0.19335124229262E-01
 0.19308939277156E-01
 0.19237005765524E-01
 0.19199144187302E-01
 0.19155014452594E-01
 0.19104581021450E-01
 0.19100267680710E-01
 0.19062003131423E-01
 0.19058102591774E-01
 0.18965372450899E-01
 0.18976627855749E-01
 0.18943957086454E-01
 0.18905214232309E-01
 0.18852677991521E-01
 0.18813311969821E-01
 0.18740602505834E-01
 0.18744602578762E-01
 0.18789889432043E-01
 0.18746015083342E-01
 0.18639768735319E-01
 0.18628390348870E-01
 0.18685149034693E-01
 0.18737431262012E-01
 0.18614300641841E-01
 0.18611458313728E-01
 0.18657078941759E-01
 0.18590206250377E-01
 0.18585010457486E-01
 0.18539442118901E-01
 0.18574321198248E-01
 0.18419532290171E-01
 0.18298291353504E-01
 0.18683742688684E-01
 0.18505271145418E-01
 0.18275304948327E-01
 0.18584227463983E-01
 0.18712621911732E-01
 0.18379961015762E-01
 0.17272429425086E-01
 0.18515084075382E-01
 0.18852629418956E-01
 0.18489515259417E-01
