 0.26943043673333+298
 0.51906684694471+144
 0.29978869313092E+93
 0.72046113104762E+67
 0.30625736112856E+52
 0.17314185981258E+42
 0.82913471539243E+34
 0.26840427137642E+29
 0.14418291175704E+25
 0.55336231094969E+21
 0.88751420138716E+18
 0.41604858427393E+16
 0.44506583588715E+14
 0.91041085895407E+12
 0.31280993159185E+11
 0.16380629320975E+10
 0.12136523096194E+09
 0.12007670074916E+08
 0.15156487025823E+07
 0.23531859013946E+06
 0.43630455407980E+05
 0.94296852822363E+04
 0.23286145390643E+04
 0.64619242864559E+03
 0.19870629743227E+03
 0.66912710190685E+02
 0.24426974201108E+02
 0.95839089873181E+01
 0.40113170304915E+01
 0.17795032926156E+01
 0.83201325946035E+00
 0.40798483146883E+00
 0.20890864154846E+00
 0.11127772497887E+00
 0.90154259123947E+04
 0.51459732359448E+04
 0.51318774195541E+04
 0.31052882314437E+04
 0.31023794223759E+04
 0.24604435599077E+04
 0.19747861085782E+04
 0.16027083939333E+04
 0.13142816531095E+04
 0.10882336487876E+04
 0.90924674499684E+03
 0.76615294262414E+03
 0.65071844578802E+03
 0.55680525685561E+03
 0.47978942603420E+03
 0.41615575511510E+03
 0.36320469194684E+03
 0.31884790578260E+03
 0.28145520182315E+03
 0.24974426214009E+03
 0.22269937999807E+03
 0.19951016951575E+03
 0.17952496799943E+03
 0.16221791498434E+03
 0.14716117325652E+03
 0.13400475023383E+03
 0.12246097772551E+03
 0.11229210670495E+03
 0.10330008459722E+03
 0.95320204968567E+02
 0.88214132819321E+02
 0.81865293995982E+02
 0.76175102457952E+02
 0.71059961436173E+02
 0.66448370442270E+02
 0.62279418691641E+02
 0.58500377662752E+02
 0.55066181315029E+02
 0.51937740577484E+02
 0.49081108823500E+02
 0.46466785768556E+02
 0.44068992005395E+02
 0.41865191995125E+02
 0.39835633520252E+02
 0.37962789877107E+02
 0.36231330978588E+02
 0.34627652241700E+02
 0.33139702603459E+02
 0.31762880799655E+02
 0.30475564463298E+02
 0.29275141055083E+02
 0.28154010884691E+02
 0.27105251159194E+02
 0.26122722191937E+02
 0.25200876367207E+02
 0.24334695007204E+02
 0.23519641827840E+02
 0.22751603462201E+02
 0.22026865759968E+02
 0.21341986677366E+02
 0.20693890871475E+02
 0.20079739197455E+02
 0.19496939108863E+02
 0.18943107985048E+02
 0.18416073635180E+02
 0.17913787432098E+02
 0.17434401235758E+02
 0.16976190040553E+02
 0.16537553143567E+02
 0.16117001415304E+02
 0.15713157118680E+02
 0.15324696536958E+02
 0.14950411749973E+02
 0.14589154347823E+02
 0.14239839507969E+02
 0.13901805193179E+02
 0.13573380479191E+02
 0.13253957534147E+02
 0.12942638710584E+02
 0.12638555157101E+02
 0.12340875372615E+02
 0.12048763029659E+02
 0.11761417937943E+02
 0.11478042073712E+02
 0.11197847044780E+02
 0.10920028555192E+02
 0.10643788230683E+02
 0.10368309097870E+02
 0.10092741091378E+02
 0.98163163913900E+01
 0.95379411913054E+01
 0.92567260568031E+01
 0.89716430466651E+01
 0.86815714407382E+01
 0.83852869378075E+01
 0.80814321665386E+01
 0.77685130709237E+01
 0.74447219137992E+01
 0.71080569122183E+01
 0.67561021155094E+01
 0.63859335646904E+01
 0.59938730717692E+01
 0.55751909107106E+01
 0.51235502032335E+01
 0.46300164926790E+01
 0.40815068465544E+01
 0.34587178546493E+01
 0.27413256818080E+01
 0.19912365600257E+01
 0.14704841046756E+01
 0.11979074188445E+01
 0.10422512209927E+01
 0.94192637592182E+00
 0.87179042938559E+00
 0.82009459853736E+00
 0.78061426863231E+00
 0.74971909521135E+00
 0.72512337641331E+00
 0.70532762856172E+00
 0.68927295487743E+00
 0.67620673754232E+00
 0.66556823754017E+00
 0.65692670261236E+00
 0.64994933049957E+00
 0.64437163091081E+00
 0.63997928119789E+00
 0.63659699044043E+00
 0.63407944138344E+00
 0.63230492344846E+00
 0.63117052155463E+00
 0.63058855896269E+00
 0.63048385434236E+00
 0.63079160837422E+00
 0.63145571578434E+00
 0.63242743845970E+00
 0.63366432365802E+00
 0.63512932221114E+00
 0.63679004581219E+00
 0.63861780922123E+00
 0.64058855030442E+00
 0.64268010979550E+00
 0.64487344146981E+00
 0.64715186720417E+00
 0.64950079314365E+00
 0.65190743455512E+00
 0.65436061746020E+00
 0.65685056989842E+00
 0.65936876612517E+00
 0.66190776549195E+00
 0.66446108534149E+00
 0.66702308987113E+00
 0.66958888656166E+00
 0.67215422930444E+00
 0.67471544553268E+00
 0.67726936794611E+00
 0.67981326828607E+00
 0.68234481433278E+00
 0.68486200194223E+00
 0.68736313566865E+00
 0.68984678062225E+00
 0.69231170375196E+00
 0.69475694923977E+00
 0.69718166426776E+00
 0.69958517505063E+00
 0.70196694225635E+00
 0.70431230935709E+00
 0.70664935839811E+00
 0.70896369804004E+00
 0.71125517807711E+00
 0.71352371641518E+00
 0.71576928926311E+00
 0.71799192289100E+00
 0.72019168973097E+00
 0.72236869854519E+00
 0.72452308902906E+00
 0.72665503206704E+00
 0.72876471918093E+00
 0.73085236245675E+00
 0.73291819011100E+00
 0.73496244688270E+00
 0.73698538435491E+00
 0.73898726652561E+00
 0.74096836388025E+00
 0.74292895190462E+00
 0.74486931014568E+00
 0.74678972273117E+00
 0.74869047266458E+00
 0.75057184594049E+00
 0.75243412751230E+00
 0.75427760253934E+00
 0.75610255286869E+00
 0.75790925836482E+00
 0.75969800164500E+00
 0.76146905776789E+00
 0.76322269806170E+00
 0.76495919375501E+00
 0.76667880865084E+00
 0.76838180676744E+00
 0.77006844574532E+00
 0.77173897966594E+00
 0.77339365892242E+00
 0.77503272904163E+00
 0.77665643183748E+00
 0.77826500452406E+00
 0.77985868051488E+00
 0.78143768775853E+00
 0.78300225166046E+00
 0.78455259191903E+00
 0.78608892473442E+00
 0.78761135384610E+00
 0.78912030354200E+00
 0.79061587149085E+00
 0.79209825516779E+00
 0.79356764898370E+00
 0.79502424574300E+00
 0.79646823307459E+00
 0.79789979497481E+00
 0.79931911221974E+00
 0.80072636163664E+00
 0.80212171670024E+00
 0.80350534735181E+00
 0.80487741987037E+00
 0.80623809769949E+00
 0.80758754073233E+00
 0.80892590530908E+00
 0.81025334183596E+00
 0.81157000801751E+00
 0.81287604797499E+00
 0.81417160628458E+00
 0.81545682523051E+00
 0.81673184312792E+00
 0.81799679682721E+00
 0.81925181993267E+00
 0.82049704354156E+00
 0.82173259648903E+00
 0.82295860474172E+00
 0.82417519211458E+00
 0.82538247984176E+00
 0.82658058301479E+00
 0.82776962659371E+00
 0.82894972158739E+00
 0.83012097978948E+00
 0.83128351226909E+00
 0.83243742719502E+00
 0.83358283079525E+00
 0.83471982759850E+00
 0.83584852016635E+00
 0.83696900941957E+00
 0.83808139412819E+00
 0.83918577103723E+00
 0.84028223580158E+00
 0.84137087763900E+00
 0.84245179732301E+00
 0.84352508124210E+00
 0.84459081779436E+00
 0.84564909439356E+00
 0.84669999688157E+00
 0.84774360944920E+00
 0.84878001507823E+00
 0.84980929498409E+00
 0.85083152939675E+00
 0.85184679702479E+00
 0.85285517522261E+00
 0.85385673999263E+00
 0.85485156162532E+00
 0.85583972276506E+00
