 0.10302017716688E+03
 0.10302017716686E+03
 0.10302017716642E+03
 0.10302017716381E+03
 0.10302017715592E+03
 0.10302017714027E+03
 0.10302017711713E+03
 0.10302017708621E+03
 0.10302017702067E+03
 0.10302017678302E+03
 0.10302017594122E+03
 0.10302017346285E+03
 0.10302016730229E+03
 0.10302015392871E+03
 0.10302012785705E+03
 0.10302013494103E+03
 0.10302010655209E+03
 0.10302003520554E+03
 0.10301991067102E+03
 0.10301977458169E+03
 0.10301954981922E+03
 0.10301928338064E+03
 0.10301889049128E+03
 0.10301842474625E+03
 0.10301779326862E+03
 0.10301705475310E+03
 0.10301610791507E+03
 0.10301501531654E+03
 0.10301367009396E+03
 0.10301213704405E+03
 0.10301030734781E+03
 0.10300824594320E+03
 0.10300584541142E+03
 0.10300312104704E+03
 0.10300010894758E+03
 0.10299669293551E+03
 0.10299289313599E+03
 0.10298874690490E+03
 0.10298413725230E+03
 0.10297908954945E+03
 0.10297363911488E+03
 0.10296767478761E+03
 0.10296122300172E+03
 0.10295427022839E+03
 0.10294685189474E+03
 0.10293885866952E+03
 0.10293032062028E+03
 0.10292122602887E+03
 0.10291156224415E+03
 0.10290136739117E+03
 0.10289053257100E+03
 0.10287909132216E+03
 0.10286703308536E+03
 0.10285434627127E+03
 0.10284101921359E+03
 0.10282709084775E+03
 0.10281245081621E+03
 0.10279713331876E+03
 0.10278112621357E+03
 0.10276441588133E+03
 0.10274698790160E+03
 0.10272887575682E+03
 0.10270996796646E+03
 0.10269029248933E+03
 0.10266983088548E+03
 0.10264856251764E+03
 0.10262646499076E+03
 0.10260351396351E+03
 0.10257968298607E+03
 0.10255499246751E+03
 0.10252931498142E+03
 0.10250266295111E+03
 0.10247499981166E+03
 0.10244628535469E+03
 0.10241647591400E+03
 0.10238552416169E+03
 0.10235337880734E+03
 0.10232003340163E+03
 0.10228533209172E+03
 0.10224925669565E+03
 0.10221173771802E+03
 0.10217269986605E+03
 0.10213204678041E+03
 0.10208971862106E+03
 0.10204560902950E+03
 0.10199966696757E+03
 0.10195168729622E+03
 0.10190160129491E+03
 0.10184928488913E+03
 0.10179460485622E+03
 0.10173741846873E+03
 0.10167757285410E+03
 0.10161495404690E+03
 0.10154928964831E+03
 0.10148043907202E+03
 0.10140820146516E+03
 0.10133236131629E+03
 0.10125268771251E+03
 0.10116898194878E+03
 0.10108088294032E+03
 0.10098815183779E+03
 0.10089048225635E+03
 0.10078754451702E+03
 0.10067898366645E+03
 0.10056446650771E+03
 0.10044348412807E+03
 0.10031563691695E+03
 0.10018044187100E+03
 0.10003737510874E+03
 0.99885878755203E+02
 0.99725303887878E+02
 0.99554990304856E+02
 0.99374198052799E+02
 0.99182115906587E+02
 0.98977899512535E+02
 0.98760470450907E+02
 0.98528784766837E+02
 0.98281632334644E+02
 0.98017710512140E+02
 0.97735416236435E+02
 0.97433092238603E+02
 0.97108858951700E+02
 0.96760445387854E+02
 0.96385320726768E+02
 0.95980750420242E+02
 0.95543258309381E+02
 0.95068956826092E+02
 0.94553253600387E+02
 0.93990534776735E+02
 0.93374181305872E+02
 0.92695828065965E+02
 0.91945464506418E+02
 0.91110006198079E+02
 0.90172707877184E+02
 0.89111019391733E+02
 0.87894413858183E+02
 0.86478736434106E+02
 0.84798349547986E+02
 0.82747773667936E+02
 0.80144891965657E+02
 0.76643174293413E+02
 0.71545113091752E+02
 0.64081308678870E+02
 0.56300983071140E+02
 0.50459404675223E+02
 0.46101251694123E+02
 0.42651630101804E+02
 0.39795345510232E+02
 0.37356759364981E+02
 0.35230091281384E+02
 0.33346565595505E+02
 0.31658722797427E+02
 0.30133208478444E+02
 0.28744167283564E+02
 0.27472321210118E+02
 0.26302313272875E+02
 0.25221613441016E+02
 0.24220104992593E+02
 0.23289206928998E+02
 0.22421778862268E+02
 0.21611685122622E+02
 0.20853627939485E+02
 0.20142989268127E+02
 0.19475715174050E+02
 0.18848220142557E+02
 0.18257313190884E+02
 0.17700138133805E+02
 0.17174126653776E+02
 0.16676959079685E+02
 0.16206532628691E+02
 0.15760934908457E+02
 0.15338422155513E+02
 0.14937411038962E+02
 0.14556418189686E+02
 0.14194117651971E+02
 0.13849278513841E+02
 0.13520767887157E+02
 0.13207541714935E+02
 0.12908637266516E+02
 0.12623165372041E+02
 0.12350304334936E+02
 0.12089293813231E+02
 0.11839429843549E+02
 0.11600060011239E+02
 0.11370579070595E+02
 0.11150425087520E+02
 0.10939076031770E+02
 0.10736046423171E+02
 0.10540884378195E+02
 0.10353168996376E+02
 0.10172507761417E+02
 0.99985345951501E+01
 0.98309074796688E+01
 0.96693067729312E+01
 0.95134324607109E+01
 0.93630066139011E+01
 0.92177658825324E+01
 0.90774642213703E+01
 0.89418706934947E+01
 0.88101543109163E+01
 0.86833373230499E+01
 0.85606156986087E+01
 0.84418086789945E+01
 0.83267459195123E+01
 0.82152667609177E+01
 0.81072195344315E+01
 0.80024609618568E+01
 0.79008555920848E+01
 0.78022752867928E+01
 0.77065986934755E+01
 0.76137108575954E+01
 0.75235027787458E+01
 0.74358710346246E+01
 0.73507174136005E+01
 0.72679486326739E+01
 0.71874759820726E+01
 0.71092150715051E+01
 0.70330855733369E+01
 0.69590109685546E+01
 0.68869183130903E+01
 0.68167380623568E+01
 0.67484038375669E+01
 0.66818522689552E+01
 0.66170227992683E+01
 0.65538575745370E+01
 0.64923010730295E+01
 0.64323006722075E+01
 0.63738055022338E+01
 0.63167670045717E+01
 0.62611386309538E+01
 0.62068757754063E+01
 0.61539356233382E+01
 0.61022771051349E+01
 0.60518607852116E+01
 0.60026487824421E+01
 0.59546047013803E+01
 0.59076935469644E+01
 0.58618816692891E+01
 0.58171366878082E+01
 0.57734274420366E+01
 0.57307239232443E+01
 0.56889972311555E+01
 0.56482195129952E+01
 0.56083644453309E+01
 0.55694049164034E+01
 0.55313168208276E+01
 0.54940759077755E+01
 0.54576589244396E+01
 0.54220434103738E+01
 0.53872076785334E+01
 0.53531307774868E+01
 0.53197924536719E+01
 0.52871731340132E+01
 0.52552538870696E+01
 0.52240164001602E+01
 0.51934429607975E+01
 0.51635164212991E+01
 0.51342201828638E+01
 0.51055381778372E+01
 0.50774546772204E+01
 0.50499549206195E+01
 0.50230241414147E+01
 0.49966481741802E+01
 0.49708132857561E+01
 0.49455061658416E+01
 0.49207138960094E+01
 0.48964239533336E+01
 0.48726241802888E+01
 0.48493027793943E+01
 0.48264482998871E+01
 0.48040496204207E+01
 0.47820959502418E+01
 0.47605766249108E+01
 0.47394817954934E+01
 0.47188014043872E+01
 0.46985258242535E+01
 0.46786457054930E+01
 0.46591519540715E+01
 0.46400357349472E+01
 0.46212884492771E+01
 0.46029017397192E+01
 0.45848674728599E+01
 0.45671777304808E+01
 0.45498248163887E+01
 0.45328012350728E+01
 0.45160995111320E+01
 0.44997128910908E+01
 0.44836343021001E+01
 0.44678569977116E+01
 0.44523744179317E+01
 0.44371801712781E+01
 0.44222680407514E+01
 0.44076319523804E+01
 0.43932660047337E+01
 0.43791644278491E+01
 0.43653216158997E+01
 0.43517321156791E+01
 0.43383905326283E+01
 0.43252915120674E+01
 0.43124303532623E+01
