 0.68713215513158E+01
 0.68713215495613E+01
 0.68713215307849E+01
 0.68713214520529E+01
 0.68713212391843E+01
 0.68713207883606E+01
 0.68713199678250E+01
 0.68713186217553E+01
 0.68713165863291E+01
 0.68713137330438E+01
 0.68713100488296E+01
 0.68713057474337E+01
 0.68713013924563E+01
 0.68712980075046E+01
 0.68712971534272E+01
 0.68712984984752E+01
 0.68713073999573E+01
 0.68713267886471E+01
 0.68713600171914E+01
 0.68714082588551E+01
 0.68714782318013E+01
 0.68715709618240E+01
 0.68716934242352E+01
 0.68718460782132E+01
 0.68720358542752E+01
 0.68722624412999E+01
 0.68725325161601E+01
 0.68728448833340E+01
 0.68732057117190E+01
 0.68736129169225E+01
 0.68740719516432E+01
 0.68745799308533E+01
 0.68751414577973E+01
 0.68757551615075E+01
 0.68764183645090E+01
 0.68771350388242E+01
 0.68779025921550E+01
 0.68787174303160E+01
 0.68795826505730E+01
 0.68804947398428E+01
 0.68814494810409E+01
 0.68824491516646E+01
 0.68834896292768E+01
 0.68845684820267E+01
 0.68856809556615E+01
 0.68868287719871E+01
 0.68880072687582E+01
 0.68892136286463E+01
 0.68904450418334E+01
 0.68916963802201E+01
 0.68929691556410E+01
 0.68942584341023E+01
 0.68955612824293E+01
 0.68968748251610E+01
 0.68981962051335E+01
 0.68995202945158E+01
 0.69008487327893E+01
 0.69021766405707E+01
 0.69035012479116E+01
 0.69048198619973E+01
 0.69061298313990E+01
 0.69074263345177E+01
 0.69087111044080E+01
 0.69099795439492E+01
 0.69112291283041E+01
 0.69124573945908E+01
 0.69136619091580E+01
 0.69148402622293E+01
 0.69159900642615E+01
 0.69171066982697E+01
 0.69181921701999E+01
 0.69192419964924E+01
 0.69202537808536E+01
 0.69212251334755E+01
 0.69221536419567E+01
 0.69230368620078E+01
 0.69238723084309E+01
 0.69246551920191E+01
 0.69253873175578E+01
 0.69260638784862E+01
 0.69266821052325E+01
 0.69272391477190E+01
 0.69277317631449E+01
 0.69281573707363E+01
 0.69285125268221E+01
 0.69287915429735E+01
 0.69289953936724E+01
 0.69291181588252E+01
 0.69291558920312E+01
 0.69291044391391E+01
 0.69289593965097E+01
 0.69287160920857E+01
 0.69283672019891E+01
 0.69279120266865E+01
 0.69273426910496E+01
 0.69266531599055E+01
 0.69258369834151E+01
 0.69248872520266E+01
 0.69237941835857E+01
 0.69225544077760E+01
 0.69211571130524E+01
 0.69195930465446E+01
 0.69178522258460E+01
 0.69159238561748E+01
 0.69137937899799E+01
 0.69114540980015E+01
 0.69088886795560E+01
 0.69060825074035E+01
 0.69030191870853E+01
 0.68996774074252E+01
 0.68960438583002E+01
 0.68920939060887E+01
 0.68878037310943E+01
 0.68831470327708E+01
 0.68780920242824E+01
 0.68726113544273E+01
 0.68666664544632E+01
 0.68602168820123E+01
 0.68532145032128E+01
 0.68456131692235E+01
 0.68373522700016E+01
 0.68283629607027E+01
 0.68185744405465E+01
 0.68078950596045E+01
 0.67962237677418E+01
 0.67834459895570E+01
 0.67694198285376E+01
 0.67539768999568E+01
 0.67369240224621E+01
 0.67180147987392E+01
 0.66969557845522E+01
 0.66733762934969E+01
 0.66468117855944E+01
 0.66166499730565E+01
 0.65820854075973E+01
 0.65420277497813E+01
 0.64949186562718E+01
 0.64384756987693E+01
 0.63691125255215E+01
 0.62808591427970E+01
 0.61629991858322E+01
 0.59965391220438E+01
 0.57731050472470E+01
 0.55782919271568E+01
 0.54645971979821E+01
 0.54009851490956E+01
 0.53650030687159E+01
 0.53457925816774E+01
 0.53377040468787E+01
 0.53374905017993E+01
 0.53431248408029E+01
 0.53532622435253E+01
 0.53669586415753E+01
 0.53835305706156E+01
 0.54024602974328E+01
 0.54233472444840E+01
 0.54458715590078E+01
 0.54697736529773E+01
 0.54948407669748E+01
 0.55208910282226E+01
 0.55477698763415E+01
 0.55753437352972E+01
 0.56034961436454E+01
 0.56321246293264E+01
 0.56611385378354E+01
 0.56904573046997E+01
 0.57200091447031E+01
 0.57497299419869E+01
 0.57795623995568E+01
 0.58094553052587E+01
 0.58393629176506E+01
 0.58692444028157E+01
 0.58990624995285E+01
 0.59287866906815E+01
 0.59583871261849E+01
 0.59878382532334E+01
 0.60171174590679E+01
 0.60462047829008E+01
 0.60750825899311E+01
 0.61037353758845E+01
 0.61321495065124E+01
 0.61603130463885E+01
 0.61882155465603E+01
 0.62158478868988E+01
 0.62432021391669E+01
 0.62702714302753E+01
 0.62970497995880E+01
 0.63235321130567E+01
 0.63497139664542E+01
 0.63755915983901E+01
 0.64011618244434E+01
 0.64264219407383E+01
 0.64513697099545E+01
 0.64760032832410E+01
 0.65003211518908E+01
 0.65243221329266E+01
 0.65480053085259E+01
 0.65713700114178E+01
 0.65944157926760E+01
 0.66171425192719E+01
 0.66395498918508E+01
 0.66616380911330E+01
 0.66834073641904E+01
 0.67048580777360E+01
 0.67259907130277E+01
 0.67468058756820E+01
 0.67673042628061E+01
 0.67874866717691E+01
 0.68073539867632E+01
 0.68269071825348E+01
 0.68461473079205E+01
 0.68650754874368E+01
 0.68836929203104E+01
 0.69020008746027E+01
 0.69200006802284E+01
 0.69376937357601E+01
 0.69550815011263E+01
 0.69721654919577E+01
 0.69889472850213E+01
 0.70054285158656E+01
 0.70216108691821E+01
 0.70374960870471E+01
 0.70530859626084E+01
 0.70683823485728E+01
 0.70833871318184E+01
 0.70981023210608E+01
 0.71125297871612E+01
 0.71266716297141E+01
 0.71405299340378E+01
 0.71541068314640E+01
 0.71674044893463E+01
 0.71804251280223E+01
 0.71931710002362E+01
 0.72056444015325E+01
 0.72178476664557E+01
 0.72297831634258E+01
 0.72414533016339E+01
 0.72528605197059E+01
 0.72640072935848E+01
 0.72748961289801E+01
 0.72855295615112E+01
 0.72959101560802E+01
 0.73060405080773E+01
 0.73159230710728E+01
 0.73255608412989E+01
 0.73349562811382E+01
 0.73441120976589E+01
 0.73530309973943E+01
 0.73617157112573E+01
 0.73701689853002E+01
 0.73783935793127E+01
 0.73863922726546E+01
 0.73941678502957E+01
 0.74017231142020E+01
 0.74090608776700E+01
 0.74161839564383E+01
 0.74230951789747E+01
 0.74297973794668E+01
 0.74362933915420E+01
 0.74425860466723E+01
 0.74486782039796E+01
 0.74545727002891E+01
 0.74602723731407E+01
 0.74657800634110E+01
 0.74710986042940E+01
 0.74762308318797E+01
 0.74811795656501E+01
 0.74859476267024E+01
 0.74905378247642E+01
 0.74949529601305E+01
 0.74991958270444E+01
 0.75032691962422E+01
 0.75071758214557E+01
 0.75109184944034E+01
 0.75144999353539E+01
 0.75179228701533E+01
 0.75211900021810E+01
 0.75243040290303E+01
 0.75272676193735E+01
 0.75300834327147E+01
 0.75327541001867E+01
 0.75352822373634E+01
 0.75376704474340E+01
 0.75399212994315E+01
 0.75420373462786E+01
 0.75440210873684E+01
 0.75458750942371E+01
 0.75476018162888E+01
 0.75492037167088E+01
 0.75506832310893E+01
 0.75520427734437E+01
 0.75532847181025E+01
 0.75544114388403E+01
 0.75554252569878E+01
 0.75563284956795E+01
 0.75571234229055E+01
 0.75578122618786E+01
 0.75583973331718E+01
 0.75588807403199E+01
 0.75592647185307E+01
