 0.13627999401290E+00
 0.13627999401285E+00
 0.13627999401170E+00
 0.13627999400479E+00
 0.13627999398390E+00
 0.13627999394246E+00
 0.13627999388417E+00
 0.13627999383955E+00
 0.13627999391025E+00
 0.13627999436079E+00
 0.13627999575100E+00
 0.13627999907158E+00
 0.13628000583617E+00
 0.13628001809933E+00
 0.13628003839395E+00
 0.13627983713036E+00
 0.13627966892726E+00
 0.13627951133781E+00
 0.13627934094703E+00
 0.13627889709033E+00
 0.13627842081959E+00
 0.13627760441355E+00
 0.13627670017495E+00
 0.13627535222599E+00
 0.13627383092667E+00
 0.13627174399206E+00
 0.13626938656128E+00
 0.13626634064513E+00
 0.13626291911489E+00
 0.13625869021575E+00
 0.13625397344101E+00
 0.13624833655457E+00
 0.13624209488156E+00
 0.13623503461503E+00
 0.13622685302559E+00
 0.13621791429765E+00
 0.13620799027980E+00
 0.13619678925811E+00
 0.13618468168742E+00
 0.13617143814095E+00
 0.13615678329029E+00
 0.13614108222996E+00
 0.13612410915942E+00
 0.13610581565599E+00
 0.13608594581507E+00
 0.13606487418299E+00
 0.13604237589687E+00
 0.13601841039192E+00
 0.13599294424684E+00
 0.13596572715118E+00
 0.13593714654288E+00
 0.13590697566903E+00
 0.13587517945999E+00
 0.13584172768081E+00
 0.13580659012924E+00
 0.13576951720169E+00
 0.13573090181029E+00
 0.13569051027878E+00
 0.13564830546244E+00
 0.13560425219726E+00
 0.13555831338129E+00
 0.13551023932245E+00
 0.13546039705576E+00
 0.13540854461484E+00
 0.13535463028584E+00
 0.13529860091772E+00
 0.13524039888748E+00
 0.13517996155708E+00
 0.13511722085353E+00
 0.13505189182465E+00
 0.13498430585917E+00
 0.13491417589964E+00
 0.13484140455989E+00
 0.13476588828616E+00
 0.13468751467333E+00
 0.13460616192015E+00
 0.13452169806821E+00
 0.13443377156872E+00
 0.13434263677914E+00
 0.13424792879398E+00
 0.13414946673536E+00
 0.13404705733739E+00
 0.13394045299153E+00
 0.13382950088492E+00
 0.13371392898369E+00
 0.13359326924391E+00
 0.13346765621713E+00
 0.13333659412355E+00
 0.13319976493259E+00
 0.13305682952675E+00
 0.13290742514175E+00
 0.13275116384001E+00
 0.13258742153212E+00
 0.13241616328312E+00
 0.13223671608455E+00
 0.13204857264392E+00
 0.13185119119601E+00
 0.13164399258984E+00
 0.13142615180511E+00
 0.13119740566849E+00
 0.13095684943544E+00
 0.13070372166711E+00
 0.13043720648912E+00
 0.13015642825138E+00
 0.12986023917835E+00
 0.12954803001498E+00
 0.12921851550424E+00
 0.12887052028276E+00
 0.12850277542150E+00
 0.12811360911108E+00
 0.12770209427613E+00
 0.12726634716712E+00
 0.12680460702651E+00
 0.12631495416469E+00
 0.12579507867011E+00
 0.12524307770979E+00
 0.12465622131698E+00
 0.12403171013294E+00
 0.12336623584618E+00
 0.12265674220095E+00
 0.12189918088008E+00
 0.12108902670995E+00
 0.12022177047246E+00
 0.11929151644466E+00
 0.11829200142354E+00
 0.11721618030168E+00
 0.11605540291835E+00
 0.11479956648282E+00
 0.11343733387886E+00
 0.11195432112067E+00
 0.11033369798164E+00
 0.10855453945714E+00
 0.10659091784047E+00
 0.10440900522534E+00
 0.10196482068451E+00
 0.99199619282005E-01
 0.96029838863055E-01
 0.92334195653706E-01
 0.87922484485022E-01
 0.82478145884801E-01
 0.75428310419326E-01
 0.65727593135484E-01
 0.52729060672388E-01
 0.40702375111054E-01
 0.32694257591220E-01
 0.27290573786729E-01
 0.23359252124982E-01
 0.20335392179174E-01
 0.17919503658725E-01
 0.15937319350390E-01
 0.14278611871805E-01
 0.12869877330549E-01
 0.11659354767362E-01
 0.10609214443574E-01
 0.96911312603275E-02
 0.88832453396971E-02
 0.81682589047663E-02
 0.75324421929438E-02
 0.69645516558525E-02
 0.64554109480675E-02
 0.59973725448625E-02
 0.55840205270740E-02
 0.52099266289191E-02
 0.48704668699139E-02
 0.45616762108586E-02
 0.42801352801194E-02
 0.40228799794949E-02
 0.37873294701020E-02
 0.35712272826940E-02
 0.33725933577633E-02
 0.31896844073804E-02
 0.30209611321655E-02
 0.28650646625799E-02
 0.27207761519892E-02
 0.25870246442392E-02
 0.24628505723250E-02
 0.23473966422719E-02
 0.22398954450476E-02
 0.21396589714937E-02
 0.20460691540114E-02
 0.19585699352257E-02
 0.18766601400566E-02
 0.17998874188858E-02
 0.17278428353222E-02
 0.16601561161432E-02
 0.15964915091489E-02
 0.15365441599297E-02
 0.14800368410579E-02
 0.14267170908960E-02
 0.13763547016366E-02
 0.13287394345854E-02
 0.12836791040172E-02
 0.12409977163127E-02
 0.12005339407315E-02
 0.11621394476660E-02
 0.11256786387051E-02
 0.10910260281700E-02
 0.10580662368265E-02
 0.10266928443707E-02
 0.99680742777163E-03
 0.96831943988335E-03
 0.94114464202702E-03
 0.91520512157052E-03
 0.89042861649691E-03
 0.86674778264896E-03
 0.84410077221001E-03
 0.82242931035106E-03
 0.80167936785823E-03
 0.78180058404055E-03
 0.76274596440386E-03
 0.74447162640182E-03
 0.72693655090472E-03
 0.71010236298944E-03
 0.69393287597058E-03
 0.67839492840580E-03
 0.66345668243998E-03
 0.64908849251838E-03
 0.63526251371831E-03
 0.62195256919099E-03
 0.60913403019872E-03
 0.59678371353192E-03
 0.58487977480975E-03
 0.57340137782779E-03
 0.56232958283118E-03
 0.55164580479243E-03
 0.54135304178465E-03
 0.53139422646531E-03
 0.52177396992113E-03
 0.51247786820342E-03
 0.50349203894747E-03
 0.49480332861011E-03
 0.48639926237550E-03
 0.47826800933938E-03
 0.47039833980672E-03
 0.46277958944588E-03
 0.45540162663108E-03
 0.44825481926221E-03
 0.44133000720085E-03
 0.43461847338900E-03
 0.42811191999799E-03
 0.42180244285206E-03
 0.41568251094532E-03
 0.40974494406924E-03
 0.40398296864352E-03
 0.39840866239119E-03
 0.39297846085301E-03
 0.38770463245156E-03
 0.38258190033591E-03
 0.37760483490441E-03
 0.37276823687029E-03
 0.36806713312057E-03
 0.36349676451237E-03
 0.35905257631082E-03
 0.35473020661551E-03
 0.35052547706555E-03
 0.34643438446987E-03
 0.34245309081190E-03
 0.33857791599242E-03
 0.33480533055886E-03
 0.33114987961880E-03
 0.32757273838972E-03
 0.32408785159554E-03
 0.32069278269897E-03
 0.31738466966949E-03
 0.31416074545144E-03
 0.31101834847949E-03
 0.30795492034625E-03
 0.30496799958067E-03
 0.30205521797704E-03
 0.29921429651608E-03
 0.29644304079953E-03
 0.29373933876797E-03
 0.29111874002289E-03
 0.28854459376744E-03
 0.28603136891895E-03
 0.28357796324372E-03
 0.28118265242308E-03
 0.27884374383418E-03
 0.27655960408515E-03
 0.27432865636252E-03
 0.27214937949759E-03
 0.27002030474033E-03
 0.26794001342941E-03
 0.26590713638111E-03
 0.26392035042035E-03
 0.26199562061809E-03
 0.26009791605929E-03
 0.25824166462547E-03
 0.25642659410116E-03
 0.25465163783388E-03
 0.25291571845052E-03
 0.25121779198175E-03
 0.24955684650058E-03
 0.24793190441166E-03
 0.24634201753183E-03
 0.24478626967010E-03
 0.24326377522096E-03
 0.24177366705638E-03
 0.24033210609134E-03
 0.23890523615720E-03
