 0.11702186561398E+00
 0.11702186561398E+00
 0.11702186561398E+00
 0.11702186561398E+00
 0.11702186561398E+00
 0.11702186561398E+00
 0.11702186561398E+00
 0.11702186561398E+00
 0.11702186561398E+00
 0.11702186561398E+00
 0.11702186561398E+00
 0.11702186561398E+00
 0.11702186561398E+00
 0.11702186561398E+00
 0.11702186561398E+00
 0.11702156398485E+00
 0.11702128712670E+00
 0.11702100197489E+00
 0.11702067449334E+00
 0.11701996329784E+00
 0.11701917870170E+00
 0.11701791984703E+00
 0.11701651347800E+00
 0.11701449828153E+00
 0.11701222656241E+00
 0.11700919193867E+00
 0.11700578099773E+00
 0.11700145604908E+00
 0.11699662857835E+00
 0.11699074477949E+00
 0.11698422622285E+00
 0.11697651976822E+00
 0.11696804261533E+00
 0.11695852580413E+00
 0.11694758541220E+00
 0.11693570234408E+00
 0.11692258969516E+00
 0.11690787728320E+00
 0.11689205481083E+00
 0.11687483226129E+00
 0.11685586059128E+00
 0.11683562088626E+00
 0.11681382734059E+00
 0.11679042382536E+00
 0.11676508469315E+00
 0.11673830142742E+00
 0.11670978773617E+00
 0.11667949591070E+00
 0.11664738709834E+00
 0.11661314089412E+00
 0.11657726342962E+00
 0.11653946422512E+00
 0.11649970110779E+00
 0.11645793800730E+00
 0.11641413878879E+00
 0.11636798293198E+00
 0.11631998268571E+00
 0.11626983827859E+00
 0.11621750484714E+00
 0.11616294033580E+00
 0.11610610050501E+00
 0.11604666612270E+00
 0.11598511739120E+00
 0.11592114610775E+00
 0.11585469115866E+00
 0.11578569031828E+00
 0.11571407636003E+00
 0.11563977642682E+00
 0.11556271158488E+00
 0.11548252318974E+00
 0.11539965159148E+00
 0.11531373770238E+00
 0.11522466929301E+00
 0.11513232749114E+00
 0.11503658344396E+00
 0.11493729765571E+00
 0.11483431913613E+00
 0.11472721462215E+00
 0.11461633627300E+00
 0.11450123723473E+00
 0.11438171069728E+00
 0.11425753597399E+00
 0.11412843184647E+00
 0.11399422111837E+00
 0.11385459455617E+00
 0.11370898633605E+00
 0.11355761165554E+00
 0.11339987454102E+00
 0.11323541171190E+00
 0.11306383606138E+00
 0.11288473343545E+00
 0.11269766098982E+00
 0.11250187546362E+00
 0.11229739745397E+00
 0.11208342950348E+00
 0.11185939279052E+00
 0.11162466948871E+00
 0.11137859939517E+00
 0.11112021235493E+00
 0.11084926777178E+00
 0.11056470710227E+00
 0.11026566441962E+00
 0.10995121280645E+00
 0.10962035843415E+00
 0.10927176940215E+00
 0.10890481631701E+00
 0.10851801626307E+00
 0.10811004236272E+00
 0.10767946468201E+00
 0.10722437163193E+00
 0.10674378484917E+00
 0.10623556413573E+00
 0.10569774283230E+00
 0.10512818279982E+00
 0.10452428597116E+00
 0.10388401203045E+00
 0.10320431767266E+00
 0.10248212780681E+00
 0.10171378926536E+00
 0.10089604320676E+00
 0.10002446956166E+00
 0.99094158495895E-01
 0.98100349579922E-01
 0.97036724871710E-01
 0.95896648193982E-01
 0.94672795757319E-01
 0.93356135982616E-01
 0.91936220496978E-01
 0.90401564705613E-01
 0.88737577136925E-01
 0.86927542288798E-01
 0.84950841284126E-01
 0.82782425142062E-01
 0.80389976550425E-01
 0.77732385073215E-01
 0.74755981345676E-01
 0.71386095181591E-01
 0.67517735610710E-01
 0.62991808970327E-01
 0.57556239480385E-01
 0.50786656973173E-01
 0.42018479801206E-01
 0.31359540880148E-01
 0.22672600531329E-01
 0.17513771430546E-01
 0.14303059769603E-01
 0.12096054709496E-01
 0.10467589628629E-01
 0.92067256007037E-02
 0.81968620314411E-02
 0.73674432879686E-02
 0.66731591622443E-02
 0.60831810074152E-02
 0.55756815087145E-02
 0.51347595726937E-02
 0.47484592754104E-02
 0.44075365081569E-02
 0.41048095944200E-02
 0.38345111330596E-02
 0.35920132426648E-02
 0.33735200562474E-02
 0.31758919777352E-02
 0.29965063921942E-02
 0.28331545580307E-02
 0.26839615360023E-02
 0.25473247499399E-02
 0.24218657585393E-02
 0.23063923975754E-02
 0.21998683027094E-02
 0.21013884374564E-02
 0.20101591493965E-02
 0.19254818951498E-02
 0.18467417449545E-02
 0.17733875109445E-02
 0.17049361411051E-02
 0.16409549011357E-02
 0.15810572603787E-02
 0.15248971335141E-02
 0.14721640607056E-02
 0.14225788687660E-02
 0.13758900756919E-02
 0.13318706620844E-02
 0.12903153548906E-02
 0.12510382020993E-02
 0.12138704523350E-02
 0.11786587146053E-02
 0.11452633542105E-02
 0.11135570430726E-02
 0.10834234938644E-02
 0.10547563555029E-02
 0.10274581970553E-02
 0.10014396763178E-02
 0.97661870699744E-03
 0.95291979112785E-03
 0.93027319425467E-03
 0.90861518755175E-03
 0.88788635125263E-03
 0.86803193015831E-03
 0.84900123759491E-03
 0.83074720321163E-03
 0.81322642399875E-03
 0.79639830568205E-03
 0.78022518419969E-03
 0.76467199247343E-03
 0.74970582852962E-03
 0.73529663965570E-03
 0.72141572151747E-03
 0.70803644625035E-03
 0.69513389721293E-03
 0.68268473056848E-03
 0.67066706274338E-03
 0.65906035650305E-03
 0.64784532235216E-03
 0.63700359282701E-03
 0.62651857339926E-03
 0.61637396363695E-03
 0.60655462016218E-03
 0.59704626254506E-03
 0.58783541181142E-03
 0.57890933428628E-03
 0.57025599561825E-03
 0.56186400986874E-03
 0.55372236519612E-03
 0.54582132463102E-03
 0.53815097590405E-03
 0.53072208001647E-03
 0.52348610398679E-03
 0.51645439512810E-03
 0.50961934368616E-03
 0.50297347606670E-03
 0.49650968134579E-03
 0.49022118764508E-03
 0.48410154658753E-03
 0.47814461262758E-03
 0.47234452581938E-03
 0.46669569626079E-03
 0.46119278822880E-03
 0.45583070663337E-03
 0.45060458330791E-03
 0.44550976557471E-03
 0.44054180314988E-03
 0.43569643907745E-03
 0.43096959830127E-03
 0.42635743530686E-03
 0.42187596981989E-03
 0.41748212447106E-03
 0.41319169900978E-03
 0.40900183599576E-03
 0.40490938347892E-03
 0.40091130704272E-03
 0.39700469246783E-03
 0.39318674002715E-03
 0.38945475926116E-03
 0.38580616368768E-03
 0.38223846592314E-03
 0.37874927321040E-03
 0.37533628266709E-03
 0.37199727754372E-03
 0.36873012331663E-03
 0.36555256049253E-03
 0.36242338035972E-03
 0.35935946603024E-03
 0.35635959552439E-03
 0.35342201327420E-03
 0.35054500681830E-03
 0.34772692252759E-03
 0.34496616429583E-03
 0.34226119100944E-03
 0.33961051404934E-03
 0.33701269544021E-03
 0.33446634545194E-03
 0.33197012092663E-03
 0.32954262958666E-03
 0.32714337799986E-03
 0.32478963487723E-03
 0.32248103872361E-03
 0.32021648752589E-03
 0.31799488157348E-03
 0.31581515452168E-03
 0.31367627344719E-03
 0.31157723778260E-03
 0.30951707802679E-03
 0.30749485463057E-03
 0.30550965694821E-03
 0.30356060185041E-03
 0.30166668672442E-03
 0.29978819093746E-03
 0.29794227267773E-03
 0.29612916615154E-03
 0.29434816995659E-03
 0.29259855059397E-03
 0.29087959290090E-03
 0.28919060207171E-03
 0.28753090342775E-03
 0.28589984129309E-03
 0.28429677872055E-03
 0.28272109731982E-03
 0.28117219355405E-03
 0.27966925276007E-03
 0.27817326188888E-03
