 0.10000000133514E-09
 0.10000000133514E-09
 0.10000000133514E-09
 0.10000000133514E-09
 0.10000000133514E-09
 0.10000000133514E-09
 0.10000000133514E-09
 0.10000000133514E-09
 0.10000000133514E-09
 0.10000000133514E-09
 0.10000000133514E-09
 0.10000000133514E-09
 0.10000000133514E-09
 0.10000000133514E-09
 0.10000000133514E-09
 0.10000000133514E-09
 0.10000000133514E-09
 0.10000000133514E-09
 0.10000000133514E-09
 0.10000000133514E-09
 0.10000000133514E-09
 0.10000000133514E-09
 0.10000000133514E-09
 0.10000000133514E-09
 0.10000000133514E-09
 0.10000000133514E-09
 0.10000000133514E-09
 0.10000000133514E-09
 0.10000000133514E-09
 0.10000000133514E-09
 0.10000000133514E-09
 0.10000000133514E-09
 0.10000000133514E-09
 0.10000000133514E-09
 0.14670880799857E-04
 0.14670880799857E-04
 0.24865089338517E-04
 0.24865089338517E-04
 0.40007991095224E-04
 0.49895478157800E-04
 0.61596591043789E-04
 0.75329410683895E-04
 0.91323182325845E-04
 0.10981838852380E-03
 0.13106598444752E-03
 0.15532786829566E-03
 0.18287533754653E-03
 0.21398970789168E-03
 0.24896128037699E-03
 0.28808930996154E-03
 0.33168235928562E-03
 0.38005656192421E-03
 0.43353638584387E-03
 0.49245385048188E-03
 0.55714906791566E-03
 0.62796852852797E-03
 0.70526684934306E-03
 0.78940477106670E-03
 0.88075015518582E-03
 0.97967688559944E-03
 0.10865662474250E-02
 0.12018046556866E-02
 0.13257848783932E-02
 0.14589067980430E-02
 0.16015761240660E-02
 0.17542037323847E-02
 0.19172067783429E-02
 0.20910123073066E-02
 0.22760475776224E-02
 0.24727518614662E-02
 0.26815664150200E-02
 0.29029438408457E-02
 0.31373429867117E-02
 0.33852281848402E-02
 0.36470743389674E-02
 0.39233625557866E-02
 0.42145855190327E-02
 0.45212430637591E-02
 0.48438473858337E-02
 0.51829193448750E-02
 0.55389923485181E-02
 0.59126150670408E-02
 0.63055742517033E-02
 0.67161705708761E-02
 0.71460609966698E-02
 0.75958564768197E-02
 0.80661862326882E-02
 0.85576946963545E-02
 0.90710524254377E-02
 0.96069494759188E-02
 0.10166101948810E-01
 0.10749252023009E-01
 0.11357169077828E-01
 0.11990659193355E-01
 0.12650559075271E-01
 0.13337737562059E-01
 0.14053107282819E-01
 0.14797620709972E-01
 0.15572276285616E-01
 0.16378128644647E-01
 0.17216279411815E-01
 0.18087891686004E-01
 0.18994193017518E-01
 0.19936481225938E-01
 0.20916127082257E-01
 0.21934593785461E-01
 0.22993427987012E-01
 0.24094279460152E-01
 0.25238908859334E-01
 0.26429958375438E-01
 0.27668086171589E-01
 0.28956090385941E-01
 0.30296314628712E-01
 0.31691283678032E-01
 0.33143743351289E-01
 0.34656673090181E-01
 0.36233312212415E-01
 0.37877204465117E-01
 0.39592240538691E-01
 0.41382721011703E-01
 0.43253395957602E-01
 0.45209539668098E-01
 0.47257048798006E-01
 0.49403326504058E-01
 0.51654621824684E-01
 0.54020059528600E-01
 0.56509529931564E-01
 0.59134432842270E-01
 0.61908147118304E-01
 0.64846527977255E-01
 0.67969323935320E-01
 0.71298595532605E-01
 0.74863610623799E-01
 0.78700915413122E-01
 0.82858914602891E-01
 0.87400003089814E-01
 0.92414473093407E-01
 0.98030947379225E-01
 0.10445264661621E+00
 0.11201791661431E+00
 0.12134531497350E+00
 0.13360767205249E+00
 0.14982400055070E+00
 0.16606041620034E+00
 0.17887265122283E+00
 0.18937182812033E+00
 0.19859881777587E+00
 0.20708563867524E+00
 0.21511423014117E+00
 0.22284562853520E+00
 0.23038057528215E+00
 0.23778303045242E+00
 0.24509475137462E+00
 0.25234545965817E+00
 0.25955342710436E+00
 0.26673083090280E+00
 0.27388500417675E+00
 0.28101918398179E+00
 0.28813520076758E+00
 0.29523143279543E+00
 0.30230518770995E+00
 0.30935268524352E+00
 0.31636943563587E+00
 0.32335044555155E+00
 0.33029047022370E+00
 0.33718419283145E+00
 0.34402638476150E+00
 0.35081200825941E+00
 0.35753631527334E+00
 0.36419491230461E+00
 0.37078380919376E+00
 0.37729943901651E+00
 0.38373835684739E+00
 0.39009856643016E+00
 0.39637741691494E+00
 0.40257305547397E+00
 0.40868402399148E+00
 0.41470923751273E+00
 0.42064793522900E+00
 0.42649967144253E+00
 0.43226427233715E+00
 0.43794181982259E+00
 0.44353261315787E+00
 0.44903714639223E+00
 0.45445608765418E+00
 0.45979025461722E+00
 0.46504058694954E+00
 0.47020813246288E+00
 0.47529403080810E+00
 0.48029949323844E+00
 0.48522579838759E+00
 0.49007426133047E+00
 0.49484624255449E+00
 0.49954312786840E+00
 0.50416631807123E+00
 0.50871722884680E+00
 0.51319727826494E+00
 0.51760788442234E+00
 0.52195045905509E+00
 0.52622645640476E+00
 0.53043715875468E+00
 0.53458399239544E+00
 0.53866831107123E+00
 0.54269144804019E+00
 0.54665471374196E+00
 0.55055939430577E+00
 0.55440675316458E+00
 0.55819802704963E+00
 0.56193442541191E+00
 0.56561713454321E+00
 0.56924731162406E+00
 0.57282608788464E+00
 0.57635456755869E+00
 0.57983383089039E+00
 0.58326492794536E+00
 0.58664888579172E+00
 0.58998670528606E+00
 0.59327936159953E+00
 0.59652780514361E+00
 0.59973296365488E+00
 0.60289573850823E+00
 0.60601700984879E+00
 0.60909763416986E+00
 0.61213844677729E+00
 0.61514025948141E+00
 0.61810386537960E+00
 0.62103003457894E+00
 0.62391951982364E+00
 0.62677305155893E+00
 0.62959134421591E+00
 0.63237509032107E+00
 0.63512496814795E+00
 0.63784163633950E+00
 0.64052573708417E+00
 0.64317789656957E+00
 0.64579872443301E+00
 0.64838881533744E+00
 0.65094874861454E+00
 0.65347908945886E+00
 0.65598038783719E+00
 0.65845318153779E+00
 0.66089799367911E+00
 0.66331533508826E+00
 0.66570560459590E+00
 0.66806949004101E+00
 0.67040736196002E+00
 0.67271968393982E+00
 0.67500690626807E+00
 0.67726947043193E+00
 0.67950780615391E+00
 0.68172233304936E+00
 0.68391346124582E+00
 0.68608159092894E+00
 0.68822711310132E+00
 0.69035040962504E+00
 0.69245185328127E+00
 0.69453180873431E+00
 0.69659063204265E+00
 0.69862867081803E+00
 0.70064626577996E+00
 0.70264374890298E+00
 0.70462144537049E+00
 0.70657967297237E+00
 0.70851874287427E+00
 0.71043895829340E+00
 0.71234061695848E+00
 0.71422400956329E+00
 0.71608942059393E+00
 0.71793712865418E+00
 0.71976740601745E+00
 0.72158051940348E+00
 0.72337672965943E+00
 0.72515629248457E+00
 0.72691945790436E+00
 0.72866647107795E+00
 0.73039757136827E+00
 0.73211299431065E+00
 0.73381296982736E+00
 0.73549772318733E+00
 0.73716747533128E+00
 0.73882244267361E+00
 0.74046283749418E+00
 0.74208886753980E+00
 0.74370073618141E+00
 0.74529864337069E+00
 0.74688278482383E+00
 0.74845335260630E+00
 0.75001053487384E+00
 0.75155451600949E+00
 0.75308547716116E+00
 0.75460359594625E+00
 0.75610904641849E+00
 0.75760199957672E+00
 0.75908262283688E+00
 0.76055108086562E+00
 0.76200753506770E+00
 0.76345214379615E+00
 0.76488506255187E+00
 0.76630644390683E+00
 0.76771643787213E+00
