 0.35394238179357E+03
 0.35394238170313E+03
 0.35394238073446E+03
 0.35394237667000E+03
 0.35394236567801E+03
 0.35394234240227E+03
 0.35394230005689E+03
 0.35394223061450E+03
 0.35394212554435E+03
 0.35394197775490E+03
 0.35394178508856E+03
 0.35394155500844E+03
 0.35394130951764E+03
 0.35394108921157E+03
 0.35394095564491E+03
 0.35394104926650E+03
 0.35394141024788E+03
 0.35394216383760E+03
 0.35394344757972E+03
 0.35394546494301E+03
 0.35394829701638E+03
 0.35395215809315E+03
 0.35395711618046E+03
 0.35396337903810E+03
 0.35397098448514E+03
 0.35398011809655E+03
 0.35399077566730E+03
 0.35400311046243E+03
 0.35401707283748E+03
 0.35403277789289E+03
 0.35405013223486E+03
 0.35406921013676E+03
 0.35408987909177E+03
 0.35411212059527E+03
 0.35413592035677E+03
 0.35416108293491E+03
 0.35418754333680E+03
 0.35421524423058E+03
 0.35424394196257E+03
 0.35427354197941E+03
 0.35430394772400E+03
 0.35433489299543E+03
 0.35436625537500E+03
 0.35439786195221E+03
 0.35442958876847E+03
 0.35446114682039E+03
 0.35449239830404E+03
 0.35452315651753E+03
 0.35455323190626E+03
 0.35458249058472E+03
 0.35461063370967E+03
 0.35463752152031E+03
 0.35466296529088E+03
 0.35468677572836E+03
 0.35470876423563E+03
 0.35472880006502E+03
 0.35474658546501E+03
 0.35476198615519E+03
 0.35477481653858E+03
 0.35478488994199E+03
 0.35479201911681E+03
 0.35479607085903E+03
 0.35479674811165E+03
 0.35479391023173E+03
 0.35478736290688E+03
 0.35477690750960E+03
 0.35476234093907E+03
 0.35474345470055E+03
 0.35472003416336E+03
 0.35469191266902E+03
 0.35465875206019E+03
 0.35462036512182E+03
 0.35457650244479E+03
 0.35452690251405E+03
 0.35447129087223E+03
 0.35440937895368E+03
 0.35434086259926E+03
 0.35426547527108E+03
 0.35418277082010E+03
 0.35409244170089E+03
 0.35399410729807E+03
 0.35388736317013E+03
 0.35377171225782E+03
 0.35364681827043E+03
 0.35351214023404E+03
 0.35336721493550E+03
 0.35321138582633E+03
 0.35304411797297E+03
 0.35286478624435E+03
 0.35267272419481E+03
 0.35246722083776E+03
 0.35224751761921E+03
 0.35201285742508E+03
 0.35176227252798E+03
 0.35149488894502E+03
 0.35120971955948E+03
 0.35090570781056E+03
 0.35058172318690E+03
 0.35023660438813E+03
 0.34986895587020E+03
 0.34947743271306E+03
 0.34906053974178E+03
 0.34861666958731E+03
 0.34814409247712E+03
 0.34764099201683E+03
 0.34710526499725E+03
 0.34653478413900E+03
 0.34592719859462E+03
 0.34527995990065E+03
 0.34459017048404E+03
 0.34385503469656E+03
 0.34307117100041E+03
 0.34223498606128E+03
 0.34134254340318E+03
 0.34038955060870E+03
 0.33937116529474E+03
 0.33828215057873E+03
 0.33711665666693E+03
 0.33586819762675E+03
 0.33452942624384E+03
 0.33309218719545E+03
 0.33154726781094E+03
 0.32988414988876E+03
 0.32809057439708E+03
 0.32615332862587E+03
 0.32405626620399E+03
 0.32178084070847E+03
 0.31930524531639E+03
 0.31660354581072E+03
 0.31364456591650E+03
 0.31038993098511E+03
 0.30679334156585E+03
 0.30279553149149E+03
 0.29832062257300E+03
 0.29326817019722E+03
 0.28750384725550E+03
 0.28083617931834E+03
 0.27298605643023E+03
 0.26351494086373E+03
 0.25168938872549E+03
 0.23617591038495E+03
 0.21451153482287E+03
 0.18497406328409E+03
 0.15703165967837E+03
 0.13787016070003E+03
 0.12449608787734E+03
 0.11441306319096E+03
 0.10636883140694E+03
 0.99699662820367E+02
 0.94020138795954E+02
 0.89087431494403E+02
 0.84738722714849E+02
 0.80861841820889E+02
 0.77372551648979E+02
 0.74209062307992E+02
 0.71323289106000E+02
 0.68676833655358E+02
 0.66239246080414E+02
 0.63985241831985E+02
 0.61894098878745E+02
 0.59948327850130E+02
 0.58133071945313E+02
 0.56435581342721E+02
 0.54844827552757E+02
 0.53351192709319E+02
 0.51946230605629E+02
 0.50622475993937E+02
 0.49373295124344E+02
 0.48192762817948E+02
 0.47075563479799E+02
 0.46016909425975E+02
 0.45012474192134E+02
 0.44058360649993E+02
 0.43150949213501E+02
 0.42287023942530E+02
 0.41463619832430E+02
 0.40678024256908E+02
 0.39927750943602E+02
 0.39210518758774E+02
 0.38524230518483E+02
 0.37866956316377E+02
 0.37236917199635E+02
 0.36632471910130E+02
 0.36052104254378E+02
 0.35494411788552E+02
 0.34958095930851E+02
 0.34441953266766E+02
 0.33944867162095E+02
 0.33465800377503E+02
 0.33003788635005E+02
 0.32557934170617E+02
 0.32127401048752E+02
 0.31711409367850E+02
 0.31309231204084E+02
 0.30920183125722E+02
 0.30543635640906E+02
 0.30178989965786E+02
 0.29825688082016E+02
 0.29483206658624E+02
 0.29149023346055E+02
 0.28826725692080E+02
 0.28513861810702E+02
 0.28210023146139E+02
 0.27914824819849E+02
 0.27627903969489E+02
 0.27348918195173E+02
 0.27077544090057E+02
 0.26813476013424E+02
 0.26556424889687E+02
 0.26306116986701E+02
 0.26062293045506E+02
 0.25824707253015E+02
 0.25593126398693E+02
 0.25367329008814E+02
 0.25147104740984E+02
 0.24932253548376E+02
 0.24722585115677E+02
 0.24517918268203E+02
 0.24318080407556E+02
 0.24122906968480E+02
 0.23932241035506E+02
 0.23745932800345E+02
 0.23563839221196E+02
 0.23385823577226E+02
 0.23211755203623E+02
 0.23041508657748E+02
 0.22874965065526E+02
 0.22712009423042E+02
 0.22552531941243E+02
 0.22396427326225E+02
 0.22243594648731E+02
 0.22093936993024E+02
 0.21947361354031E+02
 0.21803778392907E+02
 0.21663102253452E+02
 0.21525250407448E+02
 0.21390143470353E+02
 0.21257705065187E+02
 0.21127861664009E+02
 0.21000542474510E+02
 0.20875679275828E+02
 0.20753206338350E+02
 0.20633060280228E+02
 0.20515181418290E+02
 0.20399507282471E+02
 0.20285983528947E+02
 0.20174554669875E+02
 0.20065167622305E+02
 0.19957771080634E+02
 0.19852315474849E+02
 0.19748752878915E+02
 0.19647036935964E+02
 0.19547122803234E+02
 0.19448967083461E+02
 0.19352527767367E+02
 0.19257764182272E+02
 0.19164636926751E+02
 0.19073107830123E+02
 0.18983139906058E+02
 0.18894696666646E+02
 0.18807744574149E+02
 0.18722249318742E+02
 0.18638178166070E+02
 0.18555499363868E+02
 0.18474182106573E+02
 0.18394196472102E+02
 0.18315513412219E+02
 0.18238104709123E+02
 0.18161942946394E+02
 0.18087001486078E+02
 0.18013254433187E+02
 0.17940676618462E+02
 0.17869242867359E+02
 0.17798930735830E+02
 0.17729716424108E+02
 0.17661577375081E+02
 0.17594491651950E+02
 0.17528437909942E+02
 0.17463395370202E+02
 0.17399343794848E+02
 0.17336263476313E+02
 0.17274135214453E+02
 0.17212940303612E+02
 0.17152660520886E+02
 0.17093278099089E+02
 0.17034774972317E+02
 0.16977135718050E+02
 0.16920343201053E+02
 0.16864381326424E+02
 0.16809234428004E+02
 0.16754887223484E+02
 0.16701324805780E+02
 0.16648532619630E+02
 0.16596496466415E+02
 0.16545202476711E+02
 0.16494637116016E+02
 0.16444787172145E+02
 0.16395639716038E+02
 0.16347181353418E+02
 0.16299401310268E+02
