 0.12365795183521E+03
 0.12365795183523E+03
 0.12365795183576E+03
 0.12365795183889E+03
 0.12365795184836E+03
 0.12365795186716E+03
 0.12365795189427E+03
 0.12365795192295E+03
 0.12365795194624E+03
 0.12365795198664E+03
 0.12365795217642E+03
 0.12365795291040E+03
 0.12365795507277E+03
 0.12365796031631E+03
 0.12365797135803E+03
 0.12365793308304E+03
 0.12365791513922E+03
 0.12365791837579E+03
 0.12365794525260E+03
 0.12365793973393E+03
 0.12365797539110E+03
 0.12365798793206E+03
 0.12365805731136E+03
 0.12365811022852E+03
 0.12365823415710E+03
 0.12365834908434E+03
 0.12365855096605E+03
 0.12365875502124E+03
 0.12365906311080E+03
 0.12365938796617E+03
 0.12365983378802E+03
 0.12366031349314E+03
 0.12366093023792E+03
 0.12366165226196E+03
 0.12366242509413E+03
 0.12366336290950E+03
 0.12366442954053E+03
 0.12366557085909E+03
 0.12366690245355E+03
 0.12366838444639E+03
 0.12366996576244E+03
 0.12367175745965E+03
 0.12367371927823E+03
 0.12367585542557E+03
 0.12367811647351E+03
 0.12368061304369E+03
 0.12368330229462E+03
 0.12368618776410E+03
 0.12368927426505E+03
 0.12369251076122E+03
 0.12369600866665E+03
 0.12369972227767E+03
 0.12370365461509E+03
 0.12370780982888E+03
 0.12371219208173E+03
 0.12371674948877E+03
 0.12372159489097E+03
 0.12372668113959E+03
 0.12373201190528E+03
 0.12373759203095E+03
 0.12374342669028E+03
 0.12374946742245E+03
 0.12375582533878E+03
 0.12376245648021E+03
 0.12376936722294E+03
 0.12377656528068E+03
 0.12378405909596E+03
 0.12379185790807E+03
 0.12379997182470E+03
 0.12380835739115E+03
 0.12381713319560E+03
 0.12382626095273E+03
 0.12383575456944E+03
 0.12384562975224E+03
 0.12385590361305E+03
 0.12386659473641E+03
 0.12387772330224E+03
 0.12388925669354E+03
 0.12390132505843E+03
 0.12391390223460E+03
 0.12392701541202E+03
 0.12394069432912E+03
 0.12395497757157E+03
 0.12396988779089E+03
 0.12398546751048E+03
 0.12400170105760E+03
 0.12401873931462E+03
 0.12403657539978E+03
 0.12405525804805E+03
 0.12407483979375E+03
 0.12409537687621E+03
 0.12411692951551E+03
 0.12413950635524E+03
 0.12416328525236E+03
 0.12418828716946E+03
 0.12421459098346E+03
 0.12424228146913E+03
 0.12427144945469E+03
 0.12430213699121E+03
 0.12433455638240E+03
 0.12436876748573E+03
 0.12440489082305E+03
 0.12444305626615E+03
 0.12448340374654E+03
 0.12452602766623E+03
 0.12457120090295E+03
 0.12461904662730E+03
 0.12466975605037E+03
 0.12472353699767E+03
 0.12478057450382E+03
 0.12484119798717E+03
 0.12490563665802E+03
 0.12497418662568E+03
 0.12504717355948E+03
 0.12512489910610E+03
 0.12520787296992E+03
 0.12529648314260E+03
 0.12539122271532E+03
 0.12549258641069E+03
 0.12560130772356E+03
 0.12571803712827E+03
 0.12584352015417E+03
 0.12597877956507E+03
 0.12612484963099E+03
 0.12628285989595E+03
 0.12645437301310E+03
 0.12664104310981E+03
 0.12684484669460E+03
 0.12706835015777E+03
 0.12731446231395E+03
 0.12758707457535E+03
 0.12789077978649E+03
 0.12823185208996E+03
 0.12861833920285E+03
 0.12906148853308E+03
 0.12957696858024E+03
 0.13018821013072E+03
 0.13093163528314E+03
 0.13186888694552E+03
 0.13311436468696E+03
 0.13490919076790E+03
 0.13783440368538E+03
 0.14303380644856E+03
 0.15011941874827E+03
 0.15702921350275E+03
 0.16338876135593E+03
 0.16935688314115E+03
 0.17506803670421E+03
 0.18060704029309E+03
 0.18602686643558E+03
 0.19136261710789E+03
 0.19663781562215E+03
 0.20186749857938E+03
 0.20706362541100E+03
 0.21223339034457E+03
 0.21738198894477E+03
 0.22251303262696E+03
 0.22762848026683E+03
 0.23272991310313E+03
 0.23781753584323E+03
 0.24289116166215E+03
 0.24795016440419E+03
 0.25299361050026E+03
 0.25802032353034E+03
 0.26302897336416E+03
 0.26801813853056E+03
 0.27298636376904E+03
 0.27793219622063E+03
 0.28285422249146E+03
 0.28775109342143E+03
 0.29262154385068E+03
 0.29746440181558E+03
 0.30227846658676E+03
 0.30706305795631E+03
 0.31181715332030E+03
 0.31653999041790E+03
 0.32123090547737E+03
 0.32588932875532E+03
 0.33051476921199E+03
 0.33510681528157E+03
 0.33966512181579E+03
 0.34418940777673E+03
 0.34867944483654E+03
 0.35313505205743E+03
 0.35755609131467E+03
 0.36194246093527E+03
 0.36629408749744E+03
 0.37061092360835E+03
 0.37489294385601E+03
 0.37914013976644E+03
 0.38335251946852E+03
 0.38753009850039E+03
 0.39167290488180E+03
 0.39578097289192E+03
 0.39985434217717E+03
 0.40389305360880E+03
 0.40789715394390E+03
 0.41186669065914E+03
 0.41580171190816E+03
 0.41970314894865E+03
 0.42356928684210E+03
 0.42740105332174E+03
 0.43119849684494E+03
 0.43496166445834E+03
 0.43869060202636E+03
 0.44238535537213E+03
 0.44604596963934E+03
 0.44967248957850E+03
 0.45326495932337E+03
 0.45682342423600E+03
 0.46034792905715E+03
 0.46383851928737E+03
 0.46729524136965E+03
 0.47071814346841E+03
 0.47410727383533E+03
 0.47746268351112E+03
 0.48078442527373E+03
 0.48407255369760E+03
 0.48732712601407E+03
 0.49054820266575E+03
 0.49373584601633E+03
 0.49689012228884E+03
 0.50001110076344E+03
 0.50309885496529E+03
 0.50615346070868E+03
 0.50917499970462E+03
 0.51216355487163E+03
 0.51511921594273E+03
 0.51804207561540E+03
 0.52093223173849E+03
 0.52378978536560E+03
 0.52661484366829E+03
 0.52940751733991E+03
 0.53216792204358E+03
 0.53489617827060E+03
 0.53759241085190E+03
 0.54025674982456E+03
 0.54288932950687E+03
 0.54549028932779E+03
 0.54805977306166E+03
 0.55059792940921E+03
 0.55310491144393E+03
 0.55558087716771E+03
 0.55802595583239E+03
 0.56044037864032E+03
 0.56282428771775E+03
 0.56517785622333E+03
 0.56750126326187E+03
 0.56979469297724E+03
 0.57205833310832E+03
 0.57429237515995E+03
 0.57649701491895E+03
 0.57867245125594E+03
 0.58081888705351E+03
 0.58293652874913E+03
 0.58502558557871E+03
 0.58708627051160E+03
 0.58911879954050E+03
 0.59112339114771E+03
 0.59310026220557E+03
 0.59504964665735E+03
 0.59697176702652E+03
 0.59886685220265E+03
 0.60073513401283E+03
 0.60257684589164E+03
 0.60439222412826E+03
 0.60618150592465E+03
 0.60794493095311E+03
 0.60968274029743E+03
 0.61139517644857E+03
 0.61308248366101E+03
 0.61474490638562E+03
 0.61638268547848E+03
 0.61799607995455E+03
 0.61958533237348E+03
 0.62115069147557E+03
 0.62269240649913E+03
 0.62421072794045E+03
 0.62570590577307E+03
 0.62717819106965E+03
 0.62862783429429E+03
 0.63005508637116E+03
 0.63146019882027E+03
 0.63284342188986E+03
 0.63420500616998E+03
 0.63554519473766E+03
 0.63686425157696E+03
 0.63816241894555E+03
 0.63943994547615E+03
 0.64069707910268E+03
 0.64193406726001E+03
 0.64315115525427E+03
 0.64434858963221E+03
 0.64552661360409E+03
 0.64668547175752E+03
 0.64782540504706E+03
 0.64894665163546E+03
 0.65004945913619E+03
 0.65113405288385E+03
 0.65220068399996E+03
