 0.15081339737705E+03
 0.15081339737708E+03
 0.15081339737772E+03
 0.15081339738154E+03
 0.15081339739310E+03
 0.15081339741585E+03
 0.15081339744391E+03
 0.15081339742815E+03
 0.15081339715766E+03
 0.15081339598547E+03
 0.15081339238018E+03
 0.15081338337197E+03
 0.15081336401744E+03
 0.15081332700635E+03
 0.15081326248803E+03
 0.15081309351011E+03
 0.15081287548996E+03
 0.15081258507229E+03
 0.15081219747896E+03
 0.15081162141665E+03
 0.15081090514798E+03
 0.15080994496180E+03
 0.15080879390422E+03
 0.15080733735398E+03
 0.15080563650505E+03
 0.15080357019120E+03
 0.15080121037646E+03
 0.15079843275314E+03
 0.15079531824485E+03
 0.15079174264706E+03
 0.15078779248538E+03
 0.15078334692540E+03
 0.15077849458510E+03
 0.15077317829981E+03
 0.15076731630243E+03
 0.15076101625765E+03
 0.15075421807868E+03
 0.15074684899181E+03
 0.15073901475966E+03
 0.15073066167531E+03
 0.15072171897451E+03
 0.15071229529339E+03
 0.15070233467597E+03
 0.15069183029439E+03
 0.15068071714356E+03
 0.15066910524144E+03
 0.15065693705590E+03
 0.15064420557588E+03
 0.15063090485526E+03
 0.15061696745778E+03
 0.15060250251813E+03
 0.15058744668602E+03
 0.15057178859063E+03
 0.15055551663747E+03
 0.15053861753143E+03
 0.15052101489539E+03
 0.15050280971736E+03
 0.15048392598897E+03
 0.15046434030284E+03
 0.15044402741802E+03
 0.15042295903028E+03
 0.15040104474415E+03
 0.15037836382730E+03
 0.15035482236681E+03
 0.15033037658573E+03
 0.15030497917518E+03
 0.15027857830323E+03
 0.15025111730650E+03
 0.15022253457511E+03
 0.15019270407919E+03
 0.15016166887632E+03
 0.15012929490174E+03
 0.15009549740621E+03
 0.15006018599792E+03
 0.15002326378230E+03
 0.14998462719772E+03
 0.14994416568263E+03
 0.14990170301975E+03
 0.14985722851848E+03
 0.14981055372707E+03
 0.14976153745409E+03
 0.14971003063523E+03
 0.14965583497641E+03
 0.14959885730041E+03
 0.14953888861748E+03
 0.14947568537134E+03
 0.14940916713508E+03
 0.14933907340605E+03
 0.14926518828518E+03
 0.14918728533958E+03
 0.14910512653574E+03
 0.14901846181690E+03
 0.14892697134763E+03
 0.14883049071463E+03
 0.14872867514328E+03
 0.14862121949410E+03
 0.14850780272451E+03
 0.14838808702393E+03
 0.14826166217087E+03
 0.14812825860910E+03
 0.14798742818926E+03
 0.14783875160289E+03
 0.14768178503440E+03
 0.14751605778995E+03
 0.14734101848419E+03
 0.14715623541499E+03
 0.14696109162743E+03
 0.14675497999347E+03
 0.14653724995553E+03
 0.14630708082941E+03
 0.14606394239173E+03
 0.14580691551039E+03
 0.14553511680744E+03
 0.14524758643358E+03
 0.14494323436995E+03
 0.14462099432568E+03
 0.14427956553724E+03
 0.14391755688222E+03
 0.14353339287423E+03
 0.14312542543182E+03
 0.14269170437841E+03
 0.14223005239164E+03
 0.14173809658797E+03
 0.14121294033198E+03
 0.14065161187304E+03
 0.14005046255403E+03
 0.13940530008505E+03
 0.13871126982340E+03
 0.13796271384585E+03
 0.13715289492109E+03
 0.13627366614800E+03
 0.13531556101591E+03
 0.13426667945613E+03
 0.13311241195547E+03
 0.13183420299218E+03
 0.13040890983485E+03
 0.12880575469149E+03
 0.12698487683011E+03
 0.12489280975200E+03
 0.12246261599024E+03
 0.11963666436228E+03
 0.11655615624209E+03
 0.11459876973338E+03
 0.11628265209299E+03
 0.12044214301033E+03
 0.12545678949321E+03
 0.13080858170437E+03
 0.13634145373362E+03
 0.14199787780691E+03
 0.14774897077541E+03
 0.15357588020264E+03
 0.15946255828241E+03
 0.16539325160923E+03
 0.17135534422571E+03
 0.17733594867296E+03
 0.18332397403447E+03
 0.18931007791162E+03
 0.19528567572027E+03
 0.20124412996660E+03
 0.20717914333837E+03
 0.21308554522212E+03
 0.21895895042216E+03
 0.22479566995325E+03
 0.23059258407397E+03
 0.23634707681421E+03
 0.24205696793688E+03
 0.24772046325629E+03
 0.25333610078899E+03
 0.25890271484413E+03
 0.26441940050406E+03
 0.26988548438554E+03
 0.27530049354964E+03
 0.28066398838098E+03
 0.28597614118805E+03
 0.29123676495292E+03
 0.29644596200634E+03
 0.30160393320517E+03
 0.30671096383907E+03
 0.31176740015498E+03
 0.31677364547275E+03
 0.32173014271009E+03
 0.32663736987564E+03
 0.33149582665336E+03
 0.33630602831365E+03
 0.34106850097980E+03
 0.34578377536160E+03
 0.35045237895080E+03
 0.35507483470395E+03
 0.35965165802841E+03
 0.36418335269815E+03
 0.36867041199048E+03
 0.37311331026690E+03
 0.37751250977822E+03
 0.38186845544255E+03
 0.38618157744734E+03
 0.39045227951724E+03
 0.39468095795238E+03
 0.39886798881105E+03
 0.40301373111020E+03
 0.40712073532186E+03
 0.41118492033511E+03
 0.41520879696085E+03
 0.41919266343493E+03
 0.42313680352101E+03
 0.42704148750944E+03
 0.43090697401402E+03
 0.43473351016677E+03
 0.43852133241036E+03
 0.44227066691241E+03
 0.44598173203287E+03
 0.44965473691850E+03
 0.45328988343030E+03
 0.45688736676956E+03
 0.46044737673935E+03
 0.46397009640453E+03
 0.46745570530603E+03
 0.47090437869031E+03
 0.47431628791612E+03
 0.47769160162733E+03
 0.48103048662803E+03
 0.48433310681362E+03
 0.48759962542630E+03
 0.49083020445955E+03
 0.49402500607514E+03
 0.49718419087557E+03
 0.50030792136326E+03
 0.50339635884261E+03
 0.50644966707720E+03
 0.50946801000706E+03
 0.51245155379785E+03
 0.51540046497200E+03
 0.51831491352751E+03
 0.52119507042375E+03
 0.52404110917128E+03
 0.52685320581332E+03
 0.52963153853684E+03
 0.53237628864836E+03
 0.53508763975056E+03
 0.53776577866032E+03
 0.54041089472585E+03
 0.54302318051525E+03
 0.54560283130975E+03
 0.54815004575379E+03
 0.55066499145916E+03
 0.55314793890896E+03
 0.55559906583651E+03
 0.55801858039255E+03
 0.56040669546185E+03
 0.56276362778438E+03
 0.56508959654179E+03
 0.56738482359052E+03
 0.56964953401964E+03
 0.57188395499823E+03
 0.57408831674597E+03
 0.57626285211221E+03
 0.57840779586308E+03
 0.58052338565159E+03
 0.58260986133707E+03
 0.58466746449237E+03
 0.58669643444631E+03
 0.58869702654686E+03
 0.59066948434809E+03
 0.59261405701512E+03
 0.59453099601037E+03
 0.59642055378722E+03
 0.59828298506657E+03
 0.60011854492373E+03
 0.60192749035244E+03
 0.60371007923974E+03
 0.60546657037401E+03
 0.60719722382109E+03
 0.60890229938481E+03
 0.61058205301827E+03
 0.61223675780858E+03
 0.61386667054897E+03
 0.61547205363130E+03
 0.61705316956044E+03
 0.61861028171482E+03
 0.62014365259899E+03
 0.62165354546275E+03
 0.62314022262036E+03
 0.62460394651994E+03
 0.62604497988578E+03
 0.62746358387860E+03
 0.62886001970817E+03
 0.63023454106037E+03
 0.63158742145704E+03
 0.63291891320574E+03
 0.63422927449979E+03
 0.63551876258078E+03
 0.63678763395017E+03
 0.63803614276220E+03
 0.63926454417247E+03
 0.64047308980304E+03
 0.64166203242800E+03
 0.64283162100623E+03
 0.64398210152194E+03
 0.64511372913820E+03
 0.64622673698133E+03
 0.64732138281085E+03
