 0.00000000000000E+00
 0.00000000000000E+00
 0.00000000000000E+00
 0.00000000000000E+00
 0.00000000000000E+00
 0.24032501029911E-35
 0.10982152221948E-31
 0.61038703062599E-29
 0.83280459512897E-27
 0.42510402843241E-25
 0.10614813134811E-23
 0.15503436844222E-22
 0.14989525302431E-21
 0.10480482910181E-20
 0.56540512678699E-20
 0.24707836443484E-19
 0.90772201747892E-19
 0.28858295361269E-18
 0.81227114604203E-18
 0.20614544985919E-17
 0.47875699351027E-17
 0.10299059155289E-16
 0.20731840054137E-16
 0.39399524461669E-16
 0.71297603957220E-16
 0.12407640055670E-15
 0.21061624655357E-15
 0.35672588551431E-15
 0.62377056545535E-15
 0.11709090867068E-14
 0.24140017169600E-14
 0.54030116020087E-14
 0.12660829699217E-13
 0.29937316449807E-13
 0.59193546484140E-09
 0.78357626614868E-09
 0.17313782583084E-08
 0.22261355281328E-08
 0.45458093222190E-08
 0.71102548698677E-08
 0.10888000504862E-07
 0.16348526616878E-07
 0.24103846018611E-07
 0.34940246293578E-07
 0.49854081162632E-07
 0.70092755757191E-07
 0.97199142834726E-07
 0.13306196654841E-06
 0.17997008107532E-06
 0.24067176370267E-06
 0.31844063612116E-06
 0.41714234586480E-06
 0.54131012516393E-06
 0.69622282528995E-06
 0.88798942198608E-06
 0.11236338581844E-05
 0.14111950700152E-05
 0.17598154553145E-05
 0.21798484005302E-05
 0.26829617424993E-05
 0.32822523982915E-05
 0.39923523227863E-05
 0.48295649225151E-05
 0.58119737121840E-05
 0.69595795557038E-05
 0.82944283475171E-05
 0.98407535590949E-05
 0.11625140007110E-04
 0.13676623602515E-04
 0.16026894912264E-04
 0.18710453955806E-04
 0.21764764008060E-04
 0.25230442133638E-04
 0.29151422499075E-04
 0.33575187487999E-04
 0.38552933774332E-04
 0.44139832005519E-04
 0.50395172263257E-04
 0.57382796727016E-04
 0.65171106203440E-04
 0.73833501836678E-04
 0.83448680428232E-04
 0.94118739374183E-04
 0.10590192070902E-03
 0.11890945271009E-03
 0.13324456722762E-03
 0.14901792873870E-03
 0.16634752636860E-03
 0.18535969696664E-03
 0.20618948141860E-03
 0.22898135420021E-03
 0.25388989530206E-03
 0.28108037011890E-03
 0.31073045934696E-03
 0.34303003984296E-03
 0.37818285357884E-03
 0.41640778578687E-03
 0.45794002748171E-03
 0.50303236851867E-03
 0.55195822941478E-03
 0.60501155483404E-03
 0.66251033914248E-03
 0.72479878990854E-03
 0.79225015421320E-03
 0.86526934157545E-03
 0.94429885941336E-03
 0.10298198443919E-02
 0.11223590217024E-02
 0.12224938881863E-02
 0.13308969027859E-02
 0.14482026982362E-02
 0.15752153442210E-02
 0.17127942717631E-02
 0.18618959756604E-02
 0.20235892211499E-02
 0.21990752800002E-02
 0.23897047566590E-02
 0.25970071458771E-02
 0.28227212318239E-02
 0.30688386705424E-02
 0.33376462798053E-02
 0.36317892847526E-02
 0.39543510797625E-02
 0.43090222743734E-02
 0.46999626588559E-02
 0.51323316303799E-02
 0.56122881707524E-02
 0.61473297548797E-02
 0.67467074560731E-02
 0.74219919287773E-02
 0.81879940739198E-02
 0.90635726806726E-02
 0.10073931363094E-01
 0.11253138935316E-01
 0.12648933376781E-01
 0.14329823999019E-01
 0.16400256119590E-01
 0.19026503878959E-01
 0.22496035232021E-01
 0.27353526262348E-01
 0.34771294511583E-01
 0.47622890088328E-01
 0.71561955282991E-01
 0.10404088665424E+00
 0.13398831721309E+00
 0.15953046741296E+00
 0.18165168199087E+00
 0.20118631338948E+00
 0.21868694473137E+00
 0.23452525000821E+00
 0.24896660926007E+00
 0.26220909231118E+00
 0.27440088026223E+00
 0.28566652395627E+00
 0.29610368188303E+00
 0.30579506307792E+00
 0.31481208406164E+00
 0.32321516168023E+00
 0.33105825029184E+00
 0.33838800590274E+00
 0.34524620312641E+00
 0.35167024670572E+00
 0.35769384298641E+00
 0.36334748078421E+00
 0.36865886567819E+00
 0.37365325957710E+00
 0.37835376723159E+00
 0.38278156479151E+00
 0.38695610133718E+00
 0.39089526680041E+00
 0.39461553815989E+00
 0.39813210341194E+00
 0.40145888728329E+00
 0.40460901669912E+00
 0.40759432474025E+00
 0.41042584683933E+00
 0.41311378365572E+00
 0.41566756823058E+00
 0.41809592222226E+00
 0.42040691649246E+00
 0.42260801965401E+00
 0.42470614809127E+00
 0.42670770760228E+00
 0.42861863448268E+00
 0.43044443330228E+00
 0.43219021073078E+00
 0.43386070599660E+00
 0.43546032072938E+00
 0.43699314571451E+00
 0.43846298468185E+00
 0.43987337813207E+00
 0.44122762148584E+00
 0.44252878669473E+00
 0.44377973819193E+00
 0.44498315473166E+00
 0.44614152111866E+00
 0.44725717640551E+00
 0.44833230302223E+00
 0.44936894376486E+00
 0.45037244517154E+00
 0.45133772906248E+00
 0.45226991755294E+00
 0.45317059093454E+00
 0.45404123409370E+00
 0.45488324326060E+00
 0.45569793228649E+00
 0.45648653859072E+00
 0.45725022822175E+00
 0.45799010075811E+00
 0.45870719416139E+00
 0.45940248849913E+00
 0.46007691004067E+00
 0.46073133473053E+00
 0.46136659165769E+00
 0.46198346567774E+00
 0.46258270066964E+00
 0.46316500191364E+00
 0.46373103851158E+00
 0.46428144566549E+00
 0.46481682685029E+00
 0.46533775549472E+00
 0.46584477705604E+00
 0.46633841050610E+00
 0.46681915002866E+00
 0.46728746626265E+00
 0.46774380846365E+00
 0.46818860332229E+00
 0.46862225963854E+00
 0.46904516701882E+00
 0.46945769769323E+00
 0.46986020717551E+00
 0.47025303550254E+00
 0.47063650779356E+00
 0.47101093516594E+00
 0.47137661547096E+00
 0.47173383393995E+00
 0.47208286388717E+00
 0.47242396728091E+00
 0.47275739535198E+00
 0.47308338907388E+00
 0.47340217977018E+00
 0.47371398948283E+00
 0.47401903149988E+00
 0.47431750708961E+00
 0.47460962138173E+00
 0.47489555857642E+00
 0.47517550151809E+00
 0.47544962546729E+00
 0.47571809917573E+00
 0.47598108508513E+00
 0.47623873965885E+00
 0.47649121366303E+00
 0.47673865239585E+00
 0.47698119594464E+00
 0.47721897940878E+00
 0.47745213310778E+00
 0.47768078281234E+00
 0.47790504991565E+00
 0.47812505161561E+00
 0.47834090184382E+00
 0.47855270854039E+00
 0.47876057806406E+00
 0.47896461258672E+00
 0.47916491088510E+00
 0.47936156845524E+00
 0.47955467770783E+00
 0.47974432804123E+00
 0.47993060598250E+00
 0.48011359530097E+00
 0.48029337710091E+00
 0.48047002994135E+00
 0.48064362991765E+00
 0.48081425151972E+00
 0.48098196474860E+00
 0.48114683957927E+00
 0.48130894320685E+00
 0.48146834079602E+00
 0.48162509553999E+00
 0.48177926874951E+00
 0.48193091992995E+00
 0.48208010683504E+00
 0.48222688553851E+00
 0.48237131048413E+00
 0.48251343453956E+00
 0.48265330907321E+00
 0.48279098474271E+00
 0.48292650856372E+00
 0.48305992834810E+00
 0.48319128994834E+00
 0.48332063791517E+00
 0.48344801556929E+00
 0.48357346503832E+00
 0.48369702731289E+00
 0.48381874226276E+00
 0.48393864869795E+00
 0.48405678438219E+00
 0.48417318607103E+00
 0.48428788957426E+00
 0.48440093049008E+00
 0.48451234128470E+00
