 0.00000000000000E+00
 0.00000000000000E+00
 0.00000000000000E+00
 0.00000000000000E+00
 0.00000000000000E+00
 0.13880237312874E-76
 0.13245317097536E-65
 0.22741330735752E-57
 0.57760284140489E-51
 0.76822006128831E-46
 0.11960161446679E-41
 0.37263525055068E-38
 0.33679343804286E-35
 0.11511816678011E-32
 0.18075037574021E-30
 0.15083569704220E-28
 0.74792591021098E-27
 0.24033215945593E-25
 0.53592273429833E-24
 0.87602328916987E-23
 0.10972747601336E-21
 0.10920793904263E-20
 0.88992539828780E-20
 0.60877556298964E-19
 0.35701179293225E-18
 0.18269938176733E-17
 0.82831494664194E-17
 0.33704352438265E-16
 0.12447138661679E-15
 0.42126154364556E-15
 0.13176638686513E-14
 0.38373727186682E-14
 0.10472862488078E-13
 0.26939383420002E-13
 0.65645492298178E-13
 0.15222395383824E-12
 0.33726449552642E-12
 0.71652633975298E-12
 0.14644607980872E-11
 0.28878303247005E-11
 0.55087735609351E-11
 0.10189786569875E-10
 0.18316348042649E-10
 0.32057479575992E-10
 0.54728350434571E-10
 0.91285303148727E-10
 0.14898516778858E-09
 0.23825078403681E-09
 0.37378485825880E-09
 0.57597927564723E-09
 0.87268273741526E-09
 0.13013586379740E-08
 0.19117205512782E-08
 0.27688856874916E-08
 0.39571143355930E-08
 0.55841780821305E-08
 0.77865112514672E-08
 0.10734983793404E-07
 0.14641623119273E-07
 0.19767147056749E-07
 0.26429425325119E-07
 0.35012809707512E-07
 0.45978897790793E-07
 0.59877525534384E-07
 0.77359577886987E-07
 0.99190542211709E-07
 0.12626523992037E-06
 0.15962369619841E-06
 0.20046816487516E-06
 0.25018073964567E-06
 0.31034496019772E-06
 0.38276334783627E-06
 0.46948121194584E-06
 0.57280938506547E-06
 0.69534874196262E-06
 0.84001612733688E-06
 0.10100717770096E-05
 0.12091457833001E-05
 0.14412783717838E-05
 0.17109388984246E-05
 0.20230690134273E-05
 0.23831175423756E-05
 0.27970866746037E-05
 0.32715496664037E-05
 0.38137298638135E-05
 0.44315207728546E-05
 0.51335758587502E-05
 0.59293209632660E-05
 0.68290467205260E-05
 0.78439712319307E-05
 0.89863169580028E-05
 0.10269395816180E-04
 0.11707684076255E-04
 0.13317004263293E-04
 0.15114534719398E-04
 0.17119012749869E-04
 0.19350869562495E-04
 0.21832401166094E-04
 0.24587926597223E-04
 0.27644152901993E-04
 0.31030224826800E-04
 0.34778150006740E-04
 0.38923105806428E-04
 0.43503830903422E-04
 0.48563014460905E-04
 0.54148078789697E-04
 0.60311434791128E-04
 0.67111444910402E-04
 0.74613225688940E-04
 0.82889958264322E-04
 0.92023061539553E-04
 0.10210503941881E-03
 0.11324036975647E-03
 0.12554779110251E-03
 0.13916273147065E-03
 0.15424092428919E-03
 0.17096148290737E-03
 0.18953212784650E-03
 0.21019482834702E-03
 0.23323385990980E-03
 0.25898433054397E-03
 0.28784467288193E-03
 0.32029272350257E-03
 0.35690812620905E-03
 0.39839030925504E-03
 0.44560792119328E-03
 0.49964036582610E-03
 0.56184828878888E-03
 0.63397100979795E-03
 0.71826638669524E-03
 0.81772503737756E-03
 0.93635793886181E-03
 0.10797187411731E-02
 0.12556820606061E-02
 0.14758113829596E-02
 0.17576881836894E-02
 0.21295827491439E-02
 0.26396139818290E-02
 0.33770403814919E-02
 0.45261640681710E-02
 0.65285570588567E-02
 0.10645306297508E-01
 0.20221606526261E-01
 0.36562203510889E-01
 0.54552950583977E-01
 0.71881613200549E-01
 0.88268641638030E-01
 0.10376025417954E+00
 0.11843068683235E+00
 0.13234261672004E+00
 0.14554867511940E+00
 0.15809450389166E+00
 0.17001424501720E+00
 0.18134558725613E+00
 0.19211828091274E+00
 0.20236118876474E+00
 0.21210286303485E+00
 0.22136883676607E+00
 0.23018467731823E+00
 0.23857383692182E+00
 0.24655896483695E+00
 0.25416165690843E+00
 0.26140251379401E+00
 0.26830113781626E+00
 0.27487617982643E+00
 0.28114536738561E+00
 0.28712553876383E+00
 0.29283266500818E+00
 0.29828188175398E+00
 0.30348751660779E+00
 0.30846311841130E+00
 0.31322148319755E+00
 0.31777459145987E+00
 0.32213402997061E+00
 0.32631039662878E+00
 0.33031377469277E+00
 0.33415364617973E+00
 0.33783892293399E+00
 0.34137797157137E+00
 0.34477864817419E+00
 0.34804832404454E+00
 0.35119391678956E+00
 0.35422191532929E+00
 0.35713840704006E+00
 0.35994910365064E+00
 0.36265936482556E+00
 0.36527421979350E+00
 0.36779838988327E+00
 0.37023630900649E+00
 0.37259214198758E+00
 0.37486980407164E+00
 0.37707297484802E+00
 0.37920511701890E+00
 0.38126948937135E+00
 0.38326917273217E+00
 0.38520703469203E+00
 0.38708581363844E+00
 0.38890808175410E+00
 0.39067626705055E+00
 0.39239992676613E+00
 0.39406672208688E+00
 0.39568594446827E+00
 0.39725953412426E+00
 0.39878932841554E+00
 0.40027706834633E+00
 0.40172440469769E+00
 0.40313290386668E+00
 0.40450405285169E+00
 0.40583926414077E+00
 0.40713988065293E+00
 0.40840717944144E+00
 0.40964237592159E+00
 0.41084662743812E+00
 0.41202103688283E+00
 0.41316665539827E+00
 0.41428448583931E+00
 0.41537548528175E+00
 0.41644056759763E+00
 0.41748060591349E+00
 0.41849643496917E+00
 0.41948885291842E+00
 0.42045862363435E+00
 0.42140647831894E+00
 0.42233311743558E+00
 0.42323921202497E+00
 0.42412540684946E+00
 0.42499231643597E+00
 0.42584053423488E+00
 0.42667062862091E+00
 0.42748314558575E+00
 0.42827860950358E+00
 0.42905752458559E+00
 0.42982037552457E+00
 0.43056762857607E+00
 0.43129973242999E+00
 0.43201711897723E+00
 0.43272020415564E+00
 0.43340938863182E+00
 0.43408505854044E+00
 0.43474758607170E+00
 0.43539733020415E+00
 0.43603463716788E+00
 0.43665984109209E+00
 0.43727326011948E+00
 0.43787521622993E+00
 0.43846600237695E+00
 0.43904591074128E+00
 0.43961522214948E+00
 0.44017420813074E+00
 0.44072313119658E+00
 0.44126224526268E+00
 0.44179179601319E+00
 0.44231202120050E+00
 0.44282315097883E+00
 0.44332540819935E+00
 0.44381900868194E+00
 0.44430416152211E+00
 0.44478106932066E+00
 0.44524992842589E+00
 0.44571093099431E+00
 0.44616425809522E+00
 0.44661009043798E+00
 0.44704860175216E+00
 0.44747996057394E+00
 0.44790433043245E+00
 0.44832187011014E+00
 0.44873273374909E+00
 0.44913707104894E+00
 0.44953502742141E+00
 0.44992674412485E+00
 0.45031235843086E+00
 0.45069200373778E+00
 0.45106581162413E+00
 0.45143390445933E+00
 0.45179640660202E+00
 0.45215343736635E+00
 0.45250511277657E+00
 0.45285154569702E+00
 0.45319284595379E+00
 0.45352912045089E+00
 0.45386047324649E+00
 0.45418700565990E+00
 0.45450881635035E+00
 0.45482600139120E+00
 0.45513865438262E+00
 0.45544686845454E+00
 0.45575072864480E+00
 0.45605032329019E+00
 0.45634573687964E+00
 0.45663705168706E+00
 0.45692434792189E+00
 0.45720770378424E+00
 0.45748719555659E+00
 0.45776289762223E+00
 0.45803488256489E+00
 0.45830322118293E+00
 0.45856798254937E+00
 0.45882923413719E+00
 0.45908704370915E+00
 0.45934147164965E+00
