 0.00000000000000E+00
 0.00000000000000E+00
 0.00000000000000E+00
 0.00000000000000E+00
 0.00000000000000E+00
 0.24032500709042E-25
 0.10982152075321E-21
 0.61038702247645E-19
 0.83280458400984E-17
 0.42510402275667E-15
 0.10614812993088E-13
 0.15503436637221E-12
 0.14989525102231E-11
 0.10480482769911E-10
 0.56540511912404E-10
 0.24707836080201E-09
 0.90772199540840E-09
 0.28858292322808E-08
 0.81227057948081E-08
 0.20614455833490E-07
 0.47874594561142E-07
 0.10297963756963E-06
 0.20722927640277E-06
 0.39338599954349E-06
 0.70940440240569E-06
 0.12224895676169E-05
 0.20233186623605E-05
 0.32301839851982E-05
 0.49929169334412E-05
 0.74963067445727E-05
 0.10963017766847E-04
 0.15655653306743E-04
 0.21878235795296E-04
 0.29976633967348E-04
 0.40338286929177E-04
 0.53391379793956E-04
 0.69602789555132E-04
 0.89475718133648E-04
 0.11354724493351E-03
 0.14238428205512E-03
 0.17658004066156E-03
 0.21675088794030E-03
 0.26353107316809E-03
 0.31756930426861E-03
 0.37952401602513E-03
 0.45006107275662E-03
 0.52984744041045E-03
 0.61954895595429E-03
 0.71982651332915E-03
 0.83133186277854E-03
 0.95470817053307E-03
 0.10905822900384E-02
 0.12395654597735E-02
 0.14022504633594E-02
 0.15792097475500E-02
 0.17709920301408E-02
 0.19781278866058E-02
 0.22011187767486E-02
 0.24404424871509E-02
 0.26965511013419E-02
 0.29698705948218E-02
 0.32607977737083E-02
 0.35697114508669E-02
 0.38969564935180E-02
 0.42428545106978E-02
 0.46077019454153E-02
 0.49917706937203E-02
 0.53953088932737E-02
 0.58185418153637E-02
 0.62616679836921E-02
 0.67248794164390E-02
 0.72083349579929E-02
 0.77121795927910E-02
 0.82365415554723E-02
 0.87815337749081E-02
 0.93472554158921E-02
 0.99337935242493E-02
 0.10541217426412E-01
 0.11169609006195E-01
 0.11819022798720E-01
 0.12489515014281E-01
 0.13181139035847E-01
 0.13893958559953E-01
 0.14628008139255E-01
 0.15383354032101E-01
 0.16160049687350E-01
 0.16958186046143E-01
 0.17777836509213E-01
 0.18619097200045E-01
 0.19482080549719E-01
 0.20366918289775E-01
 0.21273764525123E-01
 0.22202786780370E-01
 0.23154217744515E-01
 0.24128288179792E-01
 0.25125277087516E-01
 0.26145505100622E-01
 0.27189338999553E-01
 0.28257183232271E-01
 0.29349539776094E-01
 0.30466934438692E-01
 0.31609976066655E-01
 0.32779351437379E-01
 0.33975833754623E-01
 0.35200276875669E-01
 0.36453686188158E-01
 0.37737142133734E-01
 0.39051872004219E-01
 0.40399251471915E-01
 0.41780869839985E-01
 0.43198379025277E-01
 0.44653754031181E-01
 0.46149175517891E-01
 0.47687095427930E-01
 0.49270262237873E-01
 0.50901823686405E-01
 0.52585293085829E-01
 0.54324671870020E-01
 0.56124500303098E-01
 0.57990004897010E-01
 0.59927134285241E-01
 0.61942741520477E-01
 0.64044788920431E-01
 0.66242672488952E-01
 0.68546965658162E-01
 0.70970570320879E-01
 0.73528690129409E-01
 0.76239564003272E-01
 0.79125318544245E-01
 0.82213104888340E-01
 0.85536936698354E-01
 0.89139111667478E-01
 0.93074662794266E-01
 0.97415823240481E-01
 0.10226046710857E+00
 0.10774363152028E+00
 0.11406257512907E+00
 0.12151513789508E+00
 0.13058559882749E+00
 0.14212135460345E+00
 0.15775782912262E+00
 0.18084328142029E+00
 0.21525677946797E+00
 0.25152458174916E+00
 0.27871819536406E+00
 0.29886406824710E+00
 0.31468204340112E+00
 0.32767748299521E+00
 0.33869273876194E+00
 0.34823627169372E+00
 0.35663875719229E+00
 0.36412805423579E+00
 0.37086476084429E+00
 0.37697232432699E+00
 0.38254305226686E+00
 0.38765013592473E+00
 0.39235302741131E+00
 0.39669964656846E+00
 0.40073035046527E+00
 0.40447869058547E+00
 0.40797333422709E+00
 0.41123891566599E+00
 0.41429679783114E+00
 0.41716563707989E+00
 0.41986184375496E+00
 0.42239994026258E+00
 0.42479284992339E+00
 0.42705212601740E+00
 0.42918814211757E+00
 0.43121024716854E+00
 0.43312689484654E+00
 0.43494575054531E+00
 0.43667374791466E+00
 0.43831731511143E+00
 0.43988220446978E+00
 0.44137371884791E+00
 0.44279671728111E+00
 0.44415565923447E+00
 0.44545464145811E+00
 0.44669743416003E+00
 0.44788751029830E+00
 0.44902807382800E+00
 0.45012208320767E+00
 0.45117227356328E+00
 0.45218117660002E+00
 0.45315113816005E+00
 0.45408433379384E+00
 0.45498278356084E+00
 0.45584836515884E+00
 0.45668282549038E+00
 0.45748779196348E+00
 0.45826478123024E+00
 0.45901520913670E+00
 0.45974039819071E+00
 0.46044158921038E+00
 0.46111993118956E+00
 0.46177651271120E+00
 0.46241235067188E+00
 0.46302839950930E+00
 0.46362808129957E+00
 0.46420719233018E+00
 0.46476904719249E+00
 0.46531439333064E+00
 0.46584393541020E+00
 0.46635833830135E+00
 0.46685822985414E+00
 0.46734420349937E+00
 0.46781682049090E+00
 0.46827661205829E+00
 0.46872408152768E+00
 0.46915970597208E+00
 0.46958393800331E+00
 0.46999720730186E+00
 0.47039992213297E+00
 0.47079247052170E+00
 0.47117522166323E+00
 0.47154852698448E+00
 0.47191272120902E+00
 0.47226812336435E+00
 0.47261503773921E+00
 0.47295375463603E+00
 0.47328455128314E+00
 0.47360769249776E+00
 0.47392343144887E+00
 0.47423201020063E+00
 0.47453366086973E+00
 0.47482860435802E+00
 0.47511705354262E+00
 0.47539921198075E+00
 0.47567527488688E+00
 0.47594542944899E+00
 0.47620985537415E+00
 0.47646872515484E+00
 0.47672220447953E+00
 0.47697045256867E+00
 0.47721362247173E+00
 0.47745186138831E+00
 0.47768531093076E+00
 0.47791410740390E+00
 0.47813838203103E+00
 0.47835826122707E+00
 0.47857386677849E+00
 0.47878531608393E+00
 0.47899272086066E+00
 0.47919619386503E+00
 0.47939583779892E+00
 0.47959175487802E+00
 0.47978404326917E+00
 0.47997279779935E+00
 0.48015811006302E+00
 0.48034006857660E+00
 0.48051875891259E+00
 0.48069426381121E+00
 0.48086666330266E+00
 0.48103603481583E+00
 0.48120245327839E+00
 0.48136599122830E+00
 0.48152671889864E+00
 0.48168470430621E+00
 0.48184001395229E+00
 0.48199271050578E+00
 0.48214285642296E+00
 0.48229051172247E+00
 0.48243573459225E+00
 0.48257858145699E+00
 0.48271910707024E+00
 0.48285736455437E+00
 0.48299340547111E+00
 0.48312727987720E+00
 0.48325903637316E+00
 0.48338872216261E+00
 0.48351638309349E+00
 0.48364206435138E+00
 0.48376580797784E+00
 0.48388765663815E+00
 0.48400765125870E+00
 0.48412583161929E+00
 0.48424223639899E+00
 0.48435690321902E+00
 0.48446986868377E+00
 0.48458116840820E+00
 0.48469083705551E+00
 0.48479890836524E+00
 0.48490541517973E+00
 0.48501038948340E+00
 0.48511386307658E+00
 0.48521586501803E+00
 0.48531642545040E+00
 0.48541557320204E+00
 0.48551333633623E+00
 0.48560974220286E+00
 0.48570481745790E+00
 0.48579858809514E+00
 0.48589107945324E+00
 0.48598231625004E+00
 0.48607232258815E+00
 0.48616112197582E+00
 0.48624873736972E+00
 0.48633519180937E+00
 0.48642050584634E+00
