                  NaN
                  NaN
                  NaN
                  NaN
                  NaN
 0.10000000133514E-09
 0.10000000133514E-09
 0.10000000133514E-09
 0.10000000133514E-09
 0.10000000133514E-09
 0.10000000133515E-09
 0.10000000133519E-09
 0.10000000133560E-09
 0.10000000133840E-09
 0.10000000135530E-09
 0.10000000147031E-09
 0.10000000243142E-09
 0.10000001052890E-09
 0.10000006975031E-09
 0.10000043247530E-09
 0.10000230767466E-09
 0.10001063703807E-09
 0.10004300750364E-09
 0.10015487207829E-09
 0.10050346983391E-09
 0.10149485430667E-09
 0.10409445159165E-09
 0.11043516008653E-09
 0.12493109213925E-09
 0.15619812883918E-09
 0.22019500180508E-09
 0.34511569055260E-09
 0.57869518445994E-09
 0.99868839451474E-09
 0.14674283662087E-04
 0.14676081966276E-04
 0.24875127410476E-04
 0.24879772686570E-04
 0.40034518890184E-04
 0.49937077093349E-04
 0.61660425856004E-04
 0.75425419347675E-04
 0.91464910489840E-04
 0.11002400365504E-03
 0.13135948993365E-03
 0.15574054278428E-03
 0.18344741414515E-03
 0.21477231987819E-03
 0.25001868886848E-03
 0.28950143075027E-03
 0.33354761795257E-03
 0.38249506678686E-03
 0.43669345648179E-03
 0.49650390103775E-03
 0.56229986128422E-03
 0.63446579039378E-03
 0.71339931031283E-03
 0.79950953756073E-03
 0.89321850935120E-03
 0.99496046678448E-03
 0.11051836413392E-02
 0.12243483343176E-02
 0.13529286579570E-02
 0.14914135484580E-02
 0.16403059633924E-02
 0.18001225873063E-02
 0.19713953550540E-02
 0.21546755222121E-02
 0.23505242441331E-02
 0.25595248668572E-02
 0.27822735244989E-02
 0.30193885460229E-02
 0.32715060418487E-02
 0.35392794782547E-02
 0.38233853388954E-02
 0.41245191298384E-02
 0.44434013952242E-02
 0.47807734367555E-02
 0.51374042453222E-02
 0.55140858354634E-02
 0.59116388228248E-02
 0.63309157274866E-02
 0.67740765864570E-02
 0.72396678823842E-02
 0.77297481720799E-02
 0.82453067784763E-02
 0.87873743296142E-02
 0.93570174459862E-02
 0.99553536336976E-02
 0.10583545268299E-01
 0.11242808113742E-01
 0.11934413159562E-01
 0.12659688754360E-01
 0.13420037022005E-01
 0.14216924022412E-01
 0.15051887876164E-01
 0.15926553500661E-01
 0.16842631867190E-01
 0.17801928960286E-01
 0.18806367446496E-01
 0.19857972781984E-01
 0.20958900372005E-01
 0.22111443885434E-01
 0.23318048938399E-01
 0.24581322034246E-01
 0.25904070566123E-01
 0.27289290766705E-01
 0.28740210496981E-01
 0.30260310368278E-01
 0.31854217202348E-01
 0.33524468531304E-01
 0.35276213129159E-01
 0.37114298414695E-01
 0.39044021426599E-01
 0.41071208660919E-01
 0.43202288655672E-01
 0.45444355568363E-01
 0.47805298338310E-01
 0.50293921844825E-01
 0.52920131253526E-01
 0.55695075688399E-01
 0.58631394019781E-01
 0.61743525842133E-01
 0.65049040331095E-01
 0.68565582936146E-01
 0.72316336295102E-01
 0.76327868222253E-01
 0.80631753804572E-01
 0.85266101675161E-01
 0.90277479957212E-01
 0.95724658726028E-01
 0.10167896573261E+00
 0.10823494881052E+00
 0.11551654095799E+00
 0.12369328768420E+00
 0.13299926684133E+00
 0.14378297264491E+00
 0.15657723151652E+00
 0.17227041445619E+00
 0.19246598330470E+00
 0.22040931156930E+00
 0.26333790071885E+00
 0.33244925181853E+00
 0.41364102836674E+00
 0.48073042751326E+00
 0.53378938575199E+00
 0.57725467912805E+00
 0.61397661978628E+00
 0.64567946018199E+00
 0.67346588816710E+00
 0.69809184851392E+00
 0.72010131946984E+00
 0.73989472506783E+00
 0.75779176751575E+00
 0.77404015084939E+00
 0.78884291462572E+00
 0.80236945319049E+00
 0.81476039738406E+00
 0.82613720150586E+00
 0.83660280202385E+00
 0.84624698273598E+00
 0.85514826858301E+00
 0.86337583311999E+00
 0.87099091700744E+00
 0.87804803213637E+00
 0.88459591008659E+00
 0.89067828542742E+00
 0.89633452562630E+00
 0.90160016869985E+00
 0.90650736935669E+00
 0.91108527975319E+00
 0.91536037060434E+00
 0.91935658875868E+00
 0.92309612864885E+00
 0.92659880440389E+00
 0.92988283921986E+00
 0.93296487424828E+00
 0.93586011928117E+00
 0.93858248025816E+00
 0.94114468618560E+00
 0.94355839342907E+00
 0.94583428708727E+00
 0.94798216644131E+00
 0.95001102593811E+00
 0.95192912836140E+00
 0.95374406977244E+00
 0.95546283742432E+00
 0.95709186471042E+00
 0.95863708003480E+00
 0.96010395006869E+00
 0.96149752159328E+00
 0.96282245452365E+00
 0.96408305843944E+00
 0.96528332062705E+00
 0.96642693700794E+00
 0.96751732237584E+00
 0.96855765525957E+00
 0.96955088325562E+00
 0.97049974524475E+00
 0.97140890152540E+00
 0.97227646731818E+00
 0.97310679419153E+00
 0.97390194120328E+00
 0.97466382962330E+00
 0.97539425352071E+00
 0.97609488951040E+00
 0.97676730592279E+00
 0.97741297061944E+00
 0.97803325847311E+00
 0.97862945864945E+00
 0.97920278031394E+00
 0.97975435871365E+00
 0.98028526036458E+00
 0.98079648815774E+00
 0.98128898528433E+00
 0.98176363994003E+00
 0.98222128881529E+00
 0.98266272060545E+00
 0.98308867928251E+00
 0.98349986719378E+00
 0.98389694749930E+00
 0.98428054706850E+00
 0.98465125861170E+00
 0.98500964301662E+00
 0.98535623115141E+00
 0.98569152630049E+00
 0.98601600456505E+00
 0.98633011832422E+00
 0.98663429639386E+00
 0.98692894602283E+00
 0.98721445380720E+00
 0.98749118733183E+00
 0.98775949594723E+00
 0.98801971198336E+00
 0.98827215172852E+00
 0.98851711628976E+00
 0.98875489251306E+00
 0.98898575373900E+00
 0.98920996059329E+00
 0.98942776161229E+00
 0.98963939403039E+00
 0.98984508425340E+00
 0.99004504853441E+00
 0.99023948889525E+00
 0.99042861245139E+00
 0.99061260263928E+00
 0.99079164035868E+00
 0.99096589838138E+00
 0.99113554217422E+00
 0.99130073013378E+00
 0.99146161399797E+00
 0.99161833919101E+00
 0.99177104510464E+00
 0.99191986541271E+00
 0.99206492834054E+00
 0.99220635691888E+00
 0.99234426926058E+00
 0.99247877876585E+00
 0.99260999434116E+00
 0.99273802090498E+00
 0.99286295852529E+00
 0.99298490413403E+00
 0.99310395072075E+00
 0.99322018774187E+00
 0.99333370123467E+00
 0.99344457404718E+00
 0.99355288592105E+00
 0.99365871365134E+00
 0.99376213121935E+00
 0.99386320989567E+00
 0.99396201837685E+00
 0.99405862287962E+00
 0.99415308749985E+00
 0.99424547336061E+00
 0.99433584010405E+00
 0.99442424506135E+00
 0.99451074359245E+00
 0.99459538912081E+00
 0.99467823323589E+00
 0.99475932577454E+00
 0.99483871488160E+00
 0.99491644708621E+00
 0.99499256735273E+00
 0.99506711914264E+00
 0.99514014449731E+00
 0.99521168428555E+00
 0.99528177741215E+00
 0.99535046212333E+00
 0.99541777524972E+00
 0.99548375243901E+00
 0.99554842820129E+00
 0.99561183594854E+00
 0.99567400804829E+00
 0.99573497584517E+00
 0.99579476971948E+00
 0.99585341910597E+00
 0.99591095253214E+00
 0.99596739766140E+00
 0.99602278150570E+00
 0.99607712968777E+00
