                  NaN
                  NaN
                  NaN
                  NaN
                  NaN
 0.17314185981258E+42
 0.82913471539243E+34
 0.26840427137642E+29
 0.14418291175704E+25
 0.55336231094969E+21
 0.88751420138718E+18
 0.41604858427406E+16
 0.44506583588850E+14
 0.91041085897415E+12
 0.31280993163722E+11
 0.16380629339070E+10
 0.12136523218227E+09
 0.12007671144220E+08
 0.15156497272046E+07
 0.23531959984139E+06
 0.43631459585561E+05
 0.94306872243676E+04
 0.23296155041787E+04
 0.64719293705190E+03
 0.19970657935871E+03
 0.67912873791065E+02
 0.25427073048414E+02
 0.10583970903097E+02
 0.50113570870370E+01
 0.27795299722207E+01
 0.18320315024126E+01
 0.14079976062070E+01
 0.12089177828535E+01
 0.11112843966421E+01
 0.90171532593995E+04
 0.51475227544104E+04
 0.51335918285914E+04
 0.31068439562183E+04
 0.31040839933418E+04
 0.24621442641735E+04
 0.19764835828566E+04
 0.16044032428717E+04
 0.13159744487539E+04
 0.10899249334544E+04
 0.91093703294115E+03
 0.76784272319271E+03
 0.65240818450234E+03
 0.55849539839438E+03
 0.48148039466787E+03
 0.41784795717212E+03
 0.36489851634321E+03
 0.32054372537476E+03
 0.28315337448352E+03
 0.25144513131586E+03
 0.22440327639737E+03
 0.20121741134654E+03
 0.18123586089332E+03
 0.16393275380590E+03
 0.14888024249585E+03
 0.13572832411257E+03
 0.12418932148222E+03
 0.11402547685083E+03
 0.10503872764610E+03
 0.97064360297363E+02
 0.89964032196128E+02
 0.83621161479425E+02
 0.77937154875728E+02
 0.72828410091822E+02
 0.68223418970448E+02
 0.64061266006977E+02
 0.60289214762455E+02
 0.56862194698356E+02
 0.53741111447393E+02
 0.50892012699378E+02
 0.48285393302406E+02
 0.45895468574582E+02
 0.43699698387967E+02
 0.41678326103669E+02
 0.39813819349829E+02
 0.38090843725307E+02
 0.36495789983752E+02
 0.35016602808877E+02
 0.33648846218724E+02
 0.32370567928878E+02
 0.31179306599128E+02
 0.30067458567229E+02
 0.29028095198924E+02
 0.28055071971845E+02
 0.27142836262857E+02
 0.26286363797365E+02
 0.25481112592661E+02
 0.24722963244054E+02
 0.24008195667747E+02
 0.23333360356689E+02
 0.22695375425795E+02
 0.22091393884950E+02
 0.21518815185130E+02
 0.20975247935298E+02
 0.20458511071669E+02
 0.19966545235502E+02
 0.19497491823247E+02
 0.19049614169072E+02
 0.18621298966046E+02
 0.18211043435967E+02
 0.17817455344994E+02
 0.17439194160164E+02
 0.17075034741894E+02
 0.16723809526092E+02
 0.16384412775328E+02
 0.16056189804583E+02
 0.15737388802412E+02
 0.15427400578730E+02
 0.15125297413339E+02
 0.14830177092803E+02
 0.14541172049190E+02
 0.14257404707178E+02
 0.13978030115437E+02
 0.13702200125039E+02
 0.13429070800751E+02
 0.13157775083469E+02
 0.12887444861220E+02
 0.12617184290370E+02
 0.12346053436743E+02
 0.12073197436389E+02
 0.11797381988645E+02
 0.11517595146505E+02
 0.11232655635165E+02
 0.10941262752853E+02
 0.10641981024059E+02
 0.10333202369285E+02
 0.10013138524141E+02
 0.96796025371343E+01
 0.93301440263497E+01
 0.89617740735136E+01
 0.85708333211355E+01
 0.81526542261553E+01
 0.77011593591201E+01
 0.72080630008543E+01
 0.66614646823034E+01
 0.60434234929095E+01
 0.53260305758394E+01
 0.44736044936044E+01
 0.35388857551973E+01
 0.28455857870615E+01
 0.24561149448155E+01
 0.22193501273806E+01
 0.20579412871876E+01
 0.19389535519194E+01
 0.18465395294122E+01
 0.17721067923595E+01
 0.17105384783189E+01
 0.16585591899568E+01
 0.16139875822433E+01
 0.15752604090267E+01
 0.15412571904988E+01
 0.15111349411642E+01
 0.14842425017616E+01
 0.14600752590202E+01
 0.14382288784329E+01
 0.14183785207497E+01
 0.14002581628079E+01
 0.13836479152024E+01
 0.13683642050523E+01
 0.13542524781726E+01
 0.13411815673187E+01
 0.13290393615649E+01
 0.13177294115338E+01
 0.13071682586395E+01
 0.12972832914348E+01
 0.12880110232197E+01
 0.12792956908181E+01
 0.12710881110311E+01
 0.12633448301797E+01
 0.12560269299584E+01
 0.12491000254703E+01
 0.12425332465201E+01
 0.12362988953696E+01
 0.12303720501494E+01
 0.12247302317070E+01
 0.12193531087808E+01
 0.12142222515053E+01
 0.12093209129979E+01
 0.12046338443109E+01
 0.12001471307302E+01
 0.11958480488954E+01
 0.11917249426019E+01
 0.11877671143665E+01
 0.11839647282512E+01
 0.11803087246822E+01
 0.11767907458887E+01
 0.11734030678235E+01
 0.11701385432453E+01
 0.11669905463662E+01
 0.11639529271635E+01
 0.11610199473116E+01
 0.11581863282309E+01
 0.11554470885964E+01
 0.11527975993713E+01
 0.11502335351912E+01
 0.11477383517453E+01
 0.11453332742037E+01
 0.11430022316327E+01
 0.11407418878783E+01
 0.11385491078653E+01
 0.11364209424734E+01
 0.11343546146504E+01
 0.11323475067708E+01
 0.11303971492948E+01
 0.11285012102704E+01
 0.11266574854464E+01
 0.11248638898254E+01
 0.11231184493684E+01
 0.11214192936266E+01
 0.11197646487864E+01
 0.11181528316519E+01
 0.11165822435578E+01
 0.11150513651509E+01
 0.11135587514606E+01
 0.11121030272762E+01
 0.11106828828411E+01
 0.11092970701303E+01
 0.11079443989741E+01
 0.11066237338505E+01
 0.11053339905315E+01
 0.11040741334597E+01
 0.11028431706985E+01
 0.11016401596353E+01
 0.11004641924953E+01
 0.10993144021534E+01
 0.10981899579923E+01
 0.10970900641527E+01
 0.10960139574682E+01
 0.10949609059812E+01
 0.10939302072560E+01
 0.10929211868859E+01
 0.10919331971306E+01
 0.10909656155490E+01
 0.10900178438041E+01
 0.10890893064635E+01
 0.10881794499392E+01
 0.10872877414021E+01
 0.10864136678675E+01
 0.10855567352252E+01
 0.10847164698797E+01
 0.10838924053937E+01
 0.10830841068680E+01
 0.10822911451693E+01
 0.10815131085375E+01
 0.10807495995641E+01
 0.10800002345981E+01
 0.10792646431270E+01
 0.10785424672051E+01
 0.10778333609426E+01
 0.10771369899932E+01
 0.10764530310751E+01
 0.10757811715314E+01
 0.10751211088725E+01
 0.10744725503844E+01
 0.10738352127443E+01
 0.10732088189462E+01
 0.10725931086086E+01
 0.10719878218482E+01
 0.10713927092255E+01
 0.10708075290579E+01
 0.10702320470812E+01
 0.10696660361227E+01
 0.10691092758780E+01
 0.10685615526272E+01
 0.10680226590016E+01
 0.10674923937565E+01
 0.10669705615355E+01
 0.10664569726808E+01
 0.10659514401867E+01
 0.10654537906821E+01
 0.10649638477605E+01
 0.10644814424287E+01
 0.10640064105392E+01
 0.10635385925396E+01
 0.10630778333130E+01
 0.10626239820076E+01
 0.10621768919128E+01
 0.10617364203053E+01
 0.10613024283170E+01
 0.10608747808253E+01
 0.10604533463059E+01
 0.10600379938520E+01
 0.10596286044341E+01
 0.10592250540753E+01
 0.10588272244028E+01
 0.10584350002470E+01
 0.10580482694083E+01
 0.10576669225734E+01
 0.10572908531886E+01
 0.10569199574187E+01
 0.10565541340171E+01
 0.10561932842907E+01
 0.10558373120149E+01
 0.10554861232523E+01
 0.10551396235808E+01
 0.10547977293334E+01
