-0.00000000000000E+00
 0.67335284715545E-06
 0.20200585414664E-05
-0.77435577422877E-05
-0.16463477112951E-03
-0.12066483021026E-02
-0.48437637060127E-02
-0.83021039290031E-02
 0.31120011860560E-01
 0.31768888331721E+00
 0.15070387507764E+01
 0.52410977741208E+01
 0.14968077602814E+02
 0.37036694983201E+02
 0.82010351143537E+02
-0.29132315027272E+03
-0.56454183998665E+03
-0.75571763406723E+03
-0.87435598632665E+03
-0.13846986143056E+04
-0.17502476514574E+04
-0.24996669665455E+04
-0.30440008502605E+04
-0.39747253379511E+04
-0.46341876774318E+04
-0.56515431429587E+04
-0.62859552431647E+04
-0.71827097560992E+04
-0.75316374741505E+04
-0.79710892638936E+04
-0.76444873092682E+04
-0.71584044918573E+04
-0.56326080791056E+04
-0.32128744156073E+04
-0.20504699908594E+03
 0.44109370218024E+04
 0.10504311651475E+05
 0.17830849612087E+05
 0.27464362119553E+05
 0.39307668403605E+05
 0.53186327331717E+05
 0.70197203068616E+05
 0.90284637349024E+05
 0.11375228092540E+06
 0.14050497533568E+06
 0.17169776899647E+06
 0.20731443597841E+06
 0.24770986398667E+06
 0.29326083430844E+06
 0.34392402919955E+06
 0.40091918120012E+06
 0.46426295636076E+06
 0.53435541811093E+06
 0.61161167378834E+06
 0.69645205851090E+06
 0.78886906185349E+06
 0.89012578955263E+06
 0.10002543483871E+07
 0.11196775640654E+07
 0.12488252304886E+07
 0.13881260173418E+07
 0.15375914441312E+07
 0.16984519064766E+07
 0.18707380123624E+07
 0.20548569690688E+07
 0.22512145223267E+07
 0.24602083122195E+07
 0.26822271186159E+07
 0.29176494065683E+07
 0.31664251605446E+07
 0.34297235159168E+07
 0.37074913353051E+07
 0.40000505022913E+07
 0.43077112989447E+07
 0.46307668918179E+07
 0.49694923127267E+07
 0.53241433012880E+07
 0.56945407119329E+07
 0.60817089768428E+07
 0.64854454552478E+07
 0.69059144477077E+07
 0.73432579846641E+07
 0.77975308851342E+07
 0.82689292327127E+07
 0.87574633248869E+07
 0.92627418078236E+07
 0.97855806498435E+07
 0.10325544429809E+08
 0.10882559206771E+08
 0.11456515880682E+08
 0.12047266881054E+08
 0.12654623499014E+08
 0.13277933167255E+08
 0.13917737802669E+08
 0.14573311132774E+08
 0.15244272854768E+08
 0.15930188275263E+08
 0.16630563494677E+08
 0.17344424709856E+08
 0.18071953740233E+08
 0.18812055198722E+08
 0.19563944769126E+08
 0.20326750784539E+08
 0.21099504681154E+08
 0.21880708056981E+08
 0.22669990852075E+08
 0.23465631441593E+08
 0.24266162469537E+08
 0.25069956543231E+08
 0.25874617370369E+08
 0.26679239813514E+08
 0.27481056152900E+08
 0.28277563544144E+08
 0.29065965831262E+08
 0.29842688638972E+08
 0.30605048218663E+08
 0.31348665132531E+08
 0.32069046130615E+08
 0.32760652241875E+08
 0.33418510947724E+08
 0.34035565218248E+08
 0.34603747679440E+08
 0.35115034771740E+08
 0.35558443388702E+08
 0.35922070579788E+08
 0.36192355656780E+08
 0.36352126483190E+08
 0.36380885908984E+08
 0.36255245031292E+08
 0.35944795245204E+08
 0.35413353966148E+08
 0.34614985148473E+08
 0.33491895094044E+08
 0.31967424236382E+08
 0.29940549573488E+08
 0.27274658445836E+08
 0.23773774283833E+08
 0.19151689884536E+08
 0.12959033399670E+08
 0.44517168190787E+07
-0.76943116747207E+07
-0.25779433683143E+08
-0.50570054139651E+08
-0.71117727073501E+08
-0.81185978801612E+08
-0.84828445203602E+08
-0.84854994542761E+08
-0.82598359855861E+08
-0.78738783997494E+08
-0.73657737405725E+08
-0.67586884220370E+08
-0.60673479599719E+08
-0.53015190218740E+08
-0.44678469170191E+08
-0.35708321511457E+08
-0.26135334985123E+08
-0.15979823723921E+08
-0.52540458314925E+07
 0.60352274934685E+07
 0.17886179812995E+08
 0.30300511806404E+08
 0.43282845482382E+08
 0.56840170630140E+08
 0.70981441117630E+08
 0.85717231005122E+08
 0.10105946302731E+09
 0.11702118101298E+09
 0.13361636746338E+09
 0.15085978460721E+09
 0.16876684247097E+09
 0.18735348545180E+09
 0.20663610067074E+09
 0.22663156796207E+09
 0.24735664673776E+09
 0.26882877481886E+09
 0.29106542719706E+09
 0.31408422999594E+09
 0.33790292560800E+09
 0.36253935804464E+09
 0.38801144194537E+09
 0.41433715444166E+09
 0.44153451561502E+09
 0.46962158531477E+09
 0.49861645396074E+09
 0.52853723622720E+09
 0.55940206937335E+09
 0.59122911414622E+09
 0.62403655334951E+09
 0.65784259002987E+09
 0.69266545498520E+09
 0.72852339579696E+09
 0.76543469850062E+09
 0.80341767258260E+09
 0.84249066122355E+09
 0.88267204644285E+09
 0.92398024684960E+09
 0.96643372361775E+09
 0.10100509819324E+10
 0.10548505747786E+10
 0.11008510510051E+10
 0.11480711808533E+10
 0.11965296116640E+10
 0.12462451175951E+10
 0.12972365283933E+10
 0.13495227352422E+10
 0.14031226987976E+10
 0.14580554395901E+10
 0.15143400502264E+10
 0.15719956953018E+10
 0.16310416074015E+10
 0.16914970959273E+10
 0.17533815442112E+10
 0.18167144138990E+10
 0.18815152397031E+10
 0.19478036418077E+10
 0.20155993166775E+10
 0.20849220433205E+10
 0.21557916830288E+10
 0.22282281815775E+10
 0.23022515665209E+10
 0.23778819543475E+10
 0.24551395444324E+10
 0.25340446246010E+10
 0.26146175705514E+10
 0.26968788455804E+10
 0.27808490213385E+10
 0.28665487006491E+10
 0.29539986325808E+10
 0.30432196431248E+10
 0.31342326431023E+10
 0.32270586410620E+10
 0.33217187322455E+10
 0.34182341073161E+10
 0.35166260497719E+10
 0.36169159356550E+10
 0.37191252353691E+10
 0.38232755136046E+10
 0.39293884288265E+10
 0.40374857343649E+10
 0.41475892808052E+10
 0.42597210099464E+10
 0.43739029628942E+10
 0.44901572757487E+10
 0.46085064060164E+10
 0.47289722422520E+10
 0.48515774109150E+10
 0.49763444471299E+10
 0.51032959731024E+10
 0.52324547040477E+10
 0.53638434557105E+10
 0.54974851407932E+10
 0.56334027702501E+10
 0.57716194520706E+10
 0.59121583936751E+10
 0.60550429016557E+10
 0.62002963803549E+10
 0.63479423332000E+10
 0.64980043635541E+10
 0.66505061737367E+10
 0.68054715752761E+10
 0.69629244473268E+10
 0.71228888021341E+10
 0.72853887397545E+10
 0.74504484599476E+10
 0.76180922651859E+10
 0.77883445563095E+10
 0.79612298335140E+10
 0.81367726995935E+10
 0.83149978562038E+10
 0.84959301070052E+10
 0.86795943568599E+10
 0.88660156090204E+10
 0.90552189813180E+10
 0.92472296606003E+10
 0.94420729641807E+10
 0.96397743052197E+10
 0.98403591915754E+10
 0.10043853238882E+11
 0.10250282161195E+11
 0.10459671776007E+11
 0.10672048000405E+11
 0.10887436853768E+11
 0.11105864461050E+11
 0.11327357046815E+11
 0.11551940936857E+11
 0.11779642568830E+11
 0.12010488458604E+11
 0.12244505245976E+11
 0.12481719670024E+11
 0.12722158569344E+11
 0.12965848886289E+11
 0.13212817662694E+11
 0.13463092049161E+11
 0.13716699293305E+11
 0.13973666751717E+11
 0.14234021876772E+11
 0.14497792219024E+11
 0.14765005467113E+11
 0.15035689376385E+11
 0.15309871798750E+11
