 0.13627881524762E+00
 0.13627881524757E+00
 0.13627881524641E+00
 0.13627881523951E+00
 0.13627881521864E+00
 0.13627881517723E+00
 0.13627881511600E+00
 0.13627881503420E+00
 0.13627881486080E+00
 0.13627881423207E+00
 0.13627881200494E+00
 0.13627880544797E+00
 0.13627878914915E+00
 0.13627875376704E+00
 0.13627868479000E+00
 0.13627870353188E+00
 0.13627862842409E+00
 0.13627843966470E+00
 0.13627811018781E+00
 0.13627775014122E+00
 0.13627715549635E+00
 0.13627645059237E+00
 0.13627541114686E+00
 0.13627417895631E+00
 0.13627250830698E+00
 0.13627055448913E+00
 0.13626804955341E+00
 0.13626515902523E+00
 0.13626160020865E+00
 0.13625754454732E+00
 0.13625270419141E+00
 0.13624725096737E+00
 0.13624090075645E+00
 0.13623369407903E+00
 0.13622572648674E+00
 0.13621669074857E+00
 0.13620664020125E+00
 0.13619567375838E+00
 0.13618348212170E+00
 0.13617013255309E+00
 0.13615571862186E+00
 0.13613994655137E+00
 0.13612288647363E+00
 0.13610450286100E+00
 0.13608488964370E+00
 0.13606375806127E+00
 0.13604118794725E+00
 0.13601714868744E+00
 0.13599160723629E+00
 0.13596466476764E+00
 0.13593603395011E+00
 0.13590580392839E+00
 0.13587394734204E+00
 0.13584043415211E+00
 0.13580523416143E+00
 0.13576845084465E+00
 0.13572979346576E+00
 0.13568935311294E+00
 0.13564709853693E+00
 0.13560299464540E+00
 0.13555700429308E+00
 0.13550921677668E+00
 0.13545933899788E+00
 0.13540744584867E+00
 0.13535348987260E+00
 0.13529741790647E+00
 0.13523917224866E+00
 0.13517869017210E+00
 0.13511590350754E+00
 0.13505086762257E+00
 0.13498324862974E+00
 0.13491308118453E+00
 0.13484027106107E+00
 0.13476471462875E+00
 0.13468629936380E+00
 0.13460490333826E+00
 0.13452039445673E+00
 0.13443275872841E+00
 0.13434158984167E+00
 0.13424684367794E+00
 0.13414834163707E+00
 0.13404589033043E+00
 0.13393924158862E+00
 0.13382824358336E+00
 0.13371262304931E+00
 0.13359225234768E+00
 0.13346660086237E+00
 0.13333549628738E+00
 0.13319862222082E+00
 0.13305563938192E+00
 0.13290618481957E+00
 0.13274987039629E+00
 0.13258641097038E+00
 0.13241510953135E+00
 0.13223561510040E+00
 0.13204742150191E+00
 0.13184998675424E+00
 0.13164273146780E+00
 0.13142516291121E+00
 0.13119636975723E+00
 0.13095576237125E+00
 0.13070258000836E+00
 0.13043600650826E+00
 0.13015516590046E+00
 0.12985924469790E+00
 0.12954698270809E+00
 0.12921741070712E+00
 0.12886935366465E+00
 0.12850154222281E+00
 0.12811263209254E+00
 0.12770105972973E+00
 0.12726524951442E+00
 0.12680344083621E+00
 0.12631371336542E+00
 0.12579408793740E+00
 0.12524202027891E+00
 0.12465509015877E+00
 0.12403049770205E+00
 0.12336525838080E+00
 0.12265568952720E+00
 0.12189804388509E+00
 0.12108810055961E+00
 0.12022076356596E+00
 0.11929041739802E+00
 0.11829109356717E+00
 0.11721518042181E+00
 0.11605429602034E+00
 0.11479863383002E+00
 0.11343628778080E+00
 0.11195342344621E+00
 0.11033267338156E+00
 0.10855363904160E+00
 0.10658986615596E+00
 0.10440805077954E+00
 0.10196393517250E+00
 0.99198775914357E-01
 0.96029006396828E-01
 0.92333343807983E-01
 0.87921765501124E-01
 0.82477494623450E-01
 0.75427676770085E-01
 0.65726985386121E-01
 0.52728632634981E-01
 0.40701997264642E-01
 0.32693996307217E-01
 0.27290355849774E-01
 0.23359042279199E-01
 0.20335194181610E-01
 0.17919345960953E-01
 0.15937173528564E-01
 0.14278611871805E-01
 0.12869762869346E-01
 0.11659354767362E-01
 0.10609214443574E-01
 0.96911312603275E-02
 0.88832453396971E-02
 0.81682589047663E-02
 0.75324421929438E-02
 0.69645516558525E-02
 0.64554109480675E-02
 0.59973725448625E-02
 0.55840205270740E-02
 0.52099266289191E-02
 0.48704668699139E-02
 0.45616762108586E-02
 0.42801352801194E-02
 0.40228799794949E-02
 0.37873294701020E-02
 0.35712272826940E-02
 0.33725933577633E-02
 0.31896844073804E-02
 0.30209611321655E-02
 0.28650646625799E-02
 0.27207761519892E-02
 0.25870246442392E-02
 0.24628505723250E-02
 0.23473966422719E-02
 0.22398954450476E-02
 0.21396589714937E-02
 0.20460691540114E-02
 0.19585699352257E-02
 0.18766601400566E-02
 0.17998874188858E-02
 0.17278428353222E-02
 0.16601561161432E-02
 0.15964915091489E-02
 0.15365441599297E-02
 0.14800368410579E-02
 0.14267170908960E-02
 0.13763547016366E-02
 0.13287394345854E-02
 0.12836791040172E-02
 0.12409977163127E-02
 0.12005339407315E-02
 0.11621394476660E-02
 0.11256786387051E-02
 0.10910260281700E-02
 0.10580662368265E-02
 0.10266928443707E-02
 0.99666864326905E-03
 0.96818223463866E-03
 0.94100897797995E-03
 0.91507096413508E-03
 0.89029593470670E-03
 0.86661680175039E-03
 0.84397120860716E-03
 0.82230114112261E-03
 0.80155257310473E-03
 0.78167514580883E-03
 0.76262186645976E-03
 0.74434885402980E-03
 0.72681509076257E-03
 0.70998220272771E-03
 0.69381425597129E-03
 0.67827758143402E-03
 0.66334059715127E-03
 0.64897365994956E-03
 0.63514892553113E-03
 0.62184021740821E-03
 0.60902290717352E-03
 0.59667381193547E-03
 0.58477108754383E-03
 0.57329414109681E-03
 0.56222354159368E-03
 0.55154095024171E-03
 0.54122901091180E-03
 0.53127140152641E-03
 0.52165260207409E-03
 0.51235795171500E-03
 0.50337356453424E-03
 0.49468628683630E-03
 0.48628364351225E-03
 0.47815380349692E-03
 0.47028553692022E-03
 0.46266817921375E-03
 0.45529159862219E-03
 0.44814616278106E-03
 0.44122271141836E-03
 0.43451252727753E-03
 0.42800731232931E-03
 0.42169916229133E-03
 0.41558054596673E-03
 0.40964428296347E-03
 0.40388360058979E-03
 0.39829178802216E-03
 0.39286273305115E-03
 0.38759045686073E-03
 0.38246926965457E-03
 0.37749373225439E-03
 0.37265864508142E-03
 0.36795903501927E-03
 0.36339014282548E-03
 0.35894741382169E-03
 0.35462648607199E-03
 0.35042318117548E-03
 0.34633349600311E-03
 0.34235359253538E-03
 0.33847979065763E-03
 0.33470856100228E-03
 0.33103649528205E-03
 0.32746038428989E-03
 0.32397708641339E-03
 0.32058360341495E-03
 0.31727705474291E-03
 0.31405467293951E-03
 0.31091379649507E-03
 0.30785186730056E-03
 0.30486642398561E-03
 0.30195509856192E-03
 0.29911561220332E-03
 0.29634577068260E-03
 0.29364346223112E-03
 0.29100663036479E-03
 0.28843335620874E-03
 0.28592173104323E-03
 0.28346993288134E-03
 0.28107620598688E-03
 0.27873885653706E-03
 0.27645625146519E-03
 0.27422681424038E-03
 0.27204902409001E-03
 0.26992141256625E-03
 0.26784256124807E-03
 0.26581110133223E-03
 0.26382570997080E-03
 0.26188508824022E-03
 0.25998804157238E-03
 0.25813335775331E-03
 0.25631988112534E-03
 0.25454649538346E-03
 0.25281212065067E-03
 0.25111571334249E-03
 0.24945626181057E-03
 0.24783278896307E-03
 0.24624434690737E-03
 0.24469001997363E-03
 0.24316892275399E-03
 0.24168018900266E-03
 0.24022296910153E-03
 0.23879649766136E-03
