-0.12402310324368E+01
-0.12402310324368E+01
-0.12402310324368E+01
-0.12402310324368E+01
-0.12402310324367E+01
-0.12402310324360E+01
-0.12402310324336E+01
-0.12402310324313E+01
-0.12402310324573E+01
-0.12402310326463E+01
-0.12402310334307E+01
-0.12402310358934E+01
-0.12402310423085E+01
-0.12402310568632E+01
-0.12402310865242E+01
-0.12402308403035E+01
-0.12402306601105E+01
-0.12402305340264E+01
-0.12402304557821E+01
-0.12402301192013E+01
-0.12402298781146E+01
-0.12402293838581E+01
-0.12402290248594E+01
-0.12402284110286E+01
-0.12402279761005E+01
-0.12402273051349E+01
-0.12402268867279E+01
-0.12402262953009E+01
-0.12402260651764E+01
-0.12402257753494E+01
-0.12402259907497E+01
-0.12402263113307E+01
-0.12402273176229E+01
-0.12402289134840E+01
-0.12402308972043E+01
-0.12402339415349E+01
-0.12402379602332E+01
-0.12402427922265E+01
-0.12402491457141E+01
-0.12402569566034E+01
-0.12402661098470E+01
-0.12402773288482E+01
-0.12402905768991E+01
-0.12403060542634E+01
-0.12403236981821E+01
-0.12403442704321E+01
-0.12403677603120E+01
-0.12403944018771E+01
-0.12404244436219E+01
-0.12404578569776E+01
-0.12404954463813E+01
-0.12405372228247E+01
-0.12405834501571E+01
-0.12406344021501E+01
-0.12406903560227E+01
-0.12407513068216E+01
-0.12408180875895E+01
-0.12408907195014E+01
-0.12409694814191E+01
-0.12410546567998E+01
-0.12411465283596E+01
-0.12412451036958E+01
-0.12413511942781E+01
-0.12414648202929E+01
-0.12415862503015E+01
-0.12417157519009E+01
-0.12418535873425E+01
-0.12420000130341E+01
-0.12421552785806E+01
-0.12423193509960E+01
-0.12424930013475E+01
-0.12426761945900E+01
-0.12428691430120E+01
-0.12430720512504E+01
-0.12432851126544E+01
-0.12435085086126E+01
-0.12437424077904E+01
-0.12439866920377E+01
-0.12442420369873E+01
-0.12445083089938E+01
-0.12447856164165E+01
-0.12450740529273E+01
-0.12453736546803E+01
-0.12456845509966E+01
-0.12460067486674E+01
-0.12463399895873E+01
-0.12466848119033E+01
-0.12470409284467E+01
-0.12474082904519E+01
-0.12477868259655E+01
-0.12481764376618E+01
-0.12485770010836E+01
-0.12489880858503E+01
-0.12494100493664E+01
-0.12498424126414E+01
-0.12502849248580E+01
-0.12507372993276E+01
-0.12511992103140E+01
-0.12516700155750E+01
-0.12521498350242E+01
-0.12526379462326E+01
-0.12531338319286E+01
-0.12536369172308E+01
-0.12541465633529E+01
-0.12546617820698E+01
-0.12551823293197E+01
-0.12557070696579E+01
-0.12562350353347E+01
-0.12567651530532E+01
-0.12572958424123E+01
-0.12578265064564E+01
-0.12583553198209E+01
-0.12588806318316E+01
-0.12594005983695E+01
-0.12599128620651E+01
-0.12604156529344E+01
-0.12609060826536E+01
-0.12613811878374E+01
-0.12618373154275E+01
-0.12622711859519E+01
-0.12626781451629E+01
-0.12630528724716E+01
-0.12633900761855E+01
-0.12636825127338E+01
-0.12639223318905E+01
-0.12641005901198E+01
-0.12642059620661E+01
-0.12642249294630E+01
-0.12641420668772E+01
-0.12639373192463E+01
-0.12635868234569E+01
-0.12630602837995E+01
-0.12623195842139E+01
-0.12613141662351E+01
-0.12599774032418E+01
-0.12582191965461E+01
-0.12559102958147E+01
-0.12528619418686E+01
-0.12487777652934E+01
-0.12431670256727E+01
-0.12351564852563E+01
-0.12232289979416E+01
-0.12068791048704E+01
-0.11933275176513E+01
-0.11866873111483E+01
-0.11842850341947E+01
-0.11842675243926E+01
-0.11857558185600E+01
-0.11883012833940E+01
-0.11916523317718E+01
-0.11956561767182E+01
-0.12002157006117E+01
-0.12052664903935E+01
-0.12107647189654E+01
-0.12166807046226E+01
-0.12229942741580E+01
-0.12296920300087E+01
-0.12367658877185E+01
-0.12442113815511E+01
-0.12520273135306E+01
-0.12602148052878E+01
-0.12687769051267E+01
-0.12777182229484E+01
-0.12870446640017E+01
-0.12967632020836E+01
-0.13068817004680E+01
-0.13174087618120E+01
-0.13283536078451E+01
-0.13397259745424E+01
-0.13515360251140E+01
-0.13637942751979E+01
-0.13765115324169E+01
-0.13896989293478E+01
-0.14033675191465E+01
-0.14175288023929E+01
-0.14321943041815E+01
-0.14473756492814E+01
-0.14630845391431E+01
-0.14793327422368E+01
-0.14961320736134E+01
-0.15134943895382E+01
-0.15314315746032E+01
-0.15499555396279E+01
-0.15690782155935E+01
-0.15888115494778E+01
-0.16091675031534E+01
-0.16301580539838E+01
-0.16517951938794E+01
-0.16740909281010E+01
-0.16970572802120E+01
-0.17207062848449E+01
-0.17450500019933E+01
-0.17701005071171E+01
-0.17958698978984E+01
-0.18223702976340E+01
-0.18496138537524E+01
-0.18776127417544E+01
-0.19063791661672E+01
-0.19359253630426E+01
-0.19662635657047E+01
-0.19974061534905E+01
-0.20293654246812E+01
-0.20621537611967E+01
-0.20957835816188E+01
-0.21302673450478E+01
-0.21656175564027E+01
-0.22018467600906E+01
-0.22389675480546E+01
-0.22769925597154E+01
-0.23159344793345E+01
-0.23558060418354E+01
-0.23966200309000E+01
-0.24383892818596E+01
-0.24811266782344E+01
-0.25248451599148E+01
-0.25695577170999E+01
-0.26152773944274E+01
-0.26620172908033E+01
-0.27097905608514E+01
-0.27586104131306E+01
-0.28084901148538E+01
-0.28594429878990E+01
-0.29114824124789E+01
-0.29646218267601E+01
-0.30188747266821E+01
-0.30742546796457E+01
-0.31307752736109E+01
-0.31884501929895E+01
-0.32472931729247E+01
-0.33073180045072E+01
-0.33685385432806E+01
-0.34309687019643E+01
-0.34946224562100E+01
-0.35595138428959E+01
-0.36256569599346E+01
-0.36930659674722E+01
-0.37617550878386E+01
-0.38317386052097E+01
-0.39030308663269E+01
-0.39756462820735E+01
-0.40495993234898E+01
-0.41249045271107E+01
-0.42015764921217E+01
-0.42796300296824E+01
-0.43590795757173E+01
-0.44399400528135E+01
-0.45222263233209E+01
-0.46059533070214E+01
-0.46911359850379E+01
-0.47777894047948E+01
-0.48659286776622E+01
-0.49555689798086E+01
-0.50467255513996E+01
-0.51394136981773E+01
-0.52336487912894E+01
-0.53294462663516E+01
-0.54268216243286E+01
-0.55257904320940E+01
-0.56263683217855E+01
-0.57285709975661E+01
-0.58324142081993E+01
-0.59379137902248E+01
-0.60450856380952E+01
-0.61539457120197E+01
-0.62645100399483E+01
-0.63767947147063E+01
-0.64908158946461E+01
-0.66065898057856E+01
-0.67241327393439E+01
-0.68434610538141E+01
-0.69645911744340E+01
-0.70875395913315E+01
-0.72123228702017E+01
-0.73389576222569E+01
-0.74674605447546E+01
-0.75978483981649E+01
-0.77301380054129E+01
-0.78643462605046E+01
-0.80004901223555E+01
-0.81385866181011E+01
-0.82786528405618E+01
-0.84207059500192E+01
-0.85647631763858E+01
-0.87108418152678E+01
-0.88589592290358E+01
-0.90091328538325E+01
-0.91613801773863E+01
-0.93157187691584E+01
-0.94721662640871E+01
-0.96307403627449E+01
-0.97914588341336E+01
-0.99543395128664E+01
-0.10119400305289E+02
-0.10286659181731E+02
-0.10456134184392E+02
-0.10627843418643E+02
-0.10801805054608E+02
-0.10978037353479E+02
-0.11156558620442E+02
-0.11337387224372E+02
