 0.11645686325190E+01
 0.11645686325186E+01
 0.11645686325087E+01
 0.11645686324497E+01
 0.11645686322712E+01
 0.11645686319171E+01
 0.11645686314189E+01
 0.11645686310377E+01
 0.11645686316418E+01
 0.11645686354918E+01
 0.11645686473718E+01
 0.11645686757475E+01
 0.11645687335537E+01
 0.11645688383475E+01
 0.11645690117733E+01
 0.11645702936255E+01
 0.11645716114856E+01
 0.11645731025876E+01
 0.11645749055632E+01
 0.11645781903338E+01
 0.11645819286340E+01
 0.11645874802056E+01
 0.11645937494161E+01
 0.11646022862750E+01
 0.11646118950996E+01
 0.11646242635664E+01
 0.11646380665920E+01
 0.11646550841895E+01
 0.11646738950570E+01
 0.11646963225388E+01
 0.11647209016150E+01
 0.11647494456540E+01
 0.11647804976067E+01
 0.11648149092027E+01
 0.11648539176371E+01
 0.11648958493175E+01
 0.11649416133779E+01
 0.11649924061848E+01
 0.11650465201233E+01
 0.11651048861959E+01
 0.11651686325474E+01
 0.11652360915042E+01
 0.11653081853275E+01
 0.11653850649563E+01
 0.11654677952120E+01
 0.11655546853026E+01
 0.11656466739910E+01
 0.11657438981055E+01
 0.11658464679726E+01
 0.11659554498633E+01
 0.11660691162557E+01
 0.11661884373048E+01
 0.11663135455967E+01
 0.11664445550487E+01
 0.11665815814318E+01
 0.11667257073714E+01
 0.11668751892529E+01
 0.11670310399303E+01
 0.11671934072312E+01
 0.11673624290609E+01
 0.11675382498566E+01
 0.11677219505744E+01
 0.11679118847539E+01
 0.11681090910624E+01
 0.11683137638378E+01
 0.11685260980506E+01
 0.11687463024524E+01
 0.11689746014221E+01
 0.11692112360507E+01
 0.11694574044140E+01
 0.11697115545637E+01
 0.11699748753948E+01
 0.11702477029202E+01
 0.11705303907500E+01
 0.11708233210781E+01
 0.11711269071538E+01
 0.11714415958590E+01
 0.11717688083989E+01
 0.11721072331186E+01
 0.11724583247844E+01
 0.11728226996919E+01
 0.11732010164118E+01
 0.11735940889096E+01
 0.11740025026878E+01
 0.11744271674316E+01
 0.11748699337544E+01
 0.11753298988181E+01
 0.11758090091653E+01
 0.11763083908017E+01
 0.11768292511721E+01
 0.11773728926574E+01
 0.11779407192134E+01
 0.11785352109529E+01
 0.11791561183544E+01
 0.11798061200514E+01
 0.11804871218210E+01
 0.11812011789145E+01
 0.11819505120797E+01
 0.11827384867239E+01
 0.11835658304807E+01
 0.11844362714615E+01
 0.11853528689558E+01
 0.11863189423725E+01
 0.11873381013397E+01
 0.11884152685441E+01
 0.11895528076361E+01
 0.11907563366343E+01
 0.11920309849698E+01
 0.11933823761195E+01
 0.11948179985689E+01
 0.11963421988135E+01
 0.11979636781947E+01
 0.11996907751161E+01
 0.12015327460308E+01
 0.12035009615356E+01
 0.12056049363311E+01
 0.12078585870056E+01
 0.12102764919826E+01
 0.12128762160686E+01
 0.12156744536513E+01
 0.12186935998190E+01
 0.12219592814340E+01
 0.12254978803569E+01
 0.12293440097280E+01
 0.12335363503451E+01
 0.12381189270268E+01
 0.12431470272073E+01
 0.12486870339269E+01
 0.12548160449242E+01
 0.12616337377335E+01
 0.12692605252209E+01
 0.12778512586364E+01
 0.12876032280710E+01
 0.12987813867547E+01
 0.13117418253469E+01
 0.13269790255752E+01
 0.13452177012733E+01
 0.13675546849806E+01
 0.13957764655789E+01
 0.14330009505383E+01
 0.14851993597289E+01
 0.15642544291571E+01
 0.16814359902114E+01
 0.17952230514895E+01
 0.18667742536709E+01
 0.19080234737415E+01
 0.19311463684637E+01
 0.19427005548207E+01
 0.19463492707283E+01
 0.19443195809882E+01
 0.19380687863757E+01
 0.19286033822429E+01
 0.19166542559147E+01
 0.19027655053454E+01
 0.18873583316080E+01
 0.18707637202868E+01
 0.18532481556646E+01
 0.18350284025801E+01
 0.18162815060848E+01
 0.17971567786533E+01
 0.17777788318632E+01
 0.17582526629436E+01
 0.17386669497822E+01
 0.17190967771625E+01
 0.16996056574094E+01
 0.16802472006055E+01
 0.16610664589111E+01
 0.16421010900329E+01
 0.16233823080662E+01
 0.16049357166187E+01
 0.15867820258600E+01
 0.15689376980252E+01
 0.15514159846160E+01
 0.15342253936028E+01
 0.15173733384304E+01
 0.15008642654472E+01
 0.14847005868147E+01
 0.14688829795920E+01
 0.14534106820052E+01
 0.14382817001818E+01
 0.14234930317677E+01
 0.14090408276728E+01
 0.13949205611356E+01
 0.13811271569668E+01
 0.13676551010446E+01
 0.13544985408974E+01
 0.13416513802531E+01
 0.13291073414382E+01
 0.13168600265508E+01
 0.13049029706774E+01
 0.12932296792158E+01
 0.12818336784270E+01
 0.12707085246483E+01
 0.12598478401950E+01
 0.12492453344279E+01
 0.12388948084152E+01
 0.12287901786425E+01
 0.12189254796578E+01
 0.12092948736790E+01
 0.11998926074238E+01
 0.11907132027535E+01
 0.11817511856972E+01
 0.11730012566940E+01
 0.11644582582614E+01
 0.11561171724500E+01
 0.11479731127362E+01
 0.11400213300330E+01
 0.11322572052665E+01
 0.11246762489574E+01
 0.11172740948354E+01
 0.11100465011008E+01
 0.11029893449544E+01
 0.10960986187432E+01
 0.10893704270818E+01
 0.10828009850132E+01
 0.10763866119932E+01
 0.10701237299039E+01
 0.10640088609053E+01
 0.10580386221960E+01
 0.10522097228743E+01
 0.10465189636190E+01
 0.10409632304913E+01
 0.10355394939207E+01
 0.10302448025667E+01
 0.10250762880541E+01
 0.10200311277191E+01
 0.10151066521504E+01
 0.10103001830233E+01
 0.10056091366089E+01
 0.10010309944867E+01
 0.99656330420174E+00
 0.99220367179978E+00
 0.98794976531419E+00
 0.98379930963085E+00
 0.97975008526476E+00
 0.97579992761836E+00
 0.97194672315609E+00
 0.96818841025516E+00
 0.96452297532895E+00
 0.96094845293845E+00
 0.95746292369115E+00
 0.95406451295653E+00
 0.95075138869264E+00
 0.94752180961206E+00
 0.94437391767367E+00
 0.94130607711864E+00
 0.93831660553854E+00
 0.93540387026497E+00
 0.93256627361929E+00
 0.92980225382012E+00
 0.92711028384228E+00
 0.92448886879368E+00
 0.92193654788550E+00
 0.91945189062005E+00
 0.91703349692711E+00
 0.91467999801923E+00
 0.91239005293726E+00
 0.91016234911189E+00
 0.90799560271175E+00
 0.90588855176565E+00
 0.90383997319541E+00
 0.90184865637648E+00
 0.89991342095634E+00
 0.89803310984834E+00
 0.89620659071115E+00
 0.89443275262878E+00
 0.89271050966656E+00
 0.89103879607625E+00
 0.88941656833731E+00
 0.88784280403812E+00
 0.88631650039101E+00
 0.88483667731318E+00
 0.88340237009102E+00
 0.88201263779689E+00
 0.88066655522141E+00
 0.87936321579132E+00
 0.87810173234865E+00
 0.87688123297592E+00
 0.87570086528627E+00
 0.87455979168506E+00
 0.87345719294003E+00
 0.87239226494945E+00
 0.87136421762673E+00
 0.87037227902157E+00
 0.86941569100725E+00
 0.86849371225875E+00
 0.86760560930016E+00
 0.86675067053943E+00
 0.86592819421895E+00
 0.86513749302887E+00
 0.86437789229342E+00
 0.86364873340337E+00
 0.86294936527256E+00
 0.86227915488729E+00
 0.86163747561961E+00
 0.86102371884669E+00
 0.86043729147591E+00
 0.85987758604551E+00
 0.85934404200493E+00
 0.85883608846859E+00
