 0.00000000000000E+00
 0.00000000000000E+00
 0.77308811195169E-25
-0.23453234856961E-25
-0.16698703218157E-25
 0.93812939427846E-25
 0.18904811583827E-23
 0.50658987291037E-23
 0.46385029342782E-22
-0.61481247983433E-22
 0.18661475721493E-20
 0.26186457474425E-20
 0.10745925910623E-19
 0.20075509545611E-20
 0.82077010641231E-19
 0.51490545186125E-19
 0.12301755753640E-18
-0.47498270047009E-19
 0.15787387731194E-18
 0.76177725501393E-18
 0.65261338967319E-18
 0.11635892030067E-17
 0.10679940078730E-17
 0.22442932597212E-17
 0.55442274533510E-18
 0.75651318410784E-18
-0.81882539609658E-19
 0.20557321774705E-17
-0.11234080307240E-17
 0.19698482553896E-17
-0.27050015560688E-17
-0.68036636860536E-07
-0.53662525809631E-07
 0.39743352835068E-07
-0.15042204468221E-07
-0.40995636113619E-07
-0.20581431864567E-06
-0.66257249032656E-07
 0.12081677549734E-06
 0.12130441220202E-07
 0.10665105773068E-06
-0.22091705811710E-06
 0.16278373945117E-06
 0.10289786921717E-07
 0.95563515101613E-07
-0.20215158364701E-06
-0.35997434718011E-07
-0.13795524424321E-06
 0.22569490809175E-06
-0.14060792962898E-06
-0.52323563521283E-08
-0.97779303126605E-07
-0.15668312413483E-06
-0.11906201856201E-07
-0.31519974236309E-07
-0.71543955221221E-07
 0.13946781346988E-07
 0.17617411123860E-07
 0.15004196980542E-06
 0.71594669898286E-08
-0.13503971283493E-07
 0.11505932222515E-07
 0.53752791772332E-07
-0.21037423430573E-07
 0.60659412695092E-07
-0.68259479162124E-07
 0.65275984016118E-07
-0.17621966907112E-07
-0.18208141979749E-07
 0.83161148748037E-08
 0.71978944459746E-07
 0.13878246159399E-07
 0.20231141019620E-07
-0.19354377269754E-07
-0.79507240026862E-08
-0.14630293269655E-07
-0.51979398201740E-07
-0.44358648175712E-07
 0.57214429559139E-07
 0.21274651843745E-07
 0.46853791566654E-07
-0.29929593361470E-07
-0.49040569132289E-07
 0.34735430798904E-07
 0.48844324339743E-07
-0.12602638496888E-07
 0.27458871652733E-07
-0.12334431710611E-08
-0.21362673010552E-07
 0.67173878405099E-07
-0.21691207749245E-07
 0.10366191529613E-08
-0.42128857249402E-07
 0.52228262785952E-07
-0.54046105396732E-07
-0.68541601424262E-07
 0.22547821054960E-08
 0.56062764314286E-09
 0.48469489820699E-07
-0.26404930000863E-07
-0.20174905552327E-08
 0.76639213119680E-08
-0.67208500787602E-07
-0.13143601546733E-07
-0.69068746616615E-07
-0.51751333152742E-08
-0.85494601250960E-07
 0.52255142780581E-07
 0.81316906927705E-07
 0.62894761255255E-08
-0.15176238711235E-07
 0.32680263247397E-07
 0.22007402117068E-07
 0.72837051074790E-07
 0.13454363962234E-07
-0.40744408920673E-07
-0.11184696909657E-06
 0.65344595781670E-07
 0.99161318504859E-07
 0.27229930284202E-07
 0.43834013789006E-07
 0.11439951445972E-06
-0.31464983966477E-07
 0.55530724827138E-07
 0.22356909391289E-07
-0.83569447909568E-07
-0.10218429064429E-06
 0.83687298177069E-08
-0.87614036374642E-07
-0.97839545188569E-07
 0.36932417306286E-07
-0.10640826581182E-06
-0.10851861401433E-07
 0.90122973458469E-07
 0.20094177907988E-07
 0.13749665194850E-06
-0.19355789330888E-06
 0.28486069674936E-07
-0.32325019526936E-07
-0.13020055296527E-06
-0.80445976523823E-07
 0.28542165319049E-08
 0.51683592654773E-07
-0.24884175344256E-06
-0.15507771664174E-06
 0.52856185194909E-07
 0.14437272419615E-06
 0.15904691111491E-06
 0.10770710204221E-06
-0.20611819611676E-06
 0.19533123545859E-06
-0.26749580162081E-07
 0.17932692725542E-06
 0.12569835654520E-06
 0.15883222857288E-06
-0.21005875868850E-07
 0.67051479806107E-07
-0.47960358404183E-06
-0.52160395985302E-07
 0.35476583193031E-07
-0.77535848117615E-07
 0.59259356447436E-06
 0.62106484138919E-07
 0.15049834976475E-06
 0.37124262321077E-07
-0.18378160909358E-06
 0.21032167639960E-06
-0.84736978659301E-07
-0.17948908295616E-07
 0.45743416565895E-06
 0.63887360350926E-07
 0.16217291286425E-06
 0.30272384635734E-06
 0.52294157586860E-07
-0.41950939951677E-06
-0.12927255919967E-06
 0.58013484902011E-06
-0.20008614213638E-06
-0.21840205987138E-06
 0.34068913601529E-06
 0.13163395330394E-06
 0.95183117796980E-06
-0.28638854871392E-06
 0.16970258933985E-06
 0.29926208331562E-06
 0.36528894196041E-06
-0.36087332768362E-07
 0.43878024404864E-06
-0.22495208812856E-06
-0.53395630045599E-07
-0.19669299522621E-06
 0.17491719257625E-06
-0.85582459253234E-06
 0.61295379122193E-07
 0.36405583560735E-06
-0.33019213960649E-06
 0.11259550273491E-06
 0.24584490349946E-06
 0.36104787975549E-06
 0.30422543057401E-06
-0.10097620579484E-06
 0.83345366606496E-06
-0.37699976697857E-07
 0.37501472529938E-06
-0.36580888646700E-06
-0.14485542632956E-06
-0.15812923278560E-06
 0.47342418988481E-07
-0.38418510261562E-06
-0.91730252668343E-07
 0.71089505352139E-07
-0.57343536008605E-07
-0.44633495045440E-07
 0.12482928265746E-06
 0.17281416791851E-06
 0.29614259517780E-07
-0.31130870750406E-06
-0.10685049777211E-06
 0.10240603699946E-07
 0.19072967009374E-06
-0.24111493741263E-06
 0.55087278168946E-08
-0.68359783160263E-07
-0.31116411577452E-07
-0.47132667246344E-07
 0.13436780263825E-07
 0.17461591433502E-08
-0.72327808335642E-08
-0.14963575709150E-07
 0.12554694028863E-08
 0.52853967774641E-07
 0.10215385188754E-07
-0.32750441255245E-07
 0.87948361742124E-08
 0.11027903990434E-07
 0.91941231833856E-09
 0.26468143852387E-07
 0.52918488138178E-08
 0.30611934197122E-08
 0.26176262998565E-07
-0.23956294308146E-08
-0.71611109653668E-09
-0.36632084913078E-08
-0.42526887222264E-08
-0.46876719203837E-08
-0.19437268847894E-08
 0.20221508783251E-07
 0.93460996027565E-08
 0.15548022103430E-07
 0.95647263881010E-09
 0.37605395196394E-08
 0.38187886964784E-07
-0.25570178065128E-08
 0.24688745275645E-07
-0.11693020357219E-07
 0.96331309596587E-09
 0.21961728789489E-09
 0.77041036726730E-08
-0.45884607371189E-07
 0.19128728117417E-07
-0.12883446408903E-07
-0.84026221452485E-07
-0.59876175742419E-07
 0.31624770688862E-07
-0.29415406778175E-08
-0.14739647539386E-08
 0.25586108132641E-07
 0.59530543549180E-10
 0.66361521116525E-07
 0.61445448749191E-08
 0.61005574859883E-09
 0.18807493580470E-08
-0.55815381647144E-07
-0.13420330770450E-08
-0.68150887631897E-08
-0.14871452892472E-07
-0.35965023062341E-07
 0.44554338210531E-07
 0.28165432367361E-07
-0.20660611645912E-07
-0.48243976844058E-08
-0.90517305859410E-07
 0.82205809507777E-09
-0.40835716253217E-08
-0.47340734359561E-07
 0.30492770776048E-07
-0.97805316178728E-07
-0.12512628170180E-07
 0.18719844487427E-07
 0.53586097197560E-08
-0.25469044499998E-07
-0.64020286821081E-07
 0.47680536380464E-07
 0.16364327594070E-07
-0.38960074584795E-07
 0.50113669955613E-07
 0.23164548636912E-07
 0.46875765242571E-08
-0.19067584567351E-07
 0.10821000436328E-07
