 0.00000000000000E+00
 0.00000000000000E+00
 0.12391646932425E-24
-0.22196141468628E-24
-0.44609928956729E-25
 0.37525175771138E-24
 0.52894262455135E-23
 0.76851559979291E-22
 0.53010498261271E-21
 0.22349663266938E-20
 0.83118582397702E-20
 0.17641019421380E-19
 0.69960276048519E-19
 0.13567832371306E-18
 0.35126656764813E-06
 0.85908104848732E-06
-0.58462696730082E-05
-0.21945233361940E-05
 0.25430635855865E-05
-0.83768388567761E-06
-0.15403543864256E-05
-0.59887072136439E-06
 0.37088095623498E-06
 0.10063794055255E-05
-0.31668987581416E-06
 0.15203275725803E-06
 0.57192439658016E-06
-0.13472413034126E-06
-0.68510524808812E-06
-0.17803589845008E-06
-0.68908762865529E-06
 0.67764551812792E-06
-0.11701217824903E-05
 0.85229680673193E-06
-0.14444193378946E-05
 0.62552734356853E-06
-0.64244739241144E-06
 0.67696539237894E-07
 0.15115955382453E-06
-0.77973097257194E-06
 0.13851811280211E-06
-0.10538169508364E-05
 0.11992233038845E-06
-0.16544253018832E-06
-0.64238775129902E-07
 0.25617089350848E-06
 0.44371726177184E-06
-0.96777034045594E-07
-0.20643251971699E-06
 0.76403106988052E-07
 0.38928130781819E-06
 0.72787202245935E-07
-0.14221457535631E-06
 0.33200270399450E-06
-0.18558814309974E-06
 0.30411461582548E-06
 0.32437075526474E-06
 0.10335660271656E-05
 0.58230054674706E-06
 0.71834979746034E-06
 0.13001608048548E-05
 0.14457340298942E-05
 0.17355644705379E-05
 0.23354805671246E-05
 0.26002562063718E-05
 0.33090229888350E-05
 0.39420874579159E-05
 0.46583044016740E-05
 0.59722543436449E-05
 0.66842035790997E-05
 0.79498136278584E-05
 0.90389526840693E-05
 0.11412850178674E-04
 0.13000475200211E-04
 0.15221755304203E-04
 0.17711389041155E-04
 0.20592434432527E-04
 0.23536055642991E-04
 0.27350970283042E-04
 0.31460498525031E-04
 0.35359948226502E-04
 0.40895677335113E-04
 0.46369750179421E-04
 0.52856469854845E-04
 0.59663438969806E-04
 0.67895441801416E-04
 0.76023323959813E-04
 0.85128838402518E-04
 0.95664608320132E-04
 0.10748423878982E-03
 0.12033341533972E-03
 0.13432466555838E-03
 0.14919846656476E-03
 0.16598403374601E-03
 0.18402502693632E-03
 0.20360991777266E-03
 0.22525465759940E-03
 0.24877785696418E-03
 0.27426573172301E-03
 0.30130193877808E-03
 0.33132030138818E-03
 0.36363477152652E-03
 0.39869184141060E-03
 0.43619783120631E-03
 0.47753415732690E-03
 0.52122364290745E-03
 0.56799332488776E-03
 0.61902086679489E-03
 0.67371542654029E-03
 0.73240007685160E-03
 0.79514395627430E-03
 0.86270532996500E-03
 0.93545644899916E-03
 0.10131342385472E-02
 0.10963406917710E-02
 0.11856588245663E-02
 0.12806449525712E-02
 0.13822073564461E-02
 0.14904833539433E-02
 0.16070812521873E-02
 0.17295384959559E-02
 0.18620043923902E-02
 0.20012646723366E-02
 0.21516292927987E-02
 0.23100866967914E-02
 0.24790409543363E-02
 0.26592194950951E-02
 0.28504624239015E-02
 0.30540462946951E-02
 0.32700597922287E-02
 0.34996137062443E-02
 0.37436054368963E-02
 0.40018843920018E-02
 0.42772314251497E-02
 0.45716941953132E-02
 0.48787863945964E-02
 0.52076242583282E-02
 0.55551983354337E-02
 0.59213651783669E-02
 0.63132745926869E-02
 0.67255751787951E-02
 0.71665422018041E-02
 0.76281263290389E-02
 0.81214572753211E-02
 0.86413787685502E-02
 0.91927095944629E-02
 0.97738555231602E-02
 0.10393235738260E-01
 0.11048368516206E-01
 0.11736516780879E-01
 0.12468344215290E-01
 0.13241000908651E-01
 0.14059943306589E-01
 0.14926934572362E-01
 0.15841228844990E-01
 0.16804323306597E-01
 0.17827701682356E-01
 0.18908784407952E-01
 0.20046469517993E-01
 0.21250966894129E-01
 0.22523781807058E-01
 0.23857227220557E-01
 0.25271608780926E-01
 0.26756987333885E-01
 0.28320298752015E-01
 0.29954156093339E-01
 0.31679449400328E-01
 0.33478458293254E-01
 0.35363041407070E-01
 0.37326882201868E-01
 0.39366011376806E-01
 0.41481232488318E-01
 0.43666901355634E-01
 0.45914473691948E-01
 0.48227273852855E-01
 0.50596208178347E-01
 0.53003110052209E-01
 0.55453668176474E-01
 0.57922760090660E-01
 0.60418033607255E-01
 0.62927046162331E-01
 0.65443487129950E-01
 0.67952453920258E-01
 0.70449274395373E-01
 0.72939446531184E-01
 0.75407265544232E-01
 0.77849351965993E-01
 0.80264207505536E-01
 0.82637219912076E-01
 0.84976864446176E-01
 0.87293428185445E-01
 0.89563379981052E-01
 0.91788626044086E-01
 0.93957826744692E-01
 0.96102125398165E-01
 0.98190140771174E-01
 0.10023837168182E+00
 0.10223386974200E+00
 0.10419945098474E+00
 0.10609773419902E+00
 0.10796573954173E+00
 0.10975519562640E+00
 0.11152942669250E+00
 0.11325142952713E+00
 0.11491870535772E+00
 0.11654986464282E+00
 0.11812884603295E+00
 0.11967733121574E+00
 0.12117446662854E+00
 0.12262563978237E+00
 0.12405049941735E+00
 0.12542670398118E+00
 0.12676672579286E+00
 0.12807407518696E+00
 0.12933874239027E+00
 0.13057655351720E+00
 0.13177586330378E+00
 0.13294425989261E+00
 0.13408400987562E+00
 0.13519543070622E+00
 0.13627741686766E+00
 0.13733188290630E+00
 0.13835857881885E+00
 0.13936146004846E+00
 0.14034036264340E+00
 0.14129750734687E+00
 0.14223072110681E+00
 0.14314215650614E+00
 0.14403485506680E+00
 0.14490641195593E+00
 0.14575885420590E+00
 0.14659134442163E+00
 0.14740902079001E+00
 0.14820858017817E+00
 0.14899082523031E+00
 0.14975779047198E+00
 0.15050884087693E+00
 0.15124624071305E+00
 0.15196873813812E+00
 0.15267715902795E+00
 0.15337224933252E+00
 0.15405484903071E+00
 0.15472459608418E+00
 0.15538235505011E+00
 0.15602826611297E+00
 0.15666273736226E+00
 0.15728620199872E+00
 0.15789987257325E+00
 0.15850117961528E+00
 0.15909378919404E+00
 0.15967580770469E+00
 0.16024923763875E+00
 0.16081300570771E+00
 0.16136711272376E+00
 0.16191242477173E+00
 0.16245092337713E+00
 0.16297902795186E+00
 0.16349963189841E+00
 0.16401241446073E+00
 0.16451757125233E+00
 0.16501566103388E+00
 0.16550820776947E+00
 0.16599149991873E+00
 0.16646701134604E+00
 0.16693603170348E+00
 0.16740131781270E+00
 0.16785567930964E+00
 0.16830584985037E+00
 0.16875027959754E+00
 0.16918685187211E+00
 0.16962058525279E+00
 0.17004561231844E+00
 0.17046718601416E+00
 0.17087892240656E+00
 0.17129039641706E+00
 0.17169431552961E+00
 0.17209283231959E+00
 0.17248715125769E+00
 0.17287307237969E+00
 0.17325775981036E+00
 0.17363704341433E+00
 0.17401812156905E+00
 0.17438466994641E+00
 0.17474871258018E+00
 0.17510973546766E+00
 0.17546850327922E+00
 0.17581840519669E+00
 0.17616527367746E+00
 0.17651075586546E+00
 0.17685271919414E+00
 0.17719062833816E+00
 0.17751736595455E+00
 0.17784834041734E+00
 0.17817156127583E+00
 0.17849649645060E+00
 0.17881260969037E+00
 0.17912534776144E+00
 0.17943707659103E+00
 0.17974266403372E+00
 0.18004773860726E+00
