 0.00000000000000E+00
 0.00000000000000E+00
-0.25697240368075E-26
 0.98706222348402E-26
 0.15418344220845E-26
-0.19405018894771E-25
-0.44529989610858E-24
-0.35228755094507E-23
-0.36724798795437E-22
-0.45328894513225E-22
-0.10748442411091E-20
-0.24553151194664E-20
-0.10507005292296E-19
-0.13296475723879E-19
-0.68013487945177E-19
-0.85520514314952E-19
-0.14675896200047E-18
-0.13968014901853E-19
-0.39494986264997E-18
-0.10482457952498E-17
-0.13151423261437E-17
-0.21520510791443E-17
-0.19575775800912E-17
-0.44224884104637E-17
-0.23765395446550E-17
 0.22375272155205E-17
-0.22004995783843E-17
-0.96812157790075E-17
-0.66157261031165E-17
-0.63126831654898E-17
-0.53504082490553E-17
 0.42096847223511E-06
 0.41129515429652E-06
-0.15353194858525E-06
-0.11300182629440E-06
 0.43980057334795E-06
 0.17016190121238E-05
 0.95687287360063E-06
-0.80538300260347E-06
 0.79161295962528E-07
-0.11183983621793E-05
 0.13287643645083E-05
-0.98247160890390E-06
-0.60989902622908E-07
-0.19191995988758E-05
 0.19133187888948E-05
 0.38181116248932E-06
 0.22202522477772E-06
-0.25242994732930E-05
 0.20972737904630E-05
 0.27249055503809E-06
 0.13949895675239E-05
 0.12042082537392E-05
-0.58730733425412E-06
 0.29260518266915E-06
 0.12041007095732E-05
-0.79662250606523E-06
-0.16823317079226E-06
-0.14698824567843E-05
-0.43484217642642E-06
 0.22098881185502E-06
-0.42549520099018E-07
-0.15216005883198E-05
 0.31088522691510E-07
-0.83196864031710E-06
 0.16127577948876E-05
-0.13697793053911E-05
-0.47665628943435E-08
 0.27745384717301E-06
 0.21994698127267E-06
-0.19478846799959E-05
 0.86827969230614E-07
-0.35822660906286E-06
 0.62386457633378E-06
 0.45685385562559E-06
 0.63837698615780E-06
 0.29854571570324E-06
 0.72290817250988E-06
-0.13452565228141E-05
-0.69465637358063E-06
-0.62986950625134E-06
 0.35946166166204E-06
 0.87300039222680E-06
-0.11295938026707E-05
-0.16516481215007E-05
 0.49574776874649E-07
-0.75892892229353E-06
 0.12693756541657E-06
 0.64026573929284E-06
-0.25873855303241E-05
 0.41805690683328E-06
 0.36599170670102E-07
 0.66042760547351E-06
-0.22248912169333E-05
 0.22535118679830E-05
 0.22556433956391E-05
 0.19072150014781E-06
 0.16101686957626E-06
-0.26515760987145E-05
 0.17128341380248E-05
-0.90937961406422E-06
 0.32554981285618E-07
 0.15479262296310E-05
 0.83929610444954E-06
 0.26726211384030E-05
 0.15600662751564E-06
 0.44640108161194E-05
-0.15848382298437E-05
-0.36763099297593E-05
-0.14025398074593E-05
 0.29072371243780E-05
-0.14548020618243E-05
-0.33380842952089E-05
-0.18995166132830E-05
-0.49107891929627E-06
 0.70216570397168E-06
 0.10886624720764E-04
-0.30634391902419E-05
-0.47595899585521E-05
-0.96798755869455E-07
-0.16450197624257E-05
-0.47582903257652E-05
-0.12114348086574E-05
-0.17697684168291E-05
-0.38000202993213E-07
 0.39065466715269E-05
 0.77201377779639E-05
 0.35225075702998E-05
 0.43241811566676E-05
 0.24949548482992E-05
-0.38269600958030E-05
 0.50331943494609E-05
-0.93287791768926E-05
-0.14959217087253E-04
-0.40048007590667E-05
-0.14023173499802E-04
 0.12754495874985E-04
-0.96656133131259E-05
 0.60175613119024E-05
 0.85067595981134E-05
 0.59300046836130E-05
 0.10224108091914E-06
-0.61236201701057E-05
 0.23013102629498E-04
 0.16839189023261E-04
 0.62838186961395E-05
-0.64640132371966E-05
-0.69350157783754E-05
-0.45566682717613E-05
 0.18905388682260E-04
-0.17266033241606E-04
-0.38990142468774E-05
-0.78974266919634E-05
-0.45706576037362E-05
-0.11478396102258E-04
 0.26222710964178E-05
 0.38622871220944E-05
 0.43332694021245E-04
 0.12812132465412E-04
 0.76205127428826E-06
 0.67401874565046E-05
-0.64721422275600E-04
-0.36363041440656E-05
-0.29241559982131E-04
-0.28497316481029E-06
 0.13821253935135E-04
-0.13982879133659E-04
-0.11921640266519E-04
 0.36733651515858E-05
-0.55908812458133E-04
-0.77834500994525E-05
-0.23656269922363E-04
-0.29641687166658E-04
 0.45093249247783E-05
 0.24115103747382E-04
 0.13276955934558E-04
-0.70579572412248E-04
 0.31463124112807E-05
 0.11062260557040E-04
-0.58731004843016E-04
-0.22348560268142E-04
-0.13208856750785E-03
 0.48929232025561E-05
-0.44938542244077E-04
-0.30771001954745E-04
-0.24906210174361E-04
 0.10321701799634E-04
-0.44478098943918E-04
 0.29866523205172E-04
 0.54512222682234E-05
 0.30861281541141E-04
-0.18221440892714E-04
 0.11075500141718E-03
-0.18564195346307E-04
-0.72451954707625E-04
 0.36705119528205E-04
-0.24061899686375E-04
-0.53242328692085E-04
-0.72773326999116E-04
-0.79177259891019E-04
-0.21393946500791E-04
-0.11519044732353E-03
-0.25144603214390E-04
-0.54409432526642E-04
 0.11174743606120E-04
 0.84962977636301E-05
-0.11714270274660E-04
 0.81285665204005E-05
 0.85224237148181E-04
 0.29019902081558E-04
-0.53917590860463E-05
 0.14969999625862E-05
 0.11170856956965E-05
-0.47597926594042E-04
-0.35871999493187E-04
-0.12632885008079E-04
 0.34586854903400E-04
 0.32145020308645E-04
-0.12493020084930E-04
-0.33874675480348E-04
 0.44358626424364E-04
-0.56401253654806E-05
 0.97014116881146E-05
-0.34937075342937E-06
 0.50716069133601E-06
-0.30526284209048E-05
-0.56459616103771E-06
 0.14777971616472E-05
 0.43602706218845E-05
-0.19171156036062E-06
-0.10454796804426E-04
-0.24613309035656E-05
 0.91231656408249E-05
-0.41415033856230E-05
-0.16349053391025E-06
-0.43723289705839E-06
-0.39980518501015E-05
-0.11056793815095E-05
-0.35944613001981E-06
-0.40596553854235E-05
 0.12970880272897E-05
 0.20283284195816E-06
 0.74240807237271E-06
 0.11377948512309E-05
 0.15052978824959E-05
-0.66920222639531E-06
-0.45264925108357E-05
-0.27371814113299E-05
-0.51027337733801E-05
-0.15452465853092E-05
-0.16890012046333E-05
-0.98021060495245E-05
 0.96476147981035E-06
-0.10232580156478E-04
 0.49567719390344E-05
 0.57302005059480E-05
 0.39041071117091E-05
-0.98051238306250E-06
 0.81512464804485E-05
-0.11619939466064E-04
 0.47314061562042E-05
 0.16045178774571E-04
 0.12208781405639E-04
-0.47046460597645E-05
 0.16526120552178E-06
-0.53778526451300E-05
-0.16130697873525E-04
-0.68029565919999E-06
-0.18632265277113E-04
 0.21085014487855E-05
 0.36455915781339E-06
 0.67820610367691E-06
 0.25711656455009E-04
 0.21294764363831E-05
 0.14138280389521E-05
 0.55277803621823E-07
 0.84616855396109E-05
-0.21862545157981E-04
-0.15665491774369E-04
 0.10155093250543E-04
 0.83979830141543E-06
 0.26960360538477E-04
-0.71054465764924E-06
-0.45740132975581E-05
 0.18612564904821E-04
-0.77435920673307E-05
 0.23198165733048E-04
 0.92498215447466E-05
-0.10223605468041E-04
-0.56202425521184E-05
 0.10153631531969E-04
 0.24452307382065E-04
-0.57598844298139E-05
-0.94792862119990E-05
 0.11923482920745E-04
-0.13772590657429E-04
-0.19573673022848E-04
 0.10080582895187E-06
 0.10260912238155E-04
-0.15020652247711E-04
