 0.00000000000000E+00
 0.00000000000000E+00
-0.37580412829873E-26
 0.11334068065746E-25
 0.37580412829873E-26
-0.44746052282342E-25
-0.84637545223913E-24
-0.16894456725867E-22
-0.14248382508657E-21
-0.72828423851249E-21
-0.32878558153593E-20
-0.81326080609328E-20
-0.39763715037522E-19
-0.90435375250706E-19
-0.22605345331739E-07
-0.16080886910523E-05
 0.46186543874188E-05
 0.16172485795917E-05
-0.32362824491144E-05
 0.46373620617915E-06
 0.26956466803961E-05
-0.37990921578872E-06
-0.19876114114468E-06
-0.11582220449090E-05
 0.24929920302237E-06
-0.20261912598256E-05
-0.14879594751529E-05
-0.70955612593620E-06
 0.13445946862043E-05
-0.94512480724782E-06
 0.24223470637374E-05
-0.19604068682045E-05
 0.53073043381688E-05
-0.30739486793585E-05
 0.44179266313472E-05
-0.28460186844648E-05
 0.27939461325804E-05
-0.78174406224933E-06
-0.62778123873316E-06
 0.40767470601620E-05
-0.10107342707165E-05
 0.63063942522732E-05
-0.10899988537605E-05
 0.12551903276013E-05
 0.25140457932126E-05
-0.20961163233385E-05
-0.30014552699583E-05
 0.38556094611105E-06
 0.25012472324189E-05
-0.10782724599049E-05
-0.36039502247552E-05
 0.81375791592461E-06
 0.30679523111532E-05
-0.68470523225365E-06
 0.47324154243178E-05
 0.75789830622654E-06
 0.12747539110905E-05
-0.53810241175610E-05
 0.32591463723304E-05
 0.30909114721755E-05
-0.10416820331866E-05
 0.75584203134621E-06
 0.23166909515232E-05
 0.19251080505246E-06
 0.35345381539980E-05
 0.15632336601342E-05
 0.34727394784474E-05
 0.52184126251467E-05
-0.38777190914675E-06
 0.70637314858714E-05
 0.85903818926723E-05
 0.15617057086662E-04
 0.61065344762499E-05
 0.13396923979409E-04
 0.14814878366180E-04
 0.16517143762135E-04
 0.17924148262205E-04
 0.25467442631995E-04
 0.23436853143388E-04
 0.28533334769219E-04
 0.44019868538069E-04
 0.41369673276966E-04
 0.49643019983576E-04
 0.51760830202345E-04
 0.64125712910225E-04
 0.59978106264280E-04
 0.74054714788459E-04
 0.93854364642330E-04
 0.10550436041880E-03
 0.11001387877759E-03
 0.11627598798934E-03
 0.12587738786337E-03
 0.15282109057828E-03
 0.16569280003925E-03
 0.18356793948294E-03
 0.20900712355300E-03
 0.22656740480935E-03
 0.24634129900744E-03
 0.26715545172945E-03
 0.31353745392119E-03
 0.33823203253190E-03
 0.36943548360052E-03
 0.40164181692714E-03
 0.44587830673053E-03
 0.47103584896666E-03
 0.51410045938436E-03
 0.58471771936119E-03
 0.62543672481373E-03
 0.68589244362809E-03
 0.74350790065949E-03
 0.82676297293947E-03
 0.89890646771325E-03
 0.94811964778848E-03
 0.10298209354957E-02
 0.11136576050622E-02
 0.11832290530180E-02
 0.12846319160191E-02
 0.13844784601379E-02
 0.15059006642412E-02
 0.15701071210286E-02
 0.17381606139048E-02
 0.18406506529319E-02
 0.20378368249734E-02
 0.21193753818347E-02
 0.23232324735674E-02
 0.25038848704036E-02
 0.26842812550665E-02
 0.28802789668977E-02
 0.30712347284089E-02
 0.33306040972906E-02
 0.35589180596249E-02
 0.37944944567295E-02
 0.40549034562442E-02
 0.43010574293919E-02
 0.44388898797765E-02
 0.48803625027977E-02
 0.51682821248634E-02
 0.55172686906797E-02
 0.60309345973051E-02
 0.63329907444299E-02
 0.68518824871073E-02
 0.71349623727035E-02
 0.77670432382314E-02
 0.81220733570073E-02
 0.86517510026555E-02
 0.92386016159806E-02
 0.99657303753689E-02
 0.10406712449288E-01
 0.10932266794208E-01
 0.11820121470227E-01
 0.12427407111352E-01
 0.13367756643833E-01
 0.14075446103729E-01
 0.14753849328002E-01
 0.15647773201786E-01
 0.16940137087504E-01
 0.17683283684230E-01
 0.18639866793539E-01
 0.19838339113174E-01
 0.20929387377168E-01
 0.21879893796453E-01
 0.23450916149825E-01
 0.24430514473369E-01
 0.25772299277769E-01
 0.26914888728371E-01
 0.28919282824133E-01
 0.29832228783125E-01
 0.31459401653814E-01
 0.32549389870567E-01
 0.33736636844803E-01
 0.35013406518670E-01
 0.36296078651883E-01
 0.37557708995572E-01
 0.39094978546963E-01
 0.40058433879027E-01
 0.40403305979329E-01
 0.41528600534412E-01
 0.41857342221745E-01
 0.42957342793384E-01
 0.43556620342233E-01
 0.43959681246847E-01
 0.43821667614941E-01
 0.44237411130443E-01
 0.44696663127805E-01
 0.44619819817368E-01
 0.44399560500502E-01
 0.44325849213045E-01
 0.44091164438795E-01
 0.44779449879641E-01
 0.45269836115342E-01
 0.43866380956179E-01
 0.43556132907515E-01
 0.43080846674524E-01
 0.44109881637654E-01
 0.43373387198889E-01
 0.43489708587271E-01
 0.42979128516031E-01
 0.42557220254641E-01
 0.40854471933449E-01
 0.41398017338551E-01
 0.38982478413701E-01
 0.40966573062317E-01
 0.40827737808671E-01
 0.39305888866028E-01
 0.39112277063781E-01
 0.38400069671140E-01
 0.38564459885448E-01
 0.37004370305882E-01
 0.36591017736067E-01
 0.36850685756692E-01
 0.35129062460881E-01
 0.35020568336205E-01
 0.34634666130364E-01
 0.33623999689444E-01
 0.33688300907694E-01
 0.32528445042934E-01
 0.32646187940623E-01
 0.32270997517099E-01
 0.31719667783000E-01
 0.31287583104266E-01
 0.30747569296935E-01
 0.30313235175964E-01
 0.30206571887753E-01
 0.30029916621717E-01
 0.29602231834623E-01
 0.29045235541015E-01
 0.28670314364313E-01
 0.28626417006592E-01
 0.27948631692610E-01
 0.27836872821681E-01
 0.27537914842053E-01
 0.27537621740698E-01
 0.27016713500072E-01
 0.26691065726567E-01
 0.26619066991143E-01
 0.26380912701592E-01
 0.26275138571480E-01
 0.25934674525318E-01
 0.25711854409989E-01
 0.25591119762249E-01
 0.25391505216591E-01
 0.25190226971239E-01
 0.25033116646820E-01
 0.24855078517760E-01
 0.24672195968614E-01
 0.24560881029385E-01
 0.24429836206070E-01
 0.24097833658247E-01
 0.24147937479304E-01
 0.23994307608608E-01
 0.23891163377968E-01
 0.23684448984223E-01
 0.23549714790290E-01
 0.23505905265403E-01
 0.23560826214938E-01
 0.23200794855012E-01
 0.23314765248805E-01
 0.23180934568128E-01
 0.23098608657530E-01
 0.23235041872058E-01
 0.22913895007452E-01
 0.22482859125043E-01
 0.22396327611205E-01
 0.22448567581485E-01
 0.22517952625354E-01
 0.21790950382050E-01
 0.22320383232668E-01
 0.22329875697033E-01
 0.22044857442763E-01
 0.22250377630833E-01
 0.21671052041483E-01
 0.21980705564404E-01
 0.21503683981104E-01
 0.22159971765158E-01
 0.21594158985292E-01
 0.21741001200832E-01
 0.21711164112321E-01
 0.21407757685576E-01
 0.22360233279165E-01
 0.21952312442677E-01
 0.21892685592220E-01
 0.20318873683109E-01
 0.21157156634402E-01
 0.21189381161808E-01
 0.21237396868345E-01
 0.20576987138226E-01
 0.21253386592222E-01
 0.21504052260290E-01
 0.21184423681895E-01
 0.20718442794368E-01
 0.20058376531931E-01
 0.21497359211997E-01
 0.20943398741546E-01
 0.21232733193440E-01
 0.19786875051392E-01
 0.20467766826936E-01
 0.20467281092980E-01
 0.20560520891175E-01
 0.20521030039593E-01
 0.20041003147989E-01
