 0.00000000000000E+00
 0.00000000000000E+00
-0.19327202798792E-25
-0.81536636807405E-26
 0.12758559762187E-25
 0.94681577755881E-25
 0.59515147578715E-24
 0.84431645485061E-23
 0.12439621505564E-21
 0.30740623991716E-21
-0.19770078239601E-20
-0.16827801076582E-11
 0.41717470625559E-08
-0.62328442665083E-05
-0.11919314670434E-05
 0.63740511229195E-05
 0.37196352040787E-05
 0.24700579114133E-05
-0.16854281575538E-06
-0.43342988495929E-06
 0.58862762611086E-06
-0.14446298507838E-06
-0.30606800084260E-06
-0.38315879923722E-06
-0.41476680742054E-06
 0.60055570720201E-06
-0.49350335307007E-06
 0.41285139376466E-06
 0.73515166411065E-06
-0.38327645414937E-06
 0.61969040884736E-06
 0.62907604114714E-06
 0.21652541858036E-06
-0.19641883947797E-06
-0.69991156743699E-07
-0.19811241478528E-06
 0.52358601212025E-08
 0.45993008832120E-06
-0.10887305746799E-07
 0.11171291780186E-06
-0.56106874629172E-07
-0.21165698777484E-06
 0.22185935721449E-06
 0.36847486984498E-07
-0.25892425987391E-06
 0.51554661445387E-07
-0.28895327685659E-07
 0.20090906521464E-06
 0.33250045300808E-06
 0.34520680358481E-06
 0.46362645186310E-06
 0.63452487599528E-06
 0.70965084550874E-06
 0.92033000557734E-06
 0.12440203387562E-05
 0.16110040058126E-05
 0.19623051966809E-05
 0.24348947396150E-05
 0.27894480361487E-05
 0.34271887086992E-05
 0.42488064285454E-05
 0.49955216127936E-05
 0.60738222295745E-05
 0.73359663182776E-05
 0.86686824619156E-05
 0.10257501429525E-04
 0.12043768559212E-04
 0.14113978444876E-04
 0.16535877872998E-04
 0.19017864949745E-04
 0.22084405121220E-04
 0.25378027145512E-04
 0.29211226119167E-04
 0.33368122320672E-04
 0.38082616549695E-04
 0.43309245234123E-04
 0.48990210002589E-04
 0.55374797560023E-04
 0.62341556359980E-04
 0.70095120597179E-04
 0.78513035318693E-04
 0.87857606789608E-04
 0.97863534910620E-04
 0.10886172915159E-03
 0.12094247078670E-03
 0.13417325553875E-03
 0.14830119618565E-03
 0.16373774218993E-03
 0.18050874100803E-03
 0.19855554012885E-03
 0.21800247921462E-03
 0.23892982765615E-03
 0.26156409497986E-03
 0.28586248717113E-03
 0.31197019463414E-03
 0.34008302356163E-03
 0.37004486102954E-03
 0.40219541918733E-03
 0.43648846411092E-03
 0.47329913975641E-03
 0.51256361140896E-03
 0.55440205400016E-03
 0.59888382785024E-03
 0.64648078943006E-03
 0.69710267981553E-03
 0.75087766894265E-03
 0.80799269079227E-03
 0.86877705368192E-03
 0.93319206718157E-03
 0.10015531286629E-02
 0.10739814169676E-02
 0.11510443408356E-02
 0.12322515351571E-02
 0.13185407574114E-02
 0.14097211289763E-02
 0.15060801323560E-02
 0.16078777124969E-02
 0.17155559488191E-02
 0.18292217566806E-02
 0.19494929724126E-02
 0.20762304296801E-02
 0.22101365296303E-02
 0.23514116289240E-02
 0.25000914856703E-02
 0.26570426714804E-02
 0.28223722346481E-02
 0.29964055130590E-02
 0.31798701773732E-02
 0.33734934689936E-02
 0.35771998841898E-02
 0.37912680936547E-02
 0.40169796495150E-02
 0.42543969170768E-02
 0.45044502363674E-02
 0.47672172008543E-02
 0.50437245765361E-02
 0.53345848989903E-02
 0.56405693967243E-02
 0.59622393691645E-02
 0.63003745274232E-02
 0.66565169887272E-02
 0.70304731265234E-02
 0.74232917297991E-02
 0.78370450498578E-02
 0.82716273095978E-02
 0.87285248450544E-02
 0.92087812408778E-02
 0.97139363002574E-02
 0.10244376821083E-01
 0.10802286356877E-01
 0.11388414139894E-01
 0.12004493997325E-01
 0.12651773647082E-01
 0.13332021924820E-01
 0.14046607950121E-01
 0.14798426580945E-01
 0.15586977630950E-01
 0.16414645313240E-01
 0.17283577154582E-01
 0.18195770752093E-01
 0.19152136505658E-01
 0.20153609472206E-01
 0.21201937118488E-01
 0.22297732283766E-01
 0.23442611193381E-01
 0.24636227149301E-01
 0.25878174093669E-01
 0.27166919395967E-01
 0.28502671506691E-01
 0.29882431575712E-01
 0.31302532943693E-01
 0.32759488124630E-01
 0.34248064663768E-01
 0.35763922008071E-01
 0.37301373132493E-01
 0.38853406709124E-01
 0.40415363149833E-01
 0.41978094402307E-01
 0.43537623496120E-01
 0.45086287694107E-01
 0.46619634058449E-01
 0.48130855696606E-01
 0.49616095076788E-01
 0.51071053744726E-01
 0.52491249096833E-01
 0.53873735456314E-01
 0.55215873056495E-01
 0.56515072754513E-01
 0.57769194435115E-01
 0.58976861611115E-01
 0.60137181777000E-01
 0.61249122358103E-01
 0.62312559998639E-01
 0.63327356342803E-01
 0.64293534161223E-01
 0.65212398348352E-01
 0.66084466431879E-01
 0.66911356905148E-01
 0.67692808704490E-01
 0.68431355178525E-01
 0.69128548275310E-01
 0.69785801947556E-01
 0.70405518391241E-01
 0.70986928613584E-01
 0.71533405090776E-01
 0.72046847607278E-01
 0.72528416798671E-01
 0.72980668297918E-01
 0.73404077168533E-01
 0.73800684682632E-01
 0.74171740366198E-01
 0.74519113605717E-01
 0.74842585075307E-01
 0.75145530148476E-01
 0.75426715149966E-01
 0.75690161299577E-01
 0.75933959640013E-01
 0.76160222623566E-01
 0.76371196812464E-01
 0.76565226103443E-01
 0.76745061072210E-01
 0.76911106495055E-01
 0.77063977371829E-01
 0.77204109841267E-01
 0.77331625959526E-01
 0.77447974445093E-01
 0.77553918572691E-01
 0.77648969574714E-01
 0.77734362920791E-01
 0.77809904612809E-01
 0.77876837410586E-01
 0.77935623381599E-01
 0.77985728134793E-01
 0.78028182932871E-01
 0.78062545459565E-01
 0.78091466484051E-01
 0.78112953218409E-01
 0.78126811836951E-01
 0.78136368228275E-01
 0.78138392263512E-01
 0.78135232994800E-01
 0.78126357346119E-01
 0.78113167666684E-01
 0.78093960729200E-01
 0.78070472428037E-01
 0.78042474061277E-01
 0.78009932619273E-01
 0.77972035430520E-01
 0.77931954386011E-01
 0.77887030919331E-01
 0.77839083246305E-01
 0.77786682950303E-01
 0.77731710860294E-01
 0.77672292947873E-01
 0.77610260948128E-01
 0.77545934496321E-01
 0.77477443087807E-01
 0.77406669171012E-01
 0.77333127894923E-01
 0.77257320754182E-01
 0.77178555543435E-01
 0.77097263616075E-01
 0.77014400574487E-01
 0.76928839449742E-01
 0.76841497123529E-01
 0.76751626434610E-01
 0.76660123323889E-01
 0.76567075525239E-01
 0.76471846337664E-01
 0.76374542928002E-01
 0.76276001382541E-01
 0.76175304126107E-01
 0.76073759779823E-01
 0.75970711437080E-01
 0.75865745590395E-01
 0.75759798142728E-01
 0.75652999225026E-01
 0.75544402196384E-01
 0.75434416389678E-01
 0.75323202675842E-01
 0.75211765892608E-01
 0.75098921647734E-01
 0.74984938759961E-01
 0.74869666265802E-01
 0.74754102297725E-01
 0.74637273994768E-01
 0.74519734807594E-01
 0.74401092568318E-01
 0.74282026879438E-01
 0.74162613043603E-01
 0.74041182357166E-01
 0.73920753055643E-01
 0.73798484266034E-01
 0.73676043002561E-01
 0.73553104564459E-01
 0.73429844003981E-01
 0.73305896887385E-01
 0.73181379525533E-01
 0.73056555174402E-01
 0.72931063715304E-01
