 0.00000000000000E+00
 0.00000000000000E+00
-0.30979117331062E-25
-0.17425753498722E-25
 0.82675467258972E-25
 0.21214232702617E-24
 0.55246861230011E-23
 0.74978303204796E-22
 0.52585442719657E-21
 0.26441855132715E-20
 0.77655389188463E-20
 0.15964612938009E-11
 0.10566312576340E-05
-0.67510498670174E-06
-0.16407806924031E-05
 0.48278240064949E-05
 0.35932498221831E-05
-0.22779693329270E-05
 0.49052452429391E-06
 0.11237456485758E-06
-0.67431767967152E-06
-0.38671540375221E-06
-0.96018193788446E-06
-0.52663156762093E-06
-0.54788064183298E-06
 0.14456768852949E-05
-0.34907082842867E-06
-0.50903709939893E-06
-0.33227556709469E-06
 0.20966004201804E-06
-0.12270349484811E-07
-0.24771146604918E-06
 0.53610333628217E-06
-0.37392770983049E-06
-0.35516468926501E-06
-0.15472925047650E-06
 0.48178377446883E-07
-0.25759898046016E-06
-0.48712116081315E-06
 0.68227589962111E-08
-0.24629361658392E-06
-0.44197172545344E-06
 0.69831273090123E-06
 0.53303710580482E-06
-0.10524578163423E-06
 0.60571048368404E-06
 0.96602647332434E-07
 0.27580901767980E-06
 0.57402503452085E-06
 0.69502831526660E-07
-0.54516960120078E-07
 0.72750544487134E-06
 0.49683126955765E-06
 0.75245227687029E-06
 0.12248090785876E-05
 0.13553326285965E-05
 0.21715378914571E-05
 0.22033877017870E-05
 0.26338076670105E-05
 0.35566302048925E-05
 0.44211358904370E-05
 0.55109644419479E-05
 0.64039401566762E-05
 0.75932521232242E-05
 0.89371118430394E-05
 0.10555528538166E-04
 0.12618145942171E-04
 0.15155195820639E-04
 0.17266649157759E-04
 0.20352668734429E-04
 0.23645717080313E-04
 0.27195062344414E-04
 0.31133363114557E-04
 0.36003009829581E-04
 0.41257158556572E-04
 0.47117901289723E-04
 0.53470562900726E-04
 0.60635071562549E-04
 0.68388824394193E-04
 0.77332285601426E-04
 0.86861768429973E-04
 0.97535518670631E-04
 0.10889427371695E-03
 0.12154399881255E-03
 0.13615133548673E-03
 0.15145980734470E-03
 0.16787273813716E-03
 0.18641406327592E-03
 0.20600941689568E-03
 0.22738598799808E-03
 0.25106977360728E-03
 0.27605073113595E-03
 0.30400221269465E-03
 0.33313390957589E-03
 0.36501507646533E-03
 0.39955911741081E-03
 0.43673961212459E-03
 0.47627459883688E-03
 0.51939362289396E-03
 0.56601062711049E-03
 0.61553016851248E-03
 0.66886627947385E-03
 0.72599658751387E-03
 0.78659738537379E-03
 0.85239552679264E-03
 0.92270579248750E-03
 0.99708174319848E-03
 0.10766835055135E-02
 0.11620884213017E-02
 0.12522086614819E-02
 0.13498034665431E-02
 0.14530010408663E-02
 0.15627663041658E-02
 0.16793781713343E-02
 0.18036243651573E-02
 0.19363171641430E-02
 0.20765887001478E-02
 0.22260804259297E-02
 0.23850349719609E-02
 0.25527783136443E-02
 0.27315852716265E-02
 0.29205952690808E-02
 0.31223654532711E-02
 0.33363269962280E-02
 0.35616069939799E-02
 0.38009220635671E-02
 0.40545203556713E-02
 0.43225638111921E-02
 0.46081280258583E-02
 0.49083456198252E-02
 0.52274775903658E-02
 0.55639192028054E-02
 0.59211618979224E-02
 0.62980594044678E-02
 0.66959019908562E-02
 0.71189113499558E-02
 0.75635753534031E-02
 0.80340402953448E-02
 0.85326822643153E-02
 0.90577077032255E-02
 0.96137618817152E-02
 0.10201798743531E-01
 0.10821387771788E-01
 0.11474728914918E-01
 0.12167290859262E-01
 0.12898062759024E-01
 0.13667289415864E-01
 0.14483887474027E-01
 0.15344274654915E-01
 0.16248886390227E-01
 0.17207742233474E-01
 0.18220462207234E-01
 0.19289451879183E-01
 0.20413695217513E-01
 0.21598466292766E-01
 0.22850902775181E-01
 0.24168098333721E-01
 0.25559290559460E-01
 0.27020666330313E-01
 0.28560731410211E-01
 0.30178088158775E-01
 0.31873826328140E-01
 0.33655866743932E-01
 0.35522461435759E-01
 0.37473476472941E-01
 0.39510884868115E-01
 0.41626661766736E-01
 0.43828903638399E-01
 0.46109175561978E-01
 0.48463876276545E-01
 0.50883297493893E-01
 0.53371104885367E-01
 0.55908255892136E-01
 0.58487317286072E-01
 0.61106318638312E-01
 0.63757052165918E-01
 0.66421478143034E-01
 0.69098032997721E-01
 0.71769949188081E-01
 0.74441756237502E-01
 0.77090048236042E-01
 0.79719582458867E-01
 0.82315576373710E-01
 0.84877865778244E-01
 0.87397263533595E-01
 0.89868255806871E-01
 0.92289049113184E-01
 0.94651302232673E-01
 0.96957862738801E-01
 0.99202123037055E-01
 0.10138340982403E+00
 0.10350171272927E+00
 0.10555583950512E+00
 0.10754073150589E+00
 0.10946757390532E+00
 0.11133270771875E+00
 0.11313573400043E+00
 0.11487009865029E+00
 0.11655694507850E+00
 0.11818427929876E+00
 0.11975835619204E+00
 0.12128147654987E+00
 0.12274762648940E+00
 0.12417105207154E+00
 0.12555207706067E+00
 0.12689030923333E+00
 0.12818920726563E+00
 0.12945092096582E+00
 0.13067570631815E+00
 0.13186354218283E+00
 0.13302141806364E+00
 0.13414265738072E+00
 0.13523681419838E+00
 0.13630268006323E+00
 0.13734133896162E+00
 0.13835460923051E+00
 0.13934170282506E+00
 0.14030478104770E+00
 0.14125068146787E+00
 0.14216693804898E+00
 0.14306303585262E+00
 0.14394037110162E+00
 0.14480213459358E+00
 0.14564208550957E+00
 0.14646896196311E+00
 0.14726822425522E+00
 0.14806334713789E+00
 0.14883691114524E+00
 0.14958821548823E+00
 0.15033780743484E+00
 0.15106914803388E+00
 0.15178184314327E+00
 0.15248271247522E+00
 0.15317644543231E+00
 0.15384958734821E+00
 0.15451474523973E+00
 0.15517069875742E+00
 0.15580722011120E+00
 0.15644345268006E+00
 0.15706182131199E+00
 0.15767037025545E+00
 0.15827732016113E+00
 0.15886231731920E+00
 0.15944340421636E+00
 0.16001514673200E+00
 0.16057838418400E+00
 0.16112296876757E+00
 0.16166902004218E+00
 0.16221539904340E+00
 0.16274146721388E+00
 0.16325574254206E+00
 0.16377463872633E+00
 0.16427475302398E+00
 0.16477170970490E+00
 0.16526168604689E+00
 0.16574442685864E+00
 0.16622656951826E+00
 0.16669006843558E+00
 0.16715846258854E+00
 0.16761972842004E+00
 0.16807274066795E+00
 0.16850666220640E+00
 0.16895229961472E+00
 0.16938547532375E+00
 0.16981135086355E+00
 0.17023511360132E+00
 0.17064932508608E+00
 0.17106364568501E+00
 0.17147007364398E+00
 0.17186840084149E+00
 0.17225822519972E+00
 0.17265730581469E+00
 0.17303831430446E+00
 0.17342207116989E+00
 0.17379254049590E+00
 0.17417442240247E+00
 0.17453144044142E+00
 0.17489544079999E+00
 0.17525632927033E+00
 0.17561749702728E+00
 0.17596133847267E+00
 0.17630456680886E+00
 0.17664891948631E+00
 0.17698803593771E+00
 0.17732395329391E+00
 0.17765294256292E+00
 0.17797888424009E+00
 0.17830278682220E+00
 0.17861404022790E+00
 0.17893773281887E+00
 0.17925415275344E+00
 0.17956449898103E+00
 0.17986774940294E+00
 0.18016831820922E+00
 0.18046622274605E+00
 0.18076500168092E+00
 0.18106076733926E+00
 0.18134244687712E+00
 0.18163987286120E+00
 0.18191781516030E+00
