 0.00000000000000E+00
 0.00000000000000E+00
 0.93951032074683E-27
 0.93951032074683E-27
-0.68705294621486E-26
-0.24955238556475E-25
-0.90952899016771E-24
-0.15591251008612E-22
-0.14369259560692E-21
-0.89025948823975E-21
-0.31935717147718E-20
-0.10826094764827E-11
-0.87892067235363E-06
 0.77943724501455E-06
 0.11177921868970E-05
-0.41437227631341E-05
-0.33844051228034E-05
 0.28948873379483E-05
-0.43819790093467E-06
-0.10088186958574E-05
 0.15171954693401E-05
 0.54706349686667E-06
 0.53459200268557E-06
 0.87401473328179E-06
 0.14117472948390E-05
-0.28629847440820E-05
-0.49652385042664E-07
 0.16609322474661E-05
-0.18070562032790E-06
-0.12693301625411E-05
-0.52801117224461E-06
 0.20039945517536E-05
-0.16763064097751E-05
 0.20287703458369E-05
 0.12569086834772E-05
 0.12649427174590E-06
 0.23710982181640E-06
 0.94816112427188E-06
 0.32120380699342E-05
 0.65266556995906E-06
 0.18010173677599E-05
 0.29979076387146E-05
-0.32146833857213E-05
-0.24808897931952E-05
 0.10631152213576E-05
-0.35010291816324E-05
 0.52573032119053E-06
-0.11010403483373E-05
-0.20142386664072E-05
 0.25288378876140E-05
 0.54944458332911E-05
-0.93047514787881E-06
 0.38003279797889E-05
 0.31533951559633E-05
 0.11170705327701E-05
 0.33967853606272E-05
-0.24899500853866E-06
 0.50575355030272E-05
 0.77247920976704E-05
 0.48701829459319E-05
 0.37018103786758E-05
 0.36547368423312E-05
 0.56746001388975E-05
 0.82786898943952E-05
 0.12434235393509E-04
 0.14759819351172E-04
 0.14191822629517E-04
 0.11837345656542E-04
 0.21178302522338E-04
 0.19680457012647E-04
 0.22607981879765E-04
 0.26926033532555E-04
 0.35995725378841E-04
 0.36322671302446E-04
 0.40714512180474E-04
 0.43749905150529E-04
 0.52539330136827E-04
 0.57476751613234E-04
 0.71175439000497E-04
 0.74364367056277E-04
 0.84589298513112E-04
 0.94330593021333E-04
 0.11270830453458E-03
 0.12938792742223E-03
 0.13223593821483E-03
 0.14962810553266E-03
 0.17168934266711E-03
 0.17947803034894E-03
 0.20466119477983E-03
 0.23046942687143E-03
 0.24717976662780E-03
 0.27919223426774E-03
 0.29115024463243E-03
 0.33476475944345E-03
 0.37052146509272E-03
 0.40901116358772E-03
 0.43975901814580E-03
 0.49716443538049E-03
 0.53578202322008E-03
 0.57157260899657E-03
 0.62100910486033E-03
 0.66850393495265E-03
 0.72708035054006E-03
 0.80343694341165E-03
 0.85793681138580E-03
 0.91124309274247E-03
 0.10002657792792E-02
 0.10850921005161E-02
 0.11615697041757E-02
 0.12890771644943E-02
 0.13451869798724E-02
 0.14512848950118E-02
 0.15714622743173E-02
 0.16998755219084E-02
 0.18375477672377E-02
 0.19589051370065E-02
 0.21072817451146E-02
 0.22469116476330E-02
 0.24097275156782E-02
 0.26070785406133E-02
 0.27925036427228E-02
 0.30296736576786E-02
 0.31995092170606E-02
 0.33666221770442E-02
 0.36416993655266E-02
 0.38872067059448E-02
 0.41534794683292E-02
 0.44658744641335E-02
 0.46892336516006E-02
 0.50652373877041E-02
 0.53622002683051E-02
 0.57371618341262E-02
 0.60704605609376E-02
 0.64586449680373E-02
 0.69232067280062E-02
 0.72896902009434E-02
 0.77864014930777E-02
 0.83071661521939E-02
 0.87843493551053E-02
 0.93896464597826E-02
 0.99498430120106E-02
 0.10457606276354E-01
 0.11194156590548E-01
 0.11958704719374E-01
 0.12657669863813E-01
 0.13433200483970E-01
 0.14440213056412E-01
 0.15100171529126E-01
 0.15959151811117E-01
 0.17123094137327E-01
 0.18086539675797E-01
 0.19026958115548E-01
 0.20003624114844E-01
 0.21305882308164E-01
 0.22619122137205E-01
 0.23801434199686E-01
 0.25222582335066E-01
 0.26400002504997E-01
 0.27937576508443E-01
 0.29284068969756E-01
 0.30894455356962E-01
 0.32628779953745E-01
 0.34045259366435E-01
 0.35725230709993E-01
 0.37295863317059E-01
 0.38528113929322E-01
 0.40365369973200E-01
 0.41918556538444E-01
 0.43233205993602E-01
 0.44476461824266E-01
 0.45970588140522E-01
 0.46846929668106E-01
 0.47837493380742E-01
 0.49228910133407E-01
 0.50075611908741E-01
 0.50447692259589E-01
 0.51073716725556E-01
 0.51516854013193E-01
 0.52032717806674E-01
 0.51705691878185E-01
 0.52175787603758E-01
 0.51878256298231E-01
 0.51943472379513E-01
 0.51477329734827E-01
 0.50950705036350E-01
 0.50385827320418E-01
 0.49563098254807E-01
 0.49079880344678E-01
 0.48191110778300E-01
 0.47307449453837E-01
 0.46422415801797E-01
 0.45367114356964E-01
 0.44137666549898E-01
 0.43647509548708E-01
 0.42314251185055E-01
 0.41061869267728E-01
 0.39787715495341E-01
 0.39756293075765E-01
 0.38386486163379E-01
 0.37335838776107E-01
 0.36366779968379E-01
 0.35175237605425E-01
 0.35136021901255E-01
 0.34490415256384E-01
 0.33905855261254E-01
 0.33450214397368E-01
 0.32716468406095E-01
 0.32036158573574E-01
 0.31363201034752E-01
 0.30867238203991E-01
 0.30217907010438E-01
 0.30225142571134E-01
 0.29806668060271E-01
 0.29265470203631E-01
 0.28863943809925E-01
 0.28326213622484E-01
 0.27892471972191E-01
 0.27714645445875E-01
 0.26706995188082E-01
 0.26979600034126E-01
 0.27115320681570E-01
 0.26966033543448E-01
 0.26452118851944E-01
 0.26207844580843E-01
 0.25571002438487E-01
 0.26438543661662E-01
 0.25167368899699E-01
 0.25038460890572E-01
 0.26270529515086E-01
 0.24911941149070E-01
 0.24396876352077E-01
 0.24749272584119E-01
 0.24913805521933E-01
 0.23784238107001E-01
 0.24374339730559E-01
 0.24069906886924E-01
 0.23490286218934E-01
 0.24208037069046E-01
 0.23278353216139E-01
 0.23371472609161E-01
 0.23504058474847E-01
 0.21874494918607E-01
 0.22863178262512E-01
 0.22764071027401E-01
 0.22773012803646E-01
 0.22183787191911E-01
 0.23860420967706E-01
 0.23604175973507E-01
 0.21820361130885E-01
 0.21869559711555E-01
 0.23240792530301E-01
 0.21825600420773E-01
 0.22396577071740E-01
 0.22628680598371E-01
 0.22802723553014E-01
 0.23159856271282E-01
 0.21967024856737E-01
 0.23434635836455E-01
 0.21863835877404E-01
 0.21533489932129E-01
 0.20514647597335E-01
 0.23868576537357E-01
 0.21444107798462E-01
 0.21630053988982E-01
 0.22358754204171E-01
 0.21192879853788E-01
 0.21783501239944E-01
 0.21147282025710E-01
 0.20859134022138E-01
 0.21176267440593E-01
 0.22520583501807E-01
 0.20753488294572E-01
 0.21624488274038E-01
 0.20886496057601E-01
 0.22301306421851E-01
 0.19834961420746E-01
 0.22204387374017E-01
 0.22179828227700E-01
 0.21214036483981E-01
 0.19690414424931E-01
 0.21414983038905E-01
 0.22180550797165E-01
 0.21099764765604E-01
 0.20821878375994E-01
 0.20479857871913E-01
 0.20986573884838E-01
 0.20818129091143E-01
 0.20790514168855E-01
 0.22793218728231E-01
 0.20480326149657E-01
 0.19810753628197E-01
 0.19591145940766E-01
 0.20523378543963E-01
 0.20587875020201E-01
 0.20973042984724E-01
 0.20229644850796E-01
 0.19266660554682E-01
 0.21345588938052E-01
 0.18435299816953E-01
 0.20119154045510E-01
