 0.00000000000000E+00
 0.00000000000000E+00
 0.00000000000000E+00
-0.13940602798978E-24
-0.56822122159688E-24
-0.39459807055339E-24
 0.45520335670132E-25
 0.38966142520750E-23
 0.46414547088727E-22
 0.27814116587705E-21
-0.40231003445601E-11
-0.95719741114959E-12
-0.10358245201067E-10
 0.20779970883860E-10
-0.41613524204251E-12
 0.12627489951323E-11
-0.15900025415619E-10
 0.71986599085804E-11
 0.28716499904224E-11
-0.13932296324603E-10
-0.18481583016161E-10
 0.46830007998746E-11
 0.14932982831669E-10
-0.82195283701238E-10
 0.26445905325994E-09
 0.59223254593049E-09
-0.24826039196468E-08
 0.79081473788443E-09
-0.12014031180008E-08
-0.96026240845678E-10
 0.51370477321176E-09
 0.45770130606037E-09
 0.94939617995966E-09
 0.15198644137740E-08
 0.26590013925651E-08
 0.45077702051163E-08
 0.74295663707847E-08
 0.11906927574831E-07
 0.18642833220877E-07
 0.28508974204535E-07
 0.42690855435337E-07
 0.62702862507111E-07
 0.90436097748415E-07
 0.12825900375953E-06
 0.17907541109542E-06
 0.24640924625800E-06
 0.33446158569217E-06
 0.44822941907517E-06
 0.59357621674865E-06
 0.77729245829056E-06
 0.10072398141131E-05
 0.12923877352809E-05
 0.16413274466433E-05
 0.20704357247844E-05
 0.25877899169769E-05
 0.32093056415166E-05
 0.39510165232072E-05
 0.48304404067488E-05
 0.58647220111977E-05
 0.70818771005593E-05
 0.84954003815090E-05
 0.10141058133429E-04
 0.12037012764063E-04
 0.14217112257526E-04
 0.16708596621347E-04
 0.19550049933864E-04
 0.22777402224328E-04
 0.26424946117979E-04
 0.30537382985670E-04
 0.35158205839583E-04
 0.40331493702033E-04
 0.46115347841310E-04
 0.52547440031130E-04
 0.59703002205483E-04
 0.67616301074327E-04
 0.76474795161061E-04
 0.85913756662911E-04
 0.96668811151049E-04
 0.10846341124809E-03
 0.12103332525849E-03
 0.13477325754682E-03
 0.14995462663962E-03
 0.16676935864650E-03
 0.18523675354442E-03
 0.20479569465311E-03
 0.22578828957604E-03
 0.24911484527598E-03
 0.27398017478246E-03
 0.30095090858171E-03
 0.33004685274672E-03
 0.36140409399893E-03
 0.39516557426935E-03
 0.43146552816866E-03
 0.47044774273667E-03
 0.51227912967566E-03
 0.55712776001298E-03
 0.60516398064602E-03
 0.65657164395088E-03
 0.71153127987896E-03
 0.77026250948303E-03
 0.83295279366698E-03
 0.89983014489818E-03
 0.97112632555004E-03
 0.10470822454082E-02
 0.11279588081926E-02
 0.12140045194053E-02
 0.13055090202367E-02
 0.14027586177381E-02
 0.15060504643581E-02
 0.16157081654962E-02
 0.17320906424657E-02
 0.18554955804135E-02
 0.19863561526817E-02
 0.21250191861743E-02
 0.22718995244442E-02
 0.24274220777186E-02
 0.25920330242609E-02
 0.27661875415948E-02
 0.29504112405235E-02
 0.31451699418621E-02
 0.33510225323588E-02
 0.35685838227679E-02
 0.37983785700755E-02
 0.40409398071272E-02
 0.42970973834206E-02
 0.45679009949387E-02
 0.48533739228417E-02
 0.51541028929625E-02
 0.54711766573122E-02
 0.58059679382107E-02
 0.61595196307700E-02
 0.65326105907262E-02
 0.69247345572161E-02
 0.73375052039877E-02
 0.77732852960780E-02
 0.82321011839287E-02
 0.87154090246122E-02
 0.92243998868414E-02
 0.97602498424212E-02
 0.10324467519425E-01
 0.10918383240834E-01
 0.11543443019895E-01
 0.12201285035481E-01
 0.12893563019170E-01
 0.13621782919931E-01
 0.14387889353271E-01
 0.15193632931562E-01
 0.16040894585101E-01
 0.16931738987778E-01
 0.17868292871027E-01
 0.18852414360193E-01
 0.19886776131726E-01
 0.20972201697168E-01
 0.22113053084852E-01
 0.23310481851510E-01
 0.24565943263287E-01
 0.25881179512198E-01
 0.27260493071992E-01
 0.28706248413818E-01
 0.30218282993105E-01
 0.31795344037059E-01
 0.33443928102102E-01
 0.35161370710005E-01
 0.36948601830387E-01
 0.38804910641158E-01
 0.40728988680589E-01
 0.42718957708709E-01
 0.44771950973296E-01
 0.46884012725580E-01
 0.49050831712361E-01
 0.51267229742049E-01
 0.53527261465564E-01
 0.55824635471855E-01
 0.58152624501299E-01
 0.60504393271539E-01
 0.62873073506612E-01
 0.65251985852686E-01
 0.67634661485511E-01
 0.70015019207345E-01
 0.72387420362001E-01
 0.74746669936408E-01
 0.77088091441396E-01
 0.79407493115996E-01
 0.81701250985671E-01
 0.83966067231606E-01
 0.86199124887074E-01
 0.88397994079830E-01
 0.90560817326184E-01
 0.92685783333343E-01
 0.94771453158624E-01
 0.96816724137434E-01
 0.98820856750132E-01
 0.10078314241777E+00
 0.10270291147930E+00
 0.10458045618126E+00
 0.10641507880666E+00
 0.10820750485267E+00
 0.10995713698236E+00
 0.11166579255709E+00
 0.11333087008728E+00
 0.11495674786956E+00
 0.11654160907401E+00
 0.11808677108166E+00
 0.11959302205215E+00
 0.12106112713111E+00
 0.12249203803824E+00
 0.12388667330526E+00
 0.12524589352073E+00
 0.12657073687966E+00
 0.12786220065588E+00
 0.12912122957798E+00
 0.13034883812664E+00
 0.13154601103186E+00
 0.13271372820707E+00
 0.13385296428632E+00
 0.13496465103635E+00
 0.13604972193482E+00
 0.13710909106549E+00
 0.13814362931642E+00
 0.13915419972450E+00
 0.14014160981532E+00
 0.14110669620878E+00
 0.14205022081636E+00
 0.14297290789425E+00
 0.14387557888780E+00
 0.14475852801533E+00
 0.14562312285340E+00
 0.14646956266711E+00
 0.14729772465757E+00
 0.14810987943815E+00
 0.14890533026067E+00
 0.14968492823186E+00
 0.15044919128302E+00
 0.15119861588605E+00
 0.15193368157038E+00
 0.15265481688820E+00
 0.15336246834228E+00
 0.15405704836577E+00
 0.15473895721049E+00
 0.15540854731334E+00
 0.15606620773579E+00
 0.15671228823088E+00
 0.15734711403589E+00
 0.15797100093461E+00
 0.15858426528460E+00
 0.15918720417010E+00
 0.15978009770111E+00
 0.16036322212250E+00
 0.16093683222068E+00
 0.16150118905520E+00
 0.16205653159441E+00
 0.16260309573863E+00
 0.16314110245419E+00
 0.16367077204012E+00
 0.16419231492346E+00
 0.16470592763554E+00
 0.16521180837788E+00
 0.16571014347413E+00
 0.16620111450201E+00
 0.16668489493786E+00
 0.16716165513652E+00
 0.16763155912257E+00
 0.16809476244446E+00
 0.16855141929810E+00
 0.16900167533928E+00
 0.16944567608696E+00
 0.16988355841387E+00
 0.17031545732797E+00
 0.17074150243303E+00
 0.17116181916385E+00
 0.17157652937608E+00
 0.17198575219836E+00
 0.17238960269336E+00
 0.17278819063562E+00
 0.17318162652470E+00
 0.17357001446032E+00
 0.17395345629339E+00
 0.17433205188393E+00
 0.17470589767542E+00
 0.17507508514311E+00
 0.17543970734065E+00
 0.17579985351105E+00
 0.17615561016480E+00
 0.17650705882763E+00
 0.17685428378666E+00
 0.17719736257672E+00
 0.17753637542935E+00
 0.17787139473410E+00
 0.17820249700165E+00
 0.17852975093461E+00
 0.17885322779690E+00
 0.17917299815112E+00
 0.17948912542348E+00
 0.17980167233744E+00
 0.18011070758697E+00
 0.18041629103800E+00
 0.18071848117725E+00
 0.18101733845689E+00
 0.18131291789459E+00
 0.18160527932338E+00
