 0.00000000000000E+00
 0.00000000000000E+00
 0.00000000000000E+00
 0.20384159201851E-25
 0.56287763656707E-25
-0.11118570598856E-23
 0.55314078337864E-22
-0.13884315035321E-21
 0.26459388759697E-09
 0.14349606992507E-07
-0.37035292851556E-07
-0.16502281660892E-06
-0.89419977117611E-08
-0.72040506101372E-07
-0.35487089690585E-07
 0.19351379559847E-07
 0.95892854884881E-08
 0.39725993659360E-07
 0.11330509120826E-07
-0.15271411655756E-07
 0.57782532481386E-09
 0.24537135257956E-07
-0.33962027420191E-07
-0.17391082827382E-08
 0.69283404869967E-08
-0.24453386470985E-08
 0.15895805418550E-07
 0.25243407117703E-08
 0.13925415495937E-08
-0.18067627134524E-08
 0.18385142203235E-08
 0.61090710969036E-08
 0.81041629849234E-08
-0.77282689734815E-08
 0.36800708474568E-08
 0.40125653755211E-09
-0.17932321963846E-08
 0.20832624533449E-08
 0.28113177558231E-08
 0.24775124420016E-07
 0.17315168217051E-07
 0.24018730027077E-07
 0.42674839953332E-07
 0.47090115474213E-07
 0.56974464940841E-07
 0.11353394459980E-06
 0.17426012409393E-06
 0.24519846386344E-06
 0.31613335721587E-06
 0.40957848944229E-06
 0.51469232230431E-06
 0.67770531334699E-06
 0.87693394712032E-06
 0.11157857369051E-05
 0.14188293603312E-05
 0.17829926306102E-05
 0.22105423277214E-05
 0.27434340750059E-05
 0.33728654253827E-05
 0.41163799964783E-05
 0.49889954664565E-05
 0.60137697853996E-05
 0.71960853383812E-05
 0.85724729546367E-05
 0.10148245954776E-04
 0.11960256920212E-04
 0.14025343003596E-04
 0.16371448268340E-04
 0.19031300301831E-04
 0.22029083357000E-04
 0.25408780194572E-04
 0.29174334660308E-04
 0.33401727121564E-04
 0.38103146784141E-04
 0.43323635821465E-04
 0.49117811633087E-04
 0.55520691130640E-04
 0.62560981617599E-04
 0.70266050729186E-04
 0.78726444683377E-04
 0.88123384002636E-04
 0.98297421276514E-04
 0.10943319300579E-03
 0.12154728728270E-03
 0.13468465359163E-03
 0.14896932381755E-03
 0.16444992901697E-03
 0.18122217630049E-03
 0.19932335807532E-03
 0.21888813536540E-03
 0.23994373159922E-03
 0.26263740837564E-03
 0.28701353894977E-03
 0.31321624893954E-03
 0.34131485651703E-03
 0.37147624640280E-03
 0.40372119765284E-03
 0.43826698947913E-03
 0.47517535628957E-03
 0.51463144378586E-03
 0.55677181201583E-03
 0.60168708258283E-03
 0.64958325288365E-03
 0.70062530766095E-03
 0.75494582829248E-03
 0.81272533707821E-03
 0.87428112433333E-03
 0.93964541622618E-03
 0.10089625075033E-02
 0.10826591782473E-02
 0.11611604706388E-02
 0.12441285783067E-02
 0.13323160326514E-02
 0.14257461946629E-02
 0.15248177905417E-02
 0.16297193971915E-02
 0.17408709123209E-02
 0.18585905259786E-02
 0.19831946297168E-02
 0.21150546033240E-02
 0.22545869105074E-02
 0.24021639012729E-02
 0.25580975988166E-02
 0.27231323938678E-02
 0.28973857490336E-02
 0.30812631438256E-02
 0.32753528216620E-02
 0.34806730814412E-02
 0.36970302087139E-02
 0.39250621533775E-02
 0.41653294706619E-02
 0.44180895549411E-02
 0.46839152012241E-02
 0.49632543657204E-02
 0.52559514914459E-02
 0.55621841866456E-02
 0.58822379582237E-02
 0.62159713949097E-02
 0.65621856702313E-02
 0.69204341123204E-02
 0.72886907127685E-02
 0.76658331722008E-02
 0.80505970882829E-02
 0.84404631237773E-02
 0.88342036241009E-02
 0.92348200556235E-02
 0.96510487316764E-02
 0.10104288344701E-01
 0.10635434691591E-01
 0.11311886489430E-01
 0.12225827163218E-01
 0.13478416735199E-01
 0.15145972209267E-01
 0.17237096901931E-01
 0.19679603431082E-01
 0.22353359096459E-01
 0.25126388190235E-01
 0.27889800564648E-01
 0.30571921838233E-01
 0.33131080338888E-01
 0.35546320831307E-01
 0.37815916481542E-01
 0.39944567921921E-01
 0.41940871510642E-01
 0.43814260833608E-01
 0.45576340933447E-01
 0.47237826052353E-01
 0.48807610424842E-01
 0.50293532086177E-01
 0.51703048147769E-01
 0.53042821121843E-01
 0.54317950347523E-01
 0.55532239975821E-01
 0.56691458542227E-01
 0.57798015009170E-01
 0.58855547986069E-01
 0.59866051333925E-01
 0.60832663342615E-01
 0.61756942004495E-01
 0.62641091071314E-01
 0.63486893373991E-01
 0.64295751944391E-01
 0.65069411961615E-01
 0.65809096601204E-01
 0.66516303323078E-01
 0.67192039502260E-01
 0.67837820670403E-01
 0.68454476197713E-01
 0.69043389599233E-01
 0.69605511884342E-01
 0.70141376158885E-01
 0.70652580864667E-01
 0.71139983500115E-01
 0.71604262847053E-01
 0.72046417772837E-01
 0.72467280589506E-01
 0.72867621855965E-01
 0.73248203560845E-01
 0.73609912729889E-01
 0.73953274593895E-01
 0.74279131788978E-01
 0.74588114868736E-01
 0.74880830850915E-01
 0.75157934561545E-01
 0.75420034088428E-01
 0.75667666189055E-01
 0.75901371860091E-01
 0.76121593363238E-01
 0.76329148128802E-01
 0.76524167773459E-01
 0.76707294932317E-01
 0.76878908248378E-01
 0.77039429669448E-01
 0.77189405035081E-01
 0.77329020403595E-01
 0.77458816189965E-01
 0.77579099582562E-01
 0.77690176064403E-01
 0.77792468529331E-01
 0.77886224054567E-01
 0.77971840812224E-01
 0.78049478029244E-01
 0.78119508150614E-01
 0.78182209782928E-01
 0.78237856306328E-01
 0.78286619934721E-01
 0.78328816649976E-01
 0.78364658971684E-01
 0.78394392322169E-01
 0.78418165512509E-01
 0.78436263125162E-01
 0.78448836487879E-01
 0.78456117130103E-01
 0.78458263110928E-01
 0.78455448255073E-01
 0.78447890029927E-01
 0.78435674275771E-01
 0.78419025349929E-01
 0.78398071708229E-01
 0.78372986839174E-01
 0.78343888978437E-01
 0.78310923754739E-01
 0.78274214645831E-01
 0.78233921623935E-01
 0.78190121912585E-01
 0.78142984101434E-01
 0.78092588362272E-01
 0.78039061230898E-01
 0.77982486000630E-01
 0.77922998303649E-01
 0.77860707584173E-01
 0.77795676536037E-01
 0.77728019677988E-01
 0.77657805622509E-01
 0.77585171852009E-01
 0.77510171643165E-01
 0.77432875703321E-01
 0.77353377235556E-01
 0.77271744410139E-01
 0.77188067312227E-01
 0.77102403087392E-01
 0.77014833486300E-01
 0.76925414475139E-01
 0.76834249471207E-01
 0.76741344987397E-01
 0.76646801177137E-01
 0.76550653094358E-01
 0.76452992817161E-01
 0.76353834674037E-01
 0.76253265502386E-01
 0.76151310294412E-01
 0.76048034822908E-01
 0.75943497301172E-01
 0.75837748733063E-01
 0.75730821549161E-01
 0.75622745281341E-01
 0.75513591168698E-01
 0.75403378841281E-01
 0.75292173316117E-01
 0.75179999650331E-01
 0.75066915477533E-01
 0.74952935236380E-01
 0.74838101067032E-01
 0.74722446395249E-01
 0.74606017361550E-01
 0.74488828720068E-01
 0.74370933179014E-01
 0.74252342358083E-01
 0.74133108841476E-01
 0.74013240109984E-01
 0.73892773353635E-01
 0.73771743234502E-01
 0.73650169272539E-01
 0.73528097860150E-01
 0.73405515171933E-01
 0.73282480173528E-01
 0.73158988666871E-01
 0.73035082562557E-01
 0.72910795487570E-01
 0.72786116924300E-01
