 0.00000000000000E+00
 0.00000000000000E+00
 0.00000000000000E+00
-0.18821220972712E-26
-0.11876718131565E-25
 0.11960024021777E-22
-0.12968700746505E-22
 0.56774089934701E-22
-0.32862283130922E-09
-0.25831666527956E-07
-0.29457456588259E-07
 0.10758069404078E-06
 0.60935474041066E-07
 0.12385650964850E-06
 0.78720431577983E-07
-0.52070872018053E-08
 0.27787516903056E-07
-0.45455008271158E-07
 0.14446919999155E-07
 0.61197622623337E-08
 0.14792566621279E-07
-0.56998952461781E-07
 0.89271798886199E-07
 0.22657779390886E-07
 0.31104424613807E-07
 0.21342000785317E-07
-0.68624502869875E-07
-0.22114574808953E-07
-0.19016416942503E-07
 0.30859644595009E-07
-0.16312679552579E-07
-0.31319307457999E-07
-0.28184313043111E-07
 0.58108286213294E-07
-0.34081917051703E-07
 0.83612122003250E-08
 0.44110669044225E-07
 0.55885784074536E-07
 0.45361461078658E-07
 0.81338436956528E-08
 0.11419955094520E-07
 0.51648777616941E-07
 0.38309382830487E-07
-0.76026645606874E-07
 0.13432012641379E-06
 0.14627791890998E-06
 0.11807825621167E-06
-0.94473091087976E-07
 0.21810815843873E-07
 0.23202962387981E-06
 0.70806500878575E-06
 0.72259259561125E-06
 0.83414224997614E-06
 0.10972588014196E-05
 0.13729942119011E-05
 0.17409133494819E-05
 0.24563641860407E-05
 0.28761327120961E-05
 0.35478117018335E-05
 0.42237641401043E-05
 0.51280038010640E-05
 0.60197724090333E-05
 0.72896673747558E-05
 0.85774883800812E-05
 0.10215570340350E-04
 0.12026299767880E-04
 0.13957972834046E-04
 0.16528017336507E-04
 0.19076357333145E-04
 0.21990978426553E-04
 0.25156060041664E-04
 0.29407588803672E-04
 0.33341946052825E-04
 0.38128059135421E-04
 0.43457172307419E-04
 0.49010348557707E-04
 0.54827628832587E-04
 0.62871013737378E-04
 0.70163582698333E-04
 0.80132202484342E-04
 0.88912995327948E-04
 0.99479187086661E-04
 0.10965723399890E-03
 0.12137770324800E-03
 0.13564362620774E-03
 0.15023340213619E-03
 0.16635733786415E-03
 0.18239958518126E-03
 0.20121415341405E-03
 0.21992351972941E-03
 0.24099497495850E-03
 0.26373416993667E-03
 0.28905089175800E-03
 0.31485716173886E-03
 0.34426660496897E-03
 0.37360470460781E-03
 0.40820963300825E-03
 0.44360997291702E-03
 0.48243925335137E-03
 0.52339791842076E-03
 0.56477546146982E-03
 0.61209740630551E-03
 0.66249589722594E-03
 0.71421706485253E-03
 0.77166998867393E-03
 0.83446431278057E-03
 0.89498054672197E-03
 0.96075180036605E-03
 0.10400609068329E-02
 0.11224160128922E-02
 0.11916261550316E-02
 0.12941537755388E-02
 0.13820709502158E-02
 0.14834365624582E-02
 0.15885982574923E-02
 0.17066052212631E-02
 0.18285483445882E-02
 0.19544411393869E-02
 0.20933261711581E-02
 0.22381406311624E-02
 0.23898707244344E-02
 0.25508293836378E-02
 0.27359984445242E-02
 0.29088351555405E-02
 0.30975737198143E-02
 0.33086120766461E-02
 0.35443993994733E-02
 0.37478590667602E-02
 0.39929009795709E-02
 0.42356886176464E-02
 0.44858666558551E-02
 0.47602910509311E-02
 0.50322163570921E-02
 0.52815437704300E-02
 0.55423926380689E-02
 0.58094242724449E-02
 0.60462238773608E-02
 0.62198472159473E-02
 0.63668946201301E-02
 0.63965781627629E-02
 0.63943990055414E-02
 0.62656233525838E-02
 0.58874962475524E-02
 0.54004403478936E-02
 0.49339137178898E-02
 0.46366733179332E-02
 0.49917438592573E-02
 0.66590810314680E-02
 0.10579682932698E-01
 0.18056460476709E-01
 0.29989992140963E-01
 0.45354922239680E-01
 0.60357507939692E-01
 0.71236491798637E-01
 0.76746595083860E-01
 0.77255034010247E-01
 0.74780163353834E-01
 0.71009320018556E-01
 0.66693221388396E-01
 0.62347822113836E-01
 0.58530073632808E-01
 0.55000019641259E-01
 0.51790626327520E-01
 0.48840402483432E-01
 0.46322880831193E-01
 0.44041258430972E-01
 0.41954546738145E-01
 0.40030414756084E-01
 0.38327209697476E-01
 0.36818405034413E-01
 0.35365594738782E-01
 0.34014719026960E-01
 0.32906615799505E-01
 0.31734876507741E-01
 0.30704658110702E-01
 0.29708472383816E-01
 0.28839317226918E-01
 0.27964754618418E-01
 0.27182537788589E-01
 0.26452766019932E-01
 0.25738583683063E-01
 0.25082250960291E-01
 0.24454152297489E-01
 0.23881671813934E-01
 0.23316104808917E-01
 0.22794412392721E-01
 0.22267578557396E-01
 0.21813067440029E-01
 0.21345102174841E-01
 0.20881269567086E-01
 0.20497852252617E-01
 0.20118562341485E-01
 0.19728497020503E-01
 0.19378303465338E-01
 0.19039138449117E-01
 0.18706000373994E-01
 0.18389432910672E-01
 0.18096694101584E-01
 0.17798085919445E-01
 0.17532443883820E-01
 0.17265469551088E-01
 0.17008890490427E-01
 0.16764809752190E-01
 0.16528356853213E-01
 0.16292928552561E-01
 0.16078277591989E-01
 0.15862191036709E-01
 0.15688039010394E-01
 0.15460268645016E-01
 0.15277370519310E-01
 0.15086916760257E-01
 0.14913215659936E-01
 0.14757785834866E-01
 0.14568287786537E-01
 0.14421343944586E-01
 0.14267189728866E-01
 0.14113522829927E-01
 0.13968318184653E-01
 0.13825001408653E-01
 0.13687616910651E-01
 0.13540786338483E-01
 0.13416760733842E-01
 0.13290631169245E-01
 0.13166990272487E-01
 0.13038010507855E-01
 0.12924457739732E-01
 0.12807079667570E-01
 0.12691595231007E-01
 0.12574239515888E-01
 0.12472098140327E-01
 0.12364377581932E-01
 0.12268320594081E-01
 0.12158988715437E-01
 0.12061882281968E-01
 0.11969524952094E-01
 0.11864322104362E-01
 0.11780073898198E-01
 0.11691726436670E-01
 0.11604191930571E-01
 0.11515543761024E-01
 0.11426548669807E-01
 0.11340901103923E-01
 0.11265028732893E-01
 0.11175682092516E-01
 0.11100339566912E-01
 0.11018208001147E-01
 0.10940933641002E-01
 0.10859316008415E-01
 0.10791139082250E-01
 0.10721348130314E-01
 0.10645424125810E-01
 0.10576827351917E-01
 0.10506479093179E-01
 0.10447611531127E-01
 0.10375405456397E-01
 0.10304696270381E-01
 0.10237926410734E-01
 0.10172202683619E-01
 0.10112390689432E-01
 0.10047563178676E-01
 0.99909148706672E-02
 0.99300846996342E-02
 0.98777734814237E-02
 0.98065664049151E-02
 0.97532717341716E-02
 0.96920087491665E-02
 0.96413766745157E-02
 0.95798980035279E-02
 0.95245860338922E-02
 0.94678842149243E-02
 0.94207726604086E-02
 0.93712402610091E-02
 0.93165868657482E-02
 0.92641064123542E-02
 0.92054764678210E-02
 0.91625917643943E-02
 0.91091206284449E-02
 0.90655998925952E-02
 0.90156977896546E-02
 0.89723280683371E-02
 0.89192457799136E-02
 0.88716833365432E-02
 0.88241999454446E-02
 0.87798284533951E-02
 0.87335235657755E-02
 0.86899268629373E-02
 0.86411459986371E-02
 0.86043859224636E-02
 0.85571894590020E-02
 0.85170167050545E-02
 0.84769819081033E-02
 0.84355262168317E-02
 0.83950384280395E-02
 0.83464193160645E-02
 0.83093345802047E-02
 0.82637868001392E-02
 0.82274744366563E-02
 0.81908178957556E-02
 0.81453241852452E-02
 0.81097659849989E-02
