 0.20686740264166E+00
 0.20686740264166E+00
 0.20686740264166E+00
 0.20686740264166E+00
 0.20686740264166E+00
 0.20686740264160E+00
 0.20686740264032E+00
 0.20686740262795E+00
 0.20686740255773E+00
 0.20686740228428E+00
 0.20686740147387E+00
 0.20686739951383E+00
 0.20686739545334E+00
 0.20686738799506E+00
 0.20686737553852E+00
 0.20686728406315E+00
 0.20686725602775E+00
 0.20686713144606E+00
 0.20686691709960E+00
 0.20686668877446E+00
 0.20686641906882E+00
 0.20686600972859E+00
 0.20686554034180E+00
 0.20686489492425E+00
 0.20686416305007E+00
 0.20686321498249E+00
 0.20686208043429E+00
 0.20686081648819E+00
 0.20685935758798E+00
 0.20685759724259E+00
 0.20685565287281E+00
 0.20685338125481E+00
 0.20685089323503E+00
 0.20684804739629E+00
 0.20684495085831E+00
 0.20684153452519E+00
 0.20683770636609E+00
 0.20683358516445E+00
 0.20682909916158E+00
 0.20682416072814E+00
 0.20681888878148E+00
 0.20681321193707E+00
 0.20680711540473E+00
 0.20680051567393E+00
 0.20679353746944E+00
 0.20678610798282E+00
 0.20677821469122E+00
 0.20676984750838E+00
 0.20676092304754E+00
 0.20675157318786E+00
 0.20674172302811E+00
 0.20673136197336E+00
 0.20672048130732E+00
 0.20670900053105E+00
 0.20669705014869E+00
 0.20668455599751E+00
 0.20667150831206E+00
 0.20665789850820E+00
 0.20664371785478E+00
 0.20662888680990E+00
 0.20661353324727E+00
 0.20659758180630E+00
 0.20658102130254E+00
 0.20656384091048E+00
 0.20654602911536E+00
 0.20652757358131E+00
 0.20650846105259E+00
 0.20648860523511E+00
 0.20646813122104E+00
 0.20644695429092E+00
 0.20642505542037E+00
 0.20640241468910E+00
 0.20637901047589E+00
 0.20635481916397E+00
 0.20632981502105E+00
 0.20630389810740E+00
 0.20627717853451E+00
 0.20624955485763E+00
 0.20622099032814E+00
 0.20619144567212E+00
 0.20616087819676E+00
 0.20612924159713E+00
 0.20609648555851E+00
 0.20606247518912E+00
 0.20602730719759E+00
 0.20599084248578E+00
 0.20595301131922E+00
 0.20591373894786E+00
 0.20587294462434E+00
 0.20583054111497E+00
 0.20578636166971E+00
 0.20574044604978E+00
 0.20569261563423E+00
 0.20564275136972E+00
 0.20559072542351E+00
 0.20553639974487E+00
 0.20547955360384E+00
 0.20542016532683E+00
 0.20535799298071E+00
 0.20529284807864E+00
 0.20522452667029E+00
 0.20515280828745E+00
 0.20507738081662E+00
 0.20499812674644E+00
 0.20491469535487E+00
 0.20482677995448E+00
 0.20473404669885E+00
 0.20463605793945E+00
 0.20453255704882E+00
 0.20442303958933E+00
 0.20430702680011E+00
 0.20418396964075E+00
 0.20405325269240E+00
 0.20391436411638E+00
 0.20376652139301E+00
 0.20360893516054E+00
 0.20344064678052E+00
 0.20326081915491E+00
 0.20306827270988E+00
 0.20286168096355E+00
 0.20263977175230E+00
 0.20240086091649E+00
 0.20214302090089E+00
 0.20186426637421E+00
 0.20156198061578E+00
 0.20123336925309E+00
 0.20087502667413E+00
 0.20048278539439E+00
 0.20005185773533E+00
 0.19957638702493E+00
 0.19904892170494E+00
 0.19846037039755E+00
 0.19779899490748E+00
 0.19704965721851E+00
 0.19619185014734E+00
 0.19519720470837E+00
 0.19402430617554E+00
 0.19261014922194E+00
 0.19084849425142E+00
 0.18853848324458E+00
 0.18520149826111E+00
 0.17877491048394E+00
 0.13432043285833E+00
 0.13388884029858E+00
 0.13401778307359E+00
 0.13447699048477E+00
 0.13515822391001E+00
 0.13600053790892E+00
 0.13696583161473E+00
 0.13802831539177E+00
 0.13916950930472E+00
 0.14037540525037E+00
 0.14163494572895E+00
 0.14293925584250E+00
 0.14428088310219E+00
 0.14565344752075E+00
 0.14705137806344E+00
 0.14846973939500E+00
 0.14990410428252E+00
 0.15135046997392E+00
 0.15280519432543E+00
 0.15426496210027E+00
 0.15572674054158E+00
 0.15718776947514E+00
 0.15864548207195E+00
 0.16009771979243E+00
 0.16154236422795E+00
 0.16297757359940E+00
 0.16440170840836E+00
 0.16581331575624E+00
 0.16721112160480E+00
 0.16859401748678E+00
 0.16996104842588E+00
 0.17131138364021E+00
 0.17264437309092E+00
 0.17395943351274E+00
 0.17525610533482E+00
 0.17653402469603E+00
 0.17779291325535E+00
 0.17903256911706E+00
 0.18025285771169E+00
 0.18145370279127E+00
 0.18263508030279E+00
 0.18379701120234E+00
 0.18493955507347E+00
 0.18606280488744E+00
 0.18716688219484E+00
 0.18825193304032E+00
 0.18931811323237E+00
 0.19036562634709E+00
 0.19139466003920E+00
 0.19240542287190E+00
 0.19339813353858E+00
 0.19437301762370E+00
 0.19533030652457E+00
 0.19627023617485E+00
 0.19719304535754E+00
 0.19809897457064E+00
 0.19898826603814E+00
 0.19986116656992E+00
 0.20071790784188E+00
 0.20155873604118E+00
 0.20238389087192E+00
 0.20319360984626E+00
 0.20398812882672E+00
 0.20476768134972E+00
 0.20553249847459E+00
 0.20628280851407E+00
 0.20701883690969E+00
 0.20774080640842E+00
 0.20844893682785E+00
 0.20914344482788E+00
 0.20982454414977E+00
 0.21049244542720E+00
 0.21114735636140E+00
 0.21178948155503E+00
 0.21241902264479E+00
 0.21303617824829E+00
 0.21364114402650E+00
 0.21423410901660E+00
 0.21481527442246E+00
 0.21538481264294E+00
 0.21594291869767E+00
 0.21648977065616E+00
 0.21702554733927E+00
 0.21755042503526E+00
 0.21806457740055E+00
 0.21856817556079E+00
 0.21906138785929E+00
 0.21954438087483E+00
 0.22001731834030E+00
 0.22048036091382E+00
 0.22093366835308E+00
 0.22137739964503E+00
 0.22181170233091E+00
 0.22223673770623E+00
 0.22265264956436E+00
 0.22305958795620E+00
 0.22345769889074E+00
 0.22384712629224E+00
 0.22422801216098E+00
 0.22460049632008E+00
 0.22496471673499E+00
 0.22532080960856E+00
 0.22566890861165E+00
 0.22600914656568E+00
 0.22634165360332E+00
 0.22666655847739E+00
 0.22698398793598E+00
 0.22729406711850E+00
 0.22759691935866E+00
 0.22789266628771E+00
 0.22818142778941E+00
 0.22846332214915E+00
 0.22873846604261E+00
 0.22900697438165E+00
 0.22926896062306E+00
 0.22952453654332E+00
 0.22977381231881E+00
 0.23001689673600E+00
 0.23025389687871E+00
 0.23048491845203E+00
 0.23071006555735E+00
 0.23092944092529E+00
 0.23114314575002E+00
 0.23135127978727E+00
 0.23155394147892E+00
 0.23175122769891E+00
 0.23194323394838E+00
 0.23213005456491E+00
 0.23231178221065E+00
 0.23248850846335E+00
 0.23266032340461E+00
 0.23282731585603E+00
 0.23298957337946E+00
 0.23314718235502E+00
 0.23330022741947E+00
 0.23344879240983E+00
 0.23359295981932E+00
 0.23373281088217E+00
 0.23386842564906E+00
 0.23399988291054E+00
 0.23412726028271E+00
 0.23425063422670E+00
 0.23437008009302E+00
 0.23448567195223E+00
 0.23459748283352E+00
 0.23470558468453E+00
 0.23481004818924E+00
 0.23491094315929E+00
 0.23500833812321E+00
 0.23510230070161E+00
 0.23519289717198E+00
 0.23528019323502E+00
 0.23536425313510E+00
 0.23544514052272E+00
 0.23552291723758E+00
 0.23559764506982E+00
 0.23566938276369E+00
 0.23573819264049E+00
