 0.00000000000000E+00
 0.00000000000000E+00
 0.41564992036147E-08
 0.13151423261437E-08
 0.16160468903654E-08
 0.19483590016944E-07
 0.30176080349041E-06
 0.23430904468158E-05
 0.11375465968609E-04
 0.39797881278710E-04
 0.10986785683450E-03
 0.25418376433012E-03
 0.51370067083219E-03
 0.93405388128282E-03
 0.15613201430291E-02
-0.40978026962613E-02
-0.15276502910358E-02
-0.38534405025322E-02
-0.77274475365702E-02
-0.88953088171968E-02
-0.89588651107923E-02
-0.10510275357544E-01
-0.10766102052732E-01
-0.11971353875529E-01
-0.11989808135914E-01
-0.12646494561452E-01
-0.13039439487659E-01
-0.12412115923541E-01
-0.11429971767482E-01
-0.10777047012129E-01
-0.93730889532930E-02
-0.80942853725676E-02
-0.61759556758338E-02
-0.43022375883933E-02
-0.19036033978741E-02
 0.73144165257736E-03
 0.33388263035983E-02
 0.63537303453830E-02
 0.95520652966481E-02
 0.12744787669334E-01
 0.16239308238237E-01
 0.19867652025531E-01
 0.23608747762097E-01
 0.27334601754544E-01
 0.31257106390463E-01
 0.35254489806973E-01
 0.39310699906676E-01
 0.43413635343365E-01
 0.47476239682477E-01
 0.51639226721792E-01
 0.55818634626201E-01
 0.60003153408369E-01
 0.64183835220940E-01
 0.68302265356770E-01
 0.72451101205361E-01
 0.76573530561767E-01
 0.80661815076100E-01
 0.84709597580737E-01
 0.88710965722720E-01
 0.92628252630191E-01
 0.96521057137949E-01
 0.10035253211317E+00
 0.10411785850465E+00
 0.10781298458659E+00
 0.11143416648072E+00
 0.11497796527845E+00
 0.11844121313742E+00
 0.12180119308563E+00
 0.12509518352930E+00
 0.12830087742288E+00
 0.13141588331592E+00
 0.13443822640495E+00
 0.13736613581763E+00
 0.14019803521169E+00
 0.14293250971464E+00
 0.14555564455212E+00
 0.14809182036749E+00
 0.15052740340702E+00
 0.15286148604564E+00
 0.15509340512007E+00
 0.15722260837520E+00
 0.15924865769252E+00
 0.16117105667709E+00
 0.16298025509532E+00
 0.16469494523764E+00
 0.16630564752560E+00
 0.16781225972794E+00
 0.16921478950948E+00
 0.17051330609062E+00
 0.17170767366531E+00
 0.17279254076419E+00
 0.17377967450579E+00
 0.17466330647645E+00
 0.17544352365015E+00
 0.17612042688310E+00
 0.17669409557697E+00
 0.17715983514724E+00
 0.17752700090465E+00
 0.17779081368739E+00
 0.17795105199872E+00
 0.17800738092047E+00
 0.17795964809636E+00
 0.17780257419187E+00
 0.17754378744925E+00
 0.17717829662841E+00
 0.17670488640690E+00
 0.17612234081846E+00
 0.17542500238147E+00
 0.17461767921556E+00
 0.17369458899472E+00
 0.17265268836698E+00
 0.17148809888911E+00
 0.17019453729817E+00
 0.16877316627691E+00
 0.16721528788928E+00
 0.16551537495885E+00
 0.16366231249484E+00
 0.16165340556347E+00
 0.15947597032639E+00
 0.15711708557382E+00
 0.15456685450941E+00
 0.15180772486738E+00
 0.14881996422216E+00
 0.14558534974220E+00
 0.14207462766382E+00
 0.13826041324401E+00
 0.13410579103350E+00
 0.12956462905252E+00
 0.12458518237996E+00
 0.11910270981491E+00
 0.11303178501549E+00
 0.10626928859633E+00
 0.98678917708354E-01
 0.90085030357224E-01
 0.80245896913021E-01
 0.68824147414653E-01
 0.55321525898583E-01
 0.38977388673854E-01
 0.18493270722792E-01
-0.86177869485752E-02
-0.10877655886719E-01
-0.78318540166679E-01
-0.58242106907816E+00
-0.55860523441162E+00
-0.53122612346980E+00
-0.50227780691499E+00
-0.47265402904908E+00
-0.44282576338612E+00
-0.41306403523869E+00
-0.38353297604102E+00
-0.35433605872206E+00
-0.32553721363976E+00
-0.29717689453368E+00
-0.26927802747492E+00
-0.24185242523311E+00
-0.21490384873897E+00
-0.18843029795724E+00
-0.16242558707622E+00
-0.13688049251957E+00
-0.11178356631649E+00
-0.87121752989139E-01
-0.62880870132076E-01
-0.39045972453625E-01
-0.15601648225124E-01
 0.74677828532336E-02
 0.30177832664720E-01
 0.52544092514843E-01
 0.74581808941989E-01
 0.96305848882844E-01
 0.11773062249315E+00
 0.13887001181572E+00
 0.15973729412068E+00
 0.18034522043001E+00
 0.20070567219786E+00
 0.22083030696588E+00
 0.24072977151530E+00
 0.26041418328324E+00
 0.27989302994237E+00
 0.29917518655128E+00
 0.31826893359765E+00
 0.33718198976024E+00
 0.35592152957541E+00
 0.37449421588206E+00
 0.39290622633926E+00
 0.41116328673868E+00
 0.42927069203079E+00
 0.44723333450378E+00
 0.46505577009960E+00
 0.48274208472381E+00
 0.50029627823303E+00
 0.51772185654659E+00
 0.53502211260824E+00
 0.55220008563865E+00
 0.56925858307171E+00
 0.58620020566023E+00
 0.60302734448223E+00
 0.61974221946382E+00
 0.63634688432630E+00
 0.65284323767807E+00
 0.66923301509625E+00
 0.68551790840957E+00
 0.70169940884256E+00
 0.71777892745636E+00
 0.73375778296616E+00
 0.74963720386567E+00
 0.76541833801483E+00
 0.78110225990641E+00
 0.79668997814210E+00
 0.81218244121190E+00
 0.82758054142569E+00
 0.84288512127742E+00
 0.85809697838544E+00
 0.87321686948945E+00
 0.88824551112960E+00
 0.90318359042436E+00
 0.91803176276480E+00
 0.93279065460530E+00
 0.94746086981225E+00
 0.96204298593182E+00
 0.97653754999784E+00
 0.99094514562290E+00
 0.10052662432311E+01
 0.10195013949867E+01
 0.10336510864008E+01
 0.10477158029204E+01
 0.10616960218469E+01
 0.10755922106084E+01
 0.10894048276355E+01
 0.11031343259179E+01
 0.11167811516974E+01
 0.11303457448797E+01
 0.11438285419072E+01
 0.11572299738431E+01
 0.11705504761246E+01
 0.11837904533775E+01
 0.11969503521362E+01
 0.12100305797887E+01
 0.12230315548480E+01
 0.12359536960188E+01
 0.12487974211599E+01
 0.12615631437262E+01
 0.12742512796477E+01
 0.12868622377777E+01
 0.12993964363373E+01
 0.13118542867576E+01
 0.13242362019781E+01
 0.13365425950118E+01
 0.13487738788735E+01
 0.13609304665396E+01
 0.13730127714940E+01
 0.13850212074677E+01
 0.13969561884322E+01
 0.14088181281883E+01
 0.14206074414649E+01
 0.14323245428599E+01
 0.14439698474448E+01
 0.14555437703736E+01
 0.14670467273279E+01
 0.14784791340024E+01
 0.14898414062798E+01
 0.15011339601688E+01
 0.15123572118090E+01
 0.15235115772289E+01
 0.15345974728902E+01
 0.15456153148228E+01
 0.15565655189930E+01
 0.15674485013495E+01
 0.15782646776284E+01
 0.15890144632323E+01
 0.15996982731559E+01
 0.16103165222141E+01
 0.16208696247280E+01
 0.16313579944470E+01
 0.16417820446717E+01
 0.16521421879648E+01
 0.16624388380995E+01
 0.16726724029271E+01
 0.16828432944467E+01
 0.16929519223928E+01
 0.17029986954711E+01
 0.17129840215594E+01
 0.17229083074712E+01
 0.17327719588343E+01
 0.17425753804039E+01
 0.17523189756247E+01
 0.17620031467682E+01
 0.17716282949483E+01
 0.17811948198684E+01
 0.17907031198661E+01
 0.18001535920368E+01
 0.18095466319446E+01
 0.18188826337399E+01
 0.18281619899659E+01
 0.18373850918837E+01
 0.18465523287947E+01
 0.18556640876178E+01
 0.18647207562271E+01
 0.18737227181458E+01
 0.18826704122906E+01
 0.18915641104627E+01
