 0.00000000000000E+00
 0.00000000000000E+00
 0.48318006996981E-25
 0.20384159201851E-25
 0.75050351542277E-26
 0.59936044634457E-24
 0.12778252274253E-22
 0.49720857896758E-22
 0.48493439767454E-21
 0.16292530715610E-20
 0.10069806206152E-19
 0.16651171328846E-19
 0.40297222164835E-20
 0.57358598701745E-19
 0.94435196902553E-19
-0.26129530392959E-18
 0.14896657357924E-18
-0.49657282321873E-18
-0.12024115074340E-17
-0.61382877986659E-18
 0.14955723513344E-18
 0.68585542453645E-18
-0.29390532774801E-17
 0.16394999462249E-18
-0.33200896959020E-17
-0.18626271578413E-17
 0.20470634902415E-18
 0.50475566857536E-18
-0.18792303455126E-17
-0.17161556770439E-17
-0.14539383363870E-17
-0.12757358956562E-17
 0.10078531066732E-12
 0.26764682035930E-12
-0.12077376617715E-12
-0.62295087120690E-12
-0.18996121575326E-13
-0.95529024225766E-13
 0.61339080670493E-12
 0.25424574008961E-12
-0.19109059902305E-12
 0.19925543067498E-12
 0.28026254762602E-12
 0.88449429160192E-13
 0.81011479703894E-13
 0.16914201937758E-12
-0.12469303332796E-12
 0.24993557313552E-12
-0.38358054821733E-12
 0.14092072363435E-12
 0.87435047953406E-13
-0.21920771871993E-13
 0.12274843235594E-12
-0.21124200862944E-12
-0.31022022253964E-14
-0.82790942497309E-14
 0.23419286729810E-12
-0.18831292322074E-12
 0.10676312493446E-12
 0.97802667418234E-13
 0.66900983730628E-13
-0.13333331370081E-12
 0.12371255247298E-12
-0.13559812205242E-13
 0.55130646120798E-13
-0.33144738591299E-13
 0.31949334395636E-13
-0.35443408618863E-13
-0.11107382986274E-14
 0.49172173921814E-13
 0.66612837841337E-13
-0.16762916744008E-13
 0.48173376498866E-13
-0.95351907937591E-13
-0.37141987883595E-13
-0.28766235899864E-13
-0.15880093094318E-13
-0.11748610692397E-12
-0.56935305614710E-13
-0.64635981649559E-13
 0.38238054230516E-13
 0.29238305828555E-13
 0.45160479157835E-13
 0.12078568616071E-13
-0.10688972611061E-13
-0.67867629301248E-14
 0.34384215679194E-13
-0.46452751401983E-13
 0.32294190270451E-13
-0.19777895516111E-13
 0.27257498186647E-13
 0.33124041129765E-13
-0.57632322338533E-13
 0.72687132067710E-14
 0.11401516896239E-13
-0.16564633056685E-13
-0.51649196268215E-14
 0.15189643237846E-14
 0.47625001309977E-15
 0.12831663166453E-14
-0.12299107851940E-13
-0.21518899407790E-13
 0.23700800589119E-13
-0.38446458509199E-13
-0.39695600994906E-14
-0.15886028622163E-13
-0.22018256696429E-14
-0.24209391660992E-13
-0.16888084369327E-13
-0.23796208227085E-13
 0.27712778237109E-13
 0.41280570503735E-13
 0.30492076774322E-13
-0.29937564882857E-15
-0.89633236709726E-14
 0.32634342464279E-13
-0.68962555693869E-14
-0.28388804661482E-14
 0.98192925257090E-14
-0.42572599264964E-14
 0.47732521127185E-13
 0.33520361454518E-13
 0.97280178071843E-14
-0.19087572980244E-13
 0.19655566393993E-13
-0.35117497118264E-13
-0.42952678947786E-13
-0.14055105138997E-13
 0.12035565316962E-13
-0.15968520637518E-13
-0.18310855988653E-13
 0.90000489012949E-14
-0.25988818546016E-13
 0.23586785707836E-13
 0.20034574350676E-13
 0.36474705809543E-13
 0.53351864784405E-11
-0.15684347001818E-10
 0.15139141064600E-10
 0.12289021293610E-11
 0.55085611249050E-11
-0.28833582177849E-09
 0.34891005659854E-10
-0.62080342584030E-11
 0.95328432397460E-09
 0.48011335029638E-09
-0.10717806293755E-09
 0.65501215454030E-10
-0.14932888961121E-09
-0.77046754332841E-10
-0.91346218124402E-09
 0.18739392029591E-09
-0.10292244475922E-09
 0.80622553694420E-10
-0.90417551186117E-09
-0.11038721733375E-09
-0.40012381150417E-09
 0.50523680145622E-09
 0.14138131125188E-09
 0.80693539255960E-09
-0.24846694132491E-08
-0.17368363085140E-09
-0.19904585120989E-09
-0.76410766701054E-11
-0.21816324552289E-09
-0.14242738029203E-08
 0.30140766532761E-10
 0.91673857605403E-10
-0.38996986858350E-08
-0.54675243247902E-09
-0.60552153216126E-09
-0.14223957527105E-08
 0.11880747860613E-08
-0.31504335314506E-09
-0.61214363306009E-09
-0.68170602986864E-08
-0.13142347365191E-08
 0.40370511408826E-09
-0.29619665500019E-09
 0.27954453327954E-09
-0.10388099859394E-08
 0.41546654705944E-09
 0.15619446711474E-08
 0.32950062051276E-08
-0.38564518094109E-09
-0.33870572519159E-09
 0.13868964942198E-09
 0.59209975575114E-09
 0.46849321942157E-08
-0.66317420497401E-10
 0.46248776378946E-09
-0.18527294443830E-09
-0.38296176384545E-08
-0.75949257458664E-07
 0.13258924636649E-09
-0.24363192645565E-09
-0.11808592370070E-09
 0.65132176309388E-09
 0.31289766833634E-09
 0.28630100928347E-09
 0.98774337674218E-08
 0.36152252912828E-09
-0.22874607767328E-09
 0.10597734577071E-09
 0.28606899619598E-09
 0.17371616765409E-09
 0.10406255875809E-09
-0.29307402180666E-09
-0.54980814639902E-09
 0.21012156321009E-09
-0.33596169116105E-09
 0.50253206301204E-09
 0.67968050881476E-10
 0.19664352653880E-09
 0.54721293401196E-09
-0.51985428222783E-09
-0.64924545938145E-10
-0.15699514961937E-09
-0.39349852641485E-09
 0.12790444717739E-09
 0.38392248480117E-09
 0.49058448833378E-09
-0.44270533747232E-10
 0.33036195221074E-09
 0.98951987959909E-09
-0.83300035930977E-10
-0.68766958085374E-11
 0.15116040282437E-08
-0.15387909200401E-08
 0.34270912995491E-08
-0.30506178815927E-08
-0.48329912208171E-11
-0.87074576700812E-09
-0.30539696571089E-09
 0.13406530890292E-09
-0.98939194477011E-09
 0.12116903505324E-09
 0.76763583304213E-10
 0.85274235307543E-09
-0.23960636299767E-08
 0.35078584673790E-08
 0.13704742113036E-07
 0.13831580896867E-08
 0.36270021310600E-09
 0.64942749851454E-09
-0.21806468391924E-09
-0.23900597431910E-09
-0.85939241117077E-09
 0.23791474153031E-09
 0.65996046014485E-09
 0.56162547356874E-09
 0.25493682544548E-09
 0.11973152851678E-09
-0.26678354142409E-09
-0.50538531477004E-09
-0.30085010785060E-09
 0.76228273837277E-10
-0.39788590260969E-09
-0.99559749214620E-10
 0.14926262075039E-09
 0.18568236186108E-09
-0.12088264418642E-09
-0.20754712347612E-09
-0.51746874905217E-09
 0.22132821489907E-09
-0.19911345868341E-09
-0.14702169942434E-09
 0.27490544670179E-09
 0.24396867437399E-09
 0.41641678490590E-09
 0.15773688814736E-09
-0.60504561842520E-10
-0.12673439378845E-09
 0.26522982804340E-10
-0.14143588929697E-09
-0.10786646352157E-09
-0.87731865249296E-10
-0.27201585932340E-09
 0.19512260890216E-09
-0.13334452460243E-09
 0.96593541293652E-10
 0.23430724669915E-09
-0.10485976989427E-10
 0.44109138580004E-10
 0.99528652608396E-10
-0.43381904029561E-09
-0.23220481712849E-10
 0.29907934129665E-10
 0.23191200738165E-09
 0.36683417349332E-09
-0.18056530216724E-09
 0.23524778787470E-09
-0.22865553399135E-09
-0.52963951062996E-08
-0.17806582013509E-07
 0.98862910814000E-09
-0.88659710375189E-09
 0.55408211772221E-08
-0.39788157985809E-07
-0.99146823923467E-09
