 0.00000000000000E+00
 0.00000000000000E+00
 0.96809741659569E-25
 0.54455479683507E-25
 0.11098070734314E-24
 0.18241404888748E-23
 0.41268503509288E-22
 0.41307713488869E-21
 0.21935902058287E-20
 0.22783651157942E-14
-0.81524707569079E-11
-0.14253651756966E-10
-0.12518644723343E-10
-0.87511468745394E-11
-0.33862612847908E-11
-0.25562476866261E-11
-0.34499214015563E-11
 0.46290659866213E-12
-0.41499247283581E-11
-0.27889535557878E-11
 0.83797494395891E-12
-0.17677008475469E-11
 0.15324262534610E-12
 0.30231377645540E-11
 0.44952530112314E-12
-0.80682668094839E-12
 0.11012207298291E-11
 0.16449040721041E-11
 0.12683854247288E-11
 0.18539788710044E-12
-0.22288341013530E-11
-0.73682174880351E-07
-0.58015569551411E-07
-0.32152779820698E-06
 0.41941745849747E-06
-0.79299724223170E-06
 0.11767808929848E-05
-0.12430817262916E-05
-0.78651233626089E-07
-0.49400189060567E-08
-0.47125932134406E-08
-0.16684267333192E-07
-0.10692225929310E-07
-0.17948652824037E-07
-0.38206151268244E-07
-0.50998157580852E-07
-0.77749968803889E-07
-0.12085570849326E-06
-0.16889548509638E-06
-0.21966212590177E-06
-0.33813717925225E-06
-0.46523013999548E-06
-0.65625521512316E-06
-0.88963825158392E-06
-0.12050506122541E-05
-0.16097796573061E-05
-0.20686256024893E-05
-0.27745781732863E-05
-0.36428736683528E-05
-0.46774104209945E-05
-0.59515159862281E-05
-0.75092211409859E-05
-0.94685660250321E-05
-0.11863209416607E-04
-0.14669545772817E-04
-0.18045470859023E-04
-0.21970483564353E-04
-0.26844203383209E-04
-0.32493755989648E-04
-0.39065062932977E-04
-0.46735010673966E-04
-0.55636332473047E-04
-0.65881677412085E-04
-0.77779444165127E-04
-0.91415873846545E-04
-0.10705798189054E-03
-0.12477401966438E-03
-0.14486916515865E-03
-0.16758238084915E-03
-0.19323717998402E-03
-0.22209208968184E-03
-0.25451180221797E-03
-0.28055701379425E-03
-0.33122550246628E-03
-0.37623820036778E-03
-0.42634790227970E-03
-0.48173672677986E-03
-0.54266209659781E-03
-0.60988164340081E-03
-0.66860898824048E-03
-0.76599442091752E-03
-0.85590927604177E-03
-0.95455300324681E-03
-0.10623934423668E-02
-0.11801043088023E-02
-0.13087291353851E-02
-0.14494401257535E-02
-0.16025842792156E-02
-0.17694924337710E-02
-0.19514380300794E-02
-0.21491889505153E-02
-0.23906930108955E-02
-0.25976869547653E-02
-0.28515785551459E-02
-0.31277156619570E-02
-0.34280140643200E-02
-0.37792649703955E-02
-0.41102413433181E-02
-0.44960632214107E-02
-0.49162980174374E-02
-0.53631059667983E-02
-0.59076733814024E-02
-0.64132189872832E-02
-0.70067578066233E-02
-0.76386963820098E-02
-0.84333016938252E-02
-0.91450895944679E-02
-0.10001403354308E-01
-0.10919696449589E-01
-0.11989324598182E-01
-0.13144516033243E-01
-0.14403812195180E-01
-0.15865114137041E-01
-0.17482579767886E-01
-0.19252741677100E-01
-0.21330731526394E-01
-0.23699311187004E-01
-0.26297574122417E-01
-0.29353570833218E-01
-0.32913709763590E-01
-0.37109102931374E-01
-0.42104667529603E-01
-0.48147978607989E-01
-0.55514325995697E-01
-0.64779413007990E-01
-0.76783123796229E-01
-0.92634490407547E-01
-0.11500541547836E+00
-0.14831900572018E+00
-0.20162516397453E+00
-0.63064046641879E+01
-0.57424050849090E+01
-0.58739165040036E-01
 0.34378224041970E-02
 0.36112795577990E-01
 0.56401268802832E-01
 0.70230678368841E-01
 0.80299150207941E-01
 0.87972127686284E-01
 0.94000523484882E-01
 0.98914670528558E-01
 0.10297408675175E+00
 0.10642746831584E+00
 0.10940641456986E+00
 0.11201540904159E+00
 0.11433152157296E+00
 0.11641310666830E+00
 0.11830399722070E+00
 0.12003889150670E+00
 0.12164472476278E+00
 0.12314320351451E+00
 0.12455149932542E+00
 0.12588342237547E+00
 0.12714844898211E+00
 0.12836083858574E+00
 0.12952271063591E+00
 0.13064173069433E+00
 0.13172253975422E+00
 0.13276892080934E+00
 0.13378409699195E+00
 0.13476910109435E+00
 0.13573335364803E+00
 0.13666384349424E+00
 0.13757584679501E+00
 0.13846377281906E+00
 0.13932996884309E+00
 0.14017494737174E+00
 0.14099947191463E+00
 0.14180410923738E+00
 0.14258958568326E+00
 0.14335605022654E+00
 0.14410420736238E+00
 0.14483445462220E+00
 0.14554732684195E+00
 0.14624298589215E+00
 0.14692185685796E+00
 0.14758732318786E+00
 0.14823102366936E+00
 0.14886513320937E+00
 0.14948281201126E+00
 0.15008597271294E+00
 0.15067530758859E+00
 0.15125117319033E+00
 0.15181406949948E+00
 0.15236436974819E+00
 0.15290258818282E+00
 0.15342909146634E+00
 0.15394428907648E+00
 0.15444863214903E+00
 0.15494250786428E+00
 0.15542636624798E+00
 0.15590028999801E+00
 0.15636498259289E+00
 0.15682069773622E+00
 0.15726776033106E+00
 0.15770649767285E+00
 0.15813727623513E+00
 0.15856034479732E+00
 0.15897607585061E+00
 0.15938471734367E+00
 0.15978654033365E+00
 0.16018178624837E+00
 0.16057039585390E+00
 0.16095377471944E+00
 0.16133131659455E+00
 0.16170311575060E+00
 0.16206957981789E+00
 0.16243019853930E+00
 0.16278564488397E+00
 0.16313877205018E+00
 0.16348385357003E+00
 0.16382773537484E+00
 0.16416618920409E+00
 0.16450055680522E+00
 0.16483106841509E+00
 0.16515781151241E+00
 0.16548092822474E+00
 0.16580060876096E+00
 0.16611696155644E+00
 0.16643009001233E+00
 0.16674000608204E+00
 0.16704694444468E+00
 0.16735106626874E+00
 0.16765144975842E+00
 0.16795139077725E+00
 0.16824680587998E+00
 0.16854003478353E+00
 0.16883128027061E+00
 0.16912030675114E+00
 0.16940644350717E+00
 0.16969049810266E+00
 0.16997226161197E+00
 0.17025240944637E+00
 0.17053025354629E+00
 0.17080610106712E+00
 0.17108002397435E+00
 0.17135207256076E+00
 0.17162232900578E+00
 0.17189076833344E+00
 0.17215749735319E+00
 0.17242251467980E+00
 0.17268587710207E+00
 0.17294761800187E+00
 0.17320778283591E+00
 0.17346637254065E+00
 0.17372346909896E+00
 0.17397906474095E+00
 0.17423318633868E+00
 0.17448588621855E+00
 0.17473716558356E+00
 0.17498706210056E+00
 0.17523557324113E+00
 0.17548277301298E+00
 0.17572863244495E+00
 0.17597318313453E+00
 0.17621644728447E+00
 0.17645845276480E+00
 0.17669919619396E+00
 0.17693868827037E+00
 0.17717696470098E+00
 0.17741404055974E+00
 0.17764990921586E+00
 0.17788459739400E+00
 0.17811810229797E+00
 0.17835044834027E+00
 0.17858164612700E+00
 0.17881169195487E+00
 0.17904060003068E+00
 0.17926838597793E+00
 0.17949506348874E+00
 0.17972062622734E+00
 0.17994507954841E+00
 0.18016845065043E+00
 0.18039072482632E+00
 0.18061191808941E+00
 0.18083204763187E+00
 0.18105109893547E+00
 0.18126909121900E+00
 0.18148601665036E+00
 0.18170189850172E+00
 0.18191672447376E+00
 0.18213050364682E+00
 0.18234326230203E+00
 0.18255479903526E+00
 0.18276536439826E+00
 0.18297533679968E+00
 0.18318388503177E+00
 0.18339152032958E+00
 0.18360079306005E+00
 0.18380374394725E+00
