 0.00000000000000E+00
 0.00000000000000E+00
-0.25094961296949E-26
-0.18821220972712E-26
-0.77114236209689E-26
-0.15610473120794E-24
-0.46728493165980E-23
-0.26369691517894E-22
-0.31970248951385E-21
-0.11066624637018E-20
-0.45607907594983E-20
-0.23215319238544E-19
-0.26332891443981E-19
-0.11062408780013E-18
-0.19201823370186E-18
 0.59730262040865E-18
-0.42218088027024E-19
 0.87719805122816E-18
 0.30060214256139E-17
 0.37320789815889E-17
 0.10648692679297E-17
-0.49449703105337E-18
 0.76730650422387E-17
 0.18383384997030E-17
 0.14432720013011E-16
 0.93447259458034E-17
 0.58647754876371E-17
 0.53962969658602E-17
 0.77944857691707E-17
 0.96701641628214E-17
 0.11385838449774E-16
 0.15789564922107E-16
-0.81153922383702E-12
-0.23821728774568E-11
 0.31156330408642E-11
 0.43928265627466E-11
-0.37528780019073E-12
 0.96775153961702E-12
-0.57662495254590E-11
-0.33951569239264E-11
 0.26694715774113E-11
-0.32882145324013E-11
-0.45668672597652E-11
-0.13827939155209E-12
-0.12597963234668E-11
-0.11522812052908E-11
 0.88827082926707E-12
-0.14798002405791E-11
 0.61217538654568E-11
-0.17088479745769E-11
-0.12835910454242E-12
 0.77827563986976E-12
-0.24790987513829E-11
 0.29575043835374E-11
 0.93074099318990E-12
 0.12050129708494E-11
-0.48969955619412E-11
 0.37398246163563E-11
-0.14914789169604E-11
-0.23023938832754E-11
-0.14788211100364E-11
 0.25803117394202E-11
-0.41379363087339E-11
 0.90350761314281E-12
-0.22633111461572E-11
 0.14511106949785E-11
-0.26786874321926E-12
 0.12136488337562E-11
 0.48646587690183E-12
-0.14656034495475E-11
-0.31081029903149E-11
 0.98986379081084E-12
 0.11320439937168E-11
 0.28758921860990E-11
 0.12672732084404E-11
 0.15602473965747E-11
 0.16352694687440E-11
 0.41214219825711E-11
 0.13368034938684E-11
 0.20651757308748E-11
-0.13346641192783E-11
 0.61979619984460E-13
-0.23323671668232E-11
-0.15324907778033E-13
 0.29885858501810E-12
 0.11115417423338E-11
-0.15795081639610E-11
 0.94866068648944E-12
-0.12374194138936E-11
 0.42697943694074E-12
-0.20698826992209E-11
-0.10900007232211E-11
 0.22888301158956E-11
-0.12166333925579E-11
 0.24375165461297E-12
 0.10562397976244E-11
 0.10157460682696E-12
-0.64480812517924E-12
 0.12497837378141E-11
-0.60371531120314E-12
 0.65107281275444E-12
 0.12856904191029E-11
-0.12023780724156E-11
 0.14566540207849E-11
 0.64025107018503E-12
 0.99319081383199E-12
 0.69253269266119E-12
 0.29781011168958E-11
 0.16218338004952E-11
 0.12151858830795E-11
-0.25861817342173E-11
-0.28976011445964E-11
-0.28051403895262E-11
 0.13719825331808E-12
 0.13505805347070E-11
-0.30432340074336E-11
 0.87880336046743E-12
-0.98913388463448E-12
-0.87809641263907E-12
 0.19471120519333E-11
-0.39227223920014E-11
-0.97882099176116E-12
-0.55472715895817E-12
 0.13250246100366E-11
-0.18592857127608E-11
 0.71869495069090E-11
 0.55153572670764E-11
-0.14564040842342E-11
 0.34051451615276E-11
 0.13156279171565E-11
-0.45221526163799E-12
 0.22737287035581E-11
 0.39335749925676E-11
 0.31143124513387E-11
-0.22414472080387E-11
 0.38087249871600E-12
-0.97566678893130E-09
 0.29642056768095E-08
-0.18831868366836E-08
 0.56477139621301E-09
 0.16250867299099E-09
 0.35070051249916E-07
-0.37295669372121E-08
-0.83794121740045E-08
-0.17989075184519E-06
-0.49887362079690E-07
 0.84939263966044E-08
-0.41351367900523E-08
 0.28835844112958E-07
 0.23616404505207E-07
 0.10346085040860E-06
-0.46753305720481E-07
 0.12046363892093E-07
-0.17869881133566E-07
 0.13818666113139E-06
 0.93420595195325E-08
-0.12682635106186E-06
-0.56457419186766E-07
-0.52060705321215E-07
-0.37313690030872E-06
 0.47566577119555E-06
 0.29802082755608E-07
 0.41319325310748E-07
 0.55108788642105E-08
 0.23187608301806E-07
 0.35422412637957E-06
-0.21093895680927E-07
-0.20871718539300E-07
-0.14683400883371E-05
 0.13015931779223E-06
 0.13514738157279E-06
 0.40675628966470E-06
-0.17337853964599E-06
 0.72789190626745E-07
 0.20473740379077E-06
 0.11378451635273E-05
 0.20374335808418E-06
-0.68982249475068E-07
 0.10740455658026E-06
-0.17665544556271E-06
 0.23347119409737E-06
-0.69781352612277E-07
-0.48223462043676E-06
-0.70344599412622E-06
 0.12049022990617E-06
 0.10266605176093E-06
-0.48969518279643E-07
-0.19561841489289E-06
-0.13482044146332E-05
 0.61482774952847E-08
-0.14595197755332E-06
 0.73898018944982E-07
 0.13592670652817E-05
 0.13652352462713E-04
 0.64559846406948E-08
 0.38259521314597E-07
 0.10461549594389E-07
-0.36187619658270E-06
-0.60894970025749E-07
-0.73620997332396E-07
-0.52717317192741E-05
-0.17485932460646E-06
 0.10721475156289E-06
-0.13823511168768E-07
-0.60444800897156E-07
-0.81910706417111E-07
-0.20748236514551E-07
 0.63827323541088E-07
 0.11976128551674E-06
-0.56199079307684E-07
 0.14296534596947E-06
-0.17446312065758E-06
 0.34651197684548E-07
-0.80721783529481E-07
-0.18744274236414E-06
 0.79526735450677E-07
-0.74412249501506E-08
 0.94150702872357E-07
 0.81100613614984E-07
-0.42892309980960E-07
-0.11536426663546E-06
-0.19046526965139E-06
 0.45657449671835E-07
-0.16853243761147E-06
-0.48178155476777E-06
 0.97502238825473E-07
 0.22965274396678E-06
-0.24691053429825E-06
 0.52233037911723E-06
-0.18349373831623E-05
 0.31416630834350E-06
-0.57086118855402E-08
 0.10473887801134E-06
 0.14577772107822E-07
 0.46149442283621E-07
 0.37159334666271E-06
-0.10731634866877E-06
 0.37186919167417E-09
-0.19030483328206E-06
 0.12299591689716E-05
-0.18150387604417E-05
-0.48780514940272E-05
-0.54450618135261E-06
-0.45430075125309E-06
-0.27812913248939E-06
-0.10337954747833E-06
 0.24330137445571E-06
 0.36406929912690E-06
 0.90268721906441E-08
-0.21606288610180E-06
-0.24694336466302E-06
-0.10535736974838E-06
-0.60093132585191E-07
 0.14712179507067E-07
 0.14123606882416E-06
 0.33884482978233E-07
 0.12224993395590E-08
 0.12619734484942E-06
 0.51469452820028E-07
-0.12019356790765E-06
-0.10312525634051E-06
 0.67607758264429E-07
 0.10367235384162E-06
 0.21808535981666E-06
-0.14988331619840E-06
 0.10024425822033E-06
 0.69583772402580E-07
-0.14113583061019E-06
-0.93258031521084E-07
-0.22549399614255E-06
 0.26818731359833E-08
 0.11240945838411E-06
 0.10274311008919E-06
-0.20527107628933E-07
 0.64406224290806E-07
 0.10256772694628E-07
 0.95564394637037E-07
 0.18187801893289E-06
-0.54316216185012E-07
 0.10008255799321E-06
-0.20468077918600E-08
-0.69936603461423E-07
-0.20745052738859E-07
 0.34168635937233E-07
-0.77050754202801E-07
 0.19194554062888E-06
-0.28858333491788E-07
-0.11128692141742E-07
-0.74022135857054E-07
-0.27233658909876E-06
 0.21001260759135E-06
-0.27174164866635E-07
 0.13839845900804E-06
 0.40709911238204E-05
 0.16890761148637E-04
-0.79832849127701E-06
 0.19722515780148E-06
-0.45168410888018E-05
 0.44295906078893E-04
 0.50315147158593E-06
