 0.00000000000000E+00
 0.00000000000000E+00
-0.45874527380216E-26
-0.45874527380216E-26
-0.13835532306819E-25
-0.34078863628317E-24
-0.10282738725229E-22
-0.13316838313212E-21
-0.99083179250101E-21
 0.42685473176059E-12
 0.71340952927102E-11
 0.10291816222643E-10
 0.80398908385758E-11
 0.88890915074675E-11
-0.43830782104378E-12
 0.33976687158265E-11
 0.67819045250224E-11
-0.14550179266400E-12
 0.95330482821247E-11
 0.47029632096944E-11
-0.59938803361733E-12
 0.68196915648253E-12
 0.19349463729728E-11
-0.42482874784072E-11
 0.10793639000176E-11
 0.50815940029510E-11
-0.62650208603641E-12
-0.73003524414794E-11
-0.10663442907639E-10
-0.49461671252147E-11
 0.81568338528952E-11
 0.56344887174551E-06
-0.62634106775619E-06
 0.13983775054076E-05
-0.23463601678291E-05
 0.39768383833926E-05
-0.77408930787098E-05
 0.64036985102680E-05
 0.41865912461447E-06
-0.16206734102141E-08
-0.36752981205122E-08
 0.11106910720481E-06
-0.84331887069921E-07
-0.63119935627203E-07
-0.52515212955687E-09
-0.21091827623752E-07
 0.88813296374962E-08
 0.51804189729640E-07
-0.24657555149898E-06
-0.51267064140211E-06
-0.33848279459302E-06
-0.60397656167021E-06
-0.62723581360105E-06
-0.10088440603513E-05
-0.11594523853988E-05
-0.16520738028123E-05
-0.30440948022424E-05
-0.27164244252806E-05
-0.30182282379032E-05
-0.44816075892934E-05
-0.62540416398340E-05
-0.79560724634562E-05
-0.91690672270998E-05
-0.10720170708518E-04
-0.14319984904505E-04
-0.17927255509602E-04
-0.23508876288377E-04
-0.26324748138597E-04
-0.31575011295142E-04
-0.38606466441392E-04
-0.46305508895092E-04
-0.55763201044697E-04
-0.67498820290121E-04
-0.79080039482791E-04
-0.92283961698268E-04
-0.10732845483681E-03
-0.12536164312838E-03
-0.14598094056538E-03
-0.16961742182315E-03
-0.19531415323861E-03
-0.22396599145610E-03
-0.25465216302183E-03
-0.90759620314533E-03
-0.34078192615904E-03
-0.38054393796632E-03
-0.42268978018183E-03
-0.47513383123221E-03
-0.54544670829936E-03
-0.62344349085515E-03
-0.16067607298924E-02
-0.78455690652338E-03
-0.86763950931591E-03
-0.95897621514792E-03
-0.10655369151411E-02
-0.11912896380299E-02
-0.13273428261124E-02
-0.14747020687184E-02
-0.16394397749214E-02
-0.18158902577950E-02
-0.19944841510629E-02
-0.21972003645176E-02
-0.35721672382126E-03
-0.27015117346276E-02
-0.29845482614562E-02
-0.32811482011401E-02
-0.35974132299909E-02
-0.18314177355923E-02
-0.43016934602193E-02
-0.47377408325064E-02
-0.52315758943837E-02
-0.68124677197232E-02
-0.57039270195603E-02
-0.71203063222923E-02
-0.78425158368063E-02
-0.10334917830269E-01
-0.63177391624506E-02
-0.10699354019279E-01
-0.11945510864187E-01
-0.15625524114202E-01
-0.14841563328056E-01
-0.16655417775636E-01
-0.21544596052607E-01
-0.20859546119724E-01
-0.21877573422440E-01
-0.29378950036718E-01
-0.29618165942421E-01
-0.32020995458401E-01
-0.40905478623757E-01
-0.50029814830461E-01
-0.60626958350703E-01
-0.71266964855539E-01
-0.85471466976343E-01
-0.10219223054548E+00
-0.13166482038410E+00
-0.16924155679418E+00
-0.22271123960352E+00
-0.31411121250056E+00
-0.46467069061347E+00
-0.79995321791774E+00
-0.20713190430512E+01
 0.83315069980911E+03
-0.16999707019731E+03
 0.25041935455073E+01
 0.12462842986235E+01
 0.75371513672355E+00
 0.50511583779455E+00
 0.36422665959474E+00
 0.27483229677261E+00
 0.21539635699130E+00
 0.17572198138228E+00
 0.14562688874794E+00
 0.12511701153138E+00
 0.10864380902169E+00
 0.95869520647878E-01
 0.85824481355967E-01
 0.77796132458484E-01
 0.71262762078422E-01
 0.65919644386021E-01
 0.61480319977131E-01
 0.57770766803184E-01
 0.54621719501685E-01
 0.51932527562928E-01
 0.49615970595636E-01
 0.47905957763910E-01
 0.45815001084352E-01
 0.44243001564664E-01
 0.42824313953105E-01
 0.41546995229266E-01
 0.40405287832375E-01
 0.39321609136665E-01
 0.38747399513618E-01
 0.36879386821852E-01
 0.36362303880532E-01
 0.35726488582920E-01
 0.34970554521451E-01
 0.34232334452336E-01
 0.33553192018891E-01
 0.32906776574633E-01
 0.32289249699856E-01
 0.31674371750661E-01
 0.31116704681058E-01
 0.30576648547641E-01
 0.30060261273862E-01
 0.29547679455842E-01
 0.29077171928060E-01
 0.28805259322356E-01
 0.27767386464522E-01
 0.27825284563110E-01
 0.27352235548502E-01
 0.26936304922215E-01
 0.26560335129525E-01
 0.26190005337326E-01
 0.25850453174099E-01
 0.25524195766552E-01
 0.25200464114343E-01
 0.24885326827404E-01
 0.24595429508646E-01
 0.24310008930320E-01
 0.24034929604748E-01
 0.23770252743362E-01
 0.23507372571628E-01
 0.23278376077048E-01
 0.23047704059196E-01
 0.22824274633152E-01
 0.22610979369689E-01
 0.22403856992957E-01
 0.22203842043303E-01
 0.22019351297502E-01
 0.21837220651346E-01
 0.21659730615414E-01
 0.21495297130470E-01
 0.21338395990904E-01
 0.21346033971829E-01
 0.21093660000511E-01
 0.20847872640001E-01
 0.20667627946588E-01
 0.20413643837053E-01
 0.20427938422780E-01
 0.20517660696216E-01
 0.20081622462855E-01
 0.20379644339149E-01
 0.20049458424062E-01
 0.19940511535241E-01
 0.19845082719055E-01
 0.19743248295449E-01
 0.19654377864335E-01
 0.19573737803271E-01
 0.19484322814902E-01
 0.19397464961537E-01
 0.19317564673352E-01
 0.19262368677748E-01
 0.19206204970906E-01
 0.19130708867250E-01
 0.19265442304936E-01
 0.18854823765451E-01
 0.18952947334477E-01
 0.18956074402549E-01
 0.18867761457065E-01
 0.18678242223473E-01
 0.18756514920387E-01
 0.18706901677681E-01
 0.18711580335365E-01
 0.18606089752520E-01
 0.18562395002018E-01
 0.18529848584984E-01
 0.18496861035464E-01
 0.18467332310166E-01
 0.18427945429116E-01
 0.18400642544037E-01
 0.18367868595408E-01
 0.18340870186086E-01
 0.18313021294405E-01
 0.18289071732481E-01
 0.18261864479454E-01
 0.18246237938045E-01
 0.18219436080990E-01
 0.18199743329243E-01
 0.18182187750355E-01
 0.18162017173063E-01
 0.18147203559465E-01
 0.18128620079642E-01
 0.18119577189354E-01
 0.18100002340028E-01
 0.18087052685611E-01
 0.18074735974223E-01
 0.18065524270181E-01
 0.18050985804245E-01
 0.18040133240364E-01
 0.18035095942051E-01
 0.18026899014463E-01
 0.18016629072116E-01
 0.18008444066518E-01
 0.18001190998329E-01
 0.17995341124971E-01
 0.17990221032938E-01
 0.17981296500961E-01
 0.17977863004592E-01
 0.17975581628434E-01
 0.17972548397905E-01
 0.17967101005044E-01
 0.17963099609163E-01
 0.17962772968442E-01
 0.17959448411835E-01
 0.17959066948517E-01
 0.17958265638802E-01
 0.17953933621580E-01
 0.17952197829443E-01
 0.17949905181465E-01
 0.17953038598789E-01
 0.17949479202557E-01
 0.17952411225202E-01
 0.17952759219746E-01
 0.17944132393468E-01
 0.18047795314280E-01
 0.18013700008599E-01
 0.17941185736105E-01
 0.17978529816314E-01
 0.17961995695061E-01
 0.15240383580128E-01
 0.17949273986555E-01
