 0.26811017568188+283
 0.16374070332741+137
 0.29929842832183E+88
 0.12796120721279E+64
 0.30595859934269E+49
 0.54708174188583E+39
 0.59631170323694E+32
 0.35771665789723E+27
 0.31048083507900E+23
 0.17491668998823E+20
 0.38405358440071E+17
 0.23389731834902E+15
 0.31223636945345E+13
 0.77220384869143E+11
 0.31276027776431E+10
 0.18913001835346E+09
 0.15909042316729E+08
 0.17619204600791E+07
 0.24599266110428E+06
 0.41817027037973E+05
 0.84152093915757E+04
 0.19591566740771E+04
 0.51772727114397E+03
 0.15285762106330E+03
 0.49755288188853E+02
 0.17655270262717E+02
 0.67642939667978E+01
 0.27752846678963E+01
 0.12107489023139E+01
 0.55821186798348E+00
 0.27052697003254E+00
 0.13717099756620E+00
 0.72470338201882E-01
 0.39749761149449E-01
 0.31007485818754E+04
 0.18161395724533E+04
 0.18289998161221E+04
 0.11323032926695E+04
 0.11428294362843E+04
 0.92067783408192E+03
 0.75023364568560E+03
 0.61788365660926E+03
 0.51395010363839E+03
 0.43147525160085E+03
 0.36537957173376E+03
 0.31192021565680E+03
 0.26831113696261E+03
 0.23244683449045E+03
 0.20272635677981E+03
 0.17792062917662E+03
 0.15707401081658E+03
 0.13944645293668E+03
 0.12444825538203E+03
 0.11161603642802E+03
 0.10057743148552E+03
 0.91033023432840E+02
 0.82739815279419E+02
 0.75501905826916E+02
 0.69157146625696E+02
 0.63572323777844E+02
 0.58636993228179E+02
 0.54258964632792E+02
 0.50361344691812E+02
 0.46879761214324E+02
 0.43759828522697E+02
 0.40955359696592E+02
 0.38426970784714E+02
 0.36140789790909E+02
 0.34067988879798E+02
 0.32184078515907E+02
 0.30467514284857E+02
 0.28899793098037E+02
 0.27464602377026E+02
 0.26147935863286E+02
 0.24937522140753E+02
 0.23822625286956E+02
 0.22793605587648E+02
 0.21842115738470E+02
 0.20960788154446E+02
 0.20143024911552E+02
 0.19382997282747E+02
 0.18675488657775E+02
 0.18015889787486E+02
 0.17403138832509E+02
 0.16827413819583E+02
 0.16288333604953E+02
 0.15782911726667E+02
 0.15308415043421E+02
 0.14862369474772E+02
 0.14442538015860E+02
 0.14046928737863E+02
 0.13673630705190E+02
 0.13320991551720E+02
 0.12987493770622E+02
 0.12671716844635E+02
 0.12372365456396E+02
 0.12088280243423E+02
 0.11818317456598E+02
 0.11561496236167E+02
 0.11316884033971E+02
 0.11083624734972E+02
 0.10860908396823E+02
 0.10648006369874E+02
 0.10444173803345E+02
 0.10248776718617E+02
 0.10061198501998E+02
 0.98808573132887E+01
 0.97072256868654E+01
 0.95397436272349E+01
 0.93779283733054E+01
 0.92213048521854E+01
 0.90696134481312E+01
 0.89220401805570E+01
 0.87782939286719E+01
 0.86379730594734E+01
 0.85006528247369E+01
 0.83659310652596E+01
 0.82333563572938E+01
 0.81025198170860E+01
 0.79730036254900E+01
 0.78443343253270E+01
 0.77160636026779E+01
 0.75877199043089E+01
 0.74587647675381E+01
 0.73286692597241E+01
 0.71968760251716E+01
 0.70626326826387E+01
 0.69252711073210E+01
 0.67839566106959E+01
 0.66377444532669E+01
 0.64855639524167E+01
 0.63261275682919E+01
 0.61579011498405E+01
 0.59789204806123E+01
 0.57867758281322E+01
 0.55782625965766E+01
 0.53489954222545E+01
 0.50925179503134E+01
 0.47986439209482E+01
 0.44489704502522E+01
 0.40018929944316E+01
 0.32879910449824E+01
 0.70351144193139E+00
 0.65281646316597E+00
 0.61956331664793E+00
 0.59598326677639E+00
 0.57857696230892E+00
 0.56545474100165E+00
 0.55548149785333E+00
 0.54792451905661E+00
 0.54227526401619E+00
 0.53817457826101E+00
 0.53534855005129E+00
 0.53359246853699E+00
 0.53274315430149E+00
 0.53266880037708E+00
 0.53326060076762E+00
 0.53442719762792E+00
 0.53609054222253E+00
 0.53818321662248E+00
 0.54064636548645E+00
 0.54342829892474E+00
 0.54648326261405E+00
 0.54977070487955E+00
 0.55325404030017E+00
 0.55690223973487E+00
 0.56068610404809E+00
 0.56458018746758E+00
 0.56856190198530E+00
 0.57261120334748E+00
 0.57671038271156E+00
 0.58084383240998E+00
 0.58499784521927E+00
 0.58915780054066E+00
 0.59331840991191E+00
 0.59746809494233E+00
 0.60159904363539E+00
 0.60570456473471E+00
 0.60977896038470E+00
 0.61381739781533E+00
 0.61781589768157E+00
 0.62177109665298E+00
 0.62568026852180E+00
 0.62954122337781E+00
 0.63335223863828E+00
 0.63711199796505E+00
 0.64081954328072E+00
 0.64447422540577E+00
 0.64807296419277E+00
 0.65162089640514E+00
 0.65511550465504E+00
 0.65855695136497E+00
 0.66194558842279E+00
 0.66528187924059E+00
 0.66856639365231E+00
 0.67179977940868E+00
 0.67498275510878E+00
 0.67811608973535E+00
 0.68120060416573E+00
 0.68422333953224E+00
 0.68721263733957E+00
 0.69015573541139E+00
 0.69305354197186E+00
 0.69590696694611E+00
 0.69871692609002E+00
 0.70148433381904E+00
 0.70421010011095E+00
 0.70689512589431E+00
 0.70954030121067E+00
 0.71214650657729E+00
 0.71471460917577E+00
 0.71724546022051E+00
 0.71973989571944E+00
 0.72219873462663E+00
 0.72462278039194E+00
 0.72701281757449E+00
 0.72936961450030E+00
 0.73169391947451E+00
 0.73398646348134E+00
 0.73624796106537E+00
 0.73847910710543E+00
 0.74068057871937E+00
 0.74285303647240E+00
 0.74499712217333E+00
 0.74711346257263E+00
 0.74920266544189E+00
 0.75126532307333E+00
 0.75330201298033E+00
 0.75531329404546E+00
 0.75729971205086E+00
 0.75926179745341E+00
 0.76120006546806E+00
 0.76311501718412E+00
 0.76500714094102E+00
 0.76687691114645E+00
 0.76872478652202E+00
 0.77055121789911E+00
 0.77235664026106E+00
 0.77414147800346E+00
 0.77590614304190E+00
 0.77765103693912E+00
 0.77937655032564E+00
 0.78108306186051E+00
 0.78277094180102E+00
 0.78444054909656E+00
 0.78609223385938E+00
 0.78772633651155E+00
 0.78934318812549E+00
 0.79094311220249E+00
 0.79252642248167E+00
 0.79409342479661E+00
 0.79564441688403E+00
 0.79717968968610E+00
 0.79869952537937E+00
 0.80020419988190E+00
 0.80169398129179E+00
 0.80316913178510E+00
 0.80462990603285E+00
 0.80607655271373E+00
 0.80750931446329E+00
 0.80892842761771E+00
 0.81033412301593E+00
 0.81172662576846E+00
 0.81310615500288E+00
 0.81447292514144E+00
 0.81582714537062E+00
 0.81716901962098E+00
 0.81849874716053E+00
 0.81981652256362E+00
 0.82112253579808E+00
 0.82241697232730E+00
 0.82370001347908E+00
 0.82497183622214E+00
 0.82623261373022E+00
 0.82748251501714E+00
 0.82872170289187E+00
 0.82995034359793E+00
 0.83116859309665E+00
 0.83237660562819E+00
 0.83357453229907E+00
 0.83476252086793E+00
 0.83594071574427E+00
 0.83710925848537E+00
 0.83826828741494E+00
 0.83941793798611E+00
 0.84055834272475E+00
 0.84168963134767E+00
 0.84281193089938E+00
 0.84392536592542E+00
 0.84503005800477E+00
 0.84612612657916E+00
 0.84721368850542E+00
 0.84829285825614E+00
 0.84936374810744E+00
 0.85042646780619E+00
 0.85148112538999E+00
 0.85252782600403E+00
 0.85356667339616E+00
 0.85459766195486E+00
 0.85562110447848E+00
