 0.10202137646724E+03
 0.10202137646724E+03
 0.10202137646724E+03
 0.10202137646724E+03
 0.10202137646724E+03
 0.10202137646722E+03
 0.10202137646666E+03
 0.10202137645973E+03
 0.10202137641030E+03
 0.10202137617243E+03
 0.10202137531428E+03
 0.10202137282162E+03
 0.10202136669309E+03
 0.10202135347385E+03
 0.10202132778987E+03
 0.10202132554907E+03
 0.10202124921084E+03
 0.10202118109019E+03
 0.10202109996884E+03
 0.10202094025466E+03
 0.10202069617519E+03
 0.10202040250047E+03
 0.10201998463811E+03
 0.10201948446846E+03
 0.10201881840519E+03
 0.10201803429232E+03
 0.10201708295801E+03
 0.10201589825643E+03
 0.10201448789163E+03
 0.10201288429064E+03
 0.10201098488222E+03
 0.10200884483181E+03
 0.10200636641146E+03
 0.10200360480355E+03
 0.10200046559533E+03
 0.10199696224621E+03
 0.10199312191984E+03
 0.10198884650833E+03
 0.10198415219078E+03
 0.10197906745757E+03
 0.10197349590224E+03
 0.10196745712317E+03
 0.10196093742801E+03
 0.10195396540727E+03
 0.10194644483078E+03
 0.10193839937382E+03
 0.10192981703471E+03
 0.10192068497062E+03
 0.10191103509770E+03
 0.10190077000518E+03
 0.10188991737498E+03
 0.10187846640346E+03
 0.10186640536378E+03
 0.10185376588082E+03
 0.10184045235038E+03
 0.10182649239262E+03
 0.10181187451101E+03
 0.10179658602766E+03
 0.10178061375915E+03
 0.10176398642105E+03
 0.10174660675141E+03
 0.10172849885797E+03
 0.10170964681245E+03
 0.10169003289653E+03
 0.10166963801444E+03
 0.10164844154801E+03
 0.10162642117359E+03
 0.10160359614884E+03
 0.10157985545256E+03
 0.10155521138019E+03
 0.10152963336222E+03
 0.10150308761909E+03
 0.10147553755162E+03
 0.10144694329948E+03
 0.10141726158863E+03
 0.10138648884954E+03
 0.10135448949624E+03
 0.10132124968212E+03
 0.10128671017633E+03
 0.10125080673236E+03
 0.10121346992902E+03
 0.10117462497773E+03
 0.10113419113476E+03
 0.10109211065354E+03
 0.10104823095412E+03
 0.10100248122608E+03
 0.10095475374401E+03
 0.10090493281022E+03
 0.10085289436204E+03
 0.10079850536151E+03
 0.10074166676639E+03
 0.10068214068003E+03
 0.10061980490515E+03
 0.10055448398244E+03
 0.10048599039051E+03
 0.10041412319083E+03
 0.10033870991332E+03
 0.10025943631706E+03
 0.10017609571325E+03
 0.10008842308698E+03
 0.99996133524706E+02
 0.99898921794041E+02
 0.99796503100336E+02
 0.99688440394444E+02
 0.99574394688693E+02
 0.99453956669854E+02
 0.99326684562954E+02
 0.99192143211479E+02
 0.99049732870667E+02
 0.98898933691443E+02
 0.98739136661443E+02
 0.98569643172571E+02
 0.98389838154011E+02
 0.98198819407857E+02
 0.97995759437953E+02
 0.97779706622444E+02
 0.97549652849133E+02
 0.97304354605288E+02
 0.97042560995423E+02
 0.96762873109065E+02
 0.96463604349248E+02
 0.96142979400082E+02
 0.95798987115704E+02
 0.95429222948424E+02
 0.95031089370509E+02
 0.94601384482123E+02
 0.94136657387416E+02
 0.93632706612924E+02
 0.93084528932177E+02
 0.92486143416778E+02
 0.91830369622020E+02
 0.91108228366650E+02
 0.90308421986775E+02
 0.89416651564495E+02
 0.88413773263677E+02
 0.87273728213947E+02
 0.85959078321352E+02
 0.84413613567917E+02
 0.82543844729910E+02
 0.80175814617783E+02
 0.76899788478908E+02
 0.70972270598543E+02
 0.29024041050550E+02
 0.26748644324100E+02
 0.25021486507643E+02
 0.23617390290939E+02
 0.22430019376287E+02
 0.21399771419199E+02
 0.20489544486692E+02
 0.19674798454577E+02
 0.18937820264439E+02
 0.18266104358933E+02
 0.17649808615577E+02
 0.17081534786235E+02
 0.16555315427515E+02
 0.16066302436993E+02
 0.15610481891138E+02
 0.15184480009198E+02
 0.14785416038241E+02
 0.14410806046053E+02
 0.14058487505028E+02
 0.13726560552681E+02
 0.13413347430022E+02
 0.13117355029756E+02
 0.12837258818124E+02
 0.12571838077260E+02
 0.12320023741682E+02
 0.12080836363328E+02
 0.11853385620709E+02
 0.11636860377636E+02
 0.11430519121794E+02
 0.11233682592018E+02
 0.11045727288847E+02
 0.10865960344247E+02
 0.10694088790966E+02
 0.10529510475676E+02
 0.10371775379570E+02
 0.10220467798402E+02
 0.10075203064778E+02
 0.99356237464959E+01
 0.98014017703639E+01
 0.96722296514973E+01
 0.95478228624352E+01
 0.94279170151520E+01
 0.93122662471687E+01
 0.92006417761142E+01
 0.90928304936068E+01
 0.89886337539744E+01
 0.88877464934438E+01
 0.87902313763553E+01
 0.86958128253310E+01
 0.86043379716158E+01
 0.85156653728737E+01
 0.84296626219231E+01
 0.83462055785329E+01
 0.82651778099106E+01
 0.81864699942418E+01
 0.81099794369637E+01
 0.80356095196604E+01
 0.79626548682786E+01
 0.78922521555978E+01
 0.78237129561998E+01
 0.77569611234282E+01
 0.76919247886634E+01
 0.76285360271343E+01
 0.75667306035537E+01
 0.75064477251445E+01
 0.74476298245140E+01
 0.73902223437682E+01
 0.73341735241280E+01
 0.72794342371963E+01
 0.72259578217443E+01
 0.71736999246592E+01
 0.71226183590950E+01
 0.70726729623380E+01
 0.70238254870067E+01
 0.69760394695995E+01
 0.69292801461592E+01
 0.68835143350864E+01
 0.68387103039866E+01
 0.67948378927362E+01
 0.67518680161379E+01
 0.67097730714611E+01
 0.66685265238929E+01
 0.66281029780101E+01
 0.65884781126487E+01
 0.65496286019669E+01
 0.65115320634584E+01
 0.64741670224454E+01
 0.64375128631992E+01
 0.64015497699506E+01
 0.63662586797204E+01
 0.63316212960157E+01
 0.62976199595905E+01
 0.62642377926890E+01
 0.62314583468731E+01
 0.61992659724242E+01
 0.61676454732547E+01
 0.61365822206236E+01
 0.61060621088268E+01
 0.60760715236927E+01
 0.60465973179706E+01
 0.60176268031955E+01
 0.59891477157865E+01
 0.59611481951028E+01
 0.59336167937259E+01
 0.59065424224001E+01
 0.58799143631872E+01
 0.58537222335192E+01
 0.58279559900857E+01
 0.58026059038643E+01
 0.57776625498814E+01
 0.57531167907456E+01
 0.57289597752555E+01
 0.57051829181906E+01
 0.56817778925203E+01
 0.56587366194942E+01
 0.56360512602337E+01
 0.56137142032105E+01
 0.55917180605501E+01
 0.55700556542125E+01
 0.55487200124515E+01
 0.55277043586119E+01
 0.55070021100228E+01
 0.54866068627082E+01
 0.54665123902634E+01
 0.54467126391421E+01
 0.54272017165741E+01
 0.54079738884088E+01
 0.53890235778342E+01
 0.53703453498600E+01
 0.53519339168015E+01
 0.53337841262028E+01
 0.53158909594703E+01
 0.52982495275414E+01
 0.52808549434723E+01
 0.52637028004751E+01
 0.52467884600989E+01
 0.52301075025700E+01
 0.52136556217581E+01
 0.51974286183566E+01
 0.51814223948247E+01
 0.51656329524511E+01
 0.51500563895880E+01
 0.51346888985595E+01
 0.51195267596342E+01
 0.51045663430190E+01
 0.50898041040287E+01
 0.50752365775117E+01
 0.50608603834617E+01
 0.50466722144311E+01
 0.50326688428089E+01
 0.50188471079024E+01
 0.50052039289581E+01
 0.49917362871873E+01
 0.49784412374174E+01
 0.49653158870684E+01
 0.49523574222370E+01
 0.49395632853648E+01
 0.49269302127013E+01
