 0.13365020614712E+00
 0.13365020614712E+00
 0.13365020614712E+00
 0.13365020614712E+00
 0.13365020614712E+00
 0.13365020614719E+00
 0.13365020614884E+00
 0.13365020616482E+00
 0.13365020625556E+00
 0.13365020660889E+00
 0.13365020765605E+00
 0.13365021018869E+00
 0.13365021543538E+00
 0.13365022507248E+00
 0.13365024116800E+00
 0.13365004182768E+00
 0.13365007805316E+00
 0.13364986153025E+00
 0.13364942155605E+00
 0.13364900107033E+00
 0.13364852160702E+00
 0.13364768356602E+00
 0.13364673857306E+00
 0.13364532971152E+00
 0.13364373742602E+00
 0.13364156003293E+00
 0.13363889016069E+00
 0.13363590464579E+00
 0.13363239884512E+00
 0.13362804044887E+00
 0.13362319203756E+00
 0.13361740651261E+00
 0.13361102540339E+00
 0.13360360690591E+00
 0.13359548025618E+00
 0.13358642866412E+00
 0.13357616289586E+00
 0.13356504942889E+00
 0.13355286139469E+00
 0.13353932528861E+00
 0.13352480682591E+00
 0.13350908192512E+00
 0.13349210211373E+00
 0.13347360604788E+00
 0.13345397782051E+00
 0.13343298929581E+00
 0.13341059918046E+00
 0.13338677379125E+00
 0.13336125242794E+00
 0.13333444059745E+00
 0.13330610354638E+00
 0.13327620537027E+00
 0.13324471568139E+00
 0.13321138205452E+00
 0.13317660344525E+00
 0.13314014596750E+00
 0.13310197417315E+00
 0.13306205555493E+00
 0.13302035646351E+00
 0.13297662432460E+00
 0.13293124448091E+00
 0.13288397525049E+00
 0.13283477152308E+00
 0.13278358809333E+00
 0.13273037631474E+00
 0.13267508366224E+00
 0.13261765326210E+00
 0.13255780300864E+00
 0.13249589674694E+00
 0.13243165344839E+00
 0.13236499168595E+00
 0.13229582530744E+00
 0.13222406101635E+00
 0.13214959721706E+00
 0.13207232362770E+00
 0.13199190194047E+00
 0.13190863073667E+00
 0.13182216219090E+00
 0.13173234291093E+00
 0.13163900940772E+00
 0.13154198515358E+00
 0.13144108010052E+00
 0.13133608921848E+00
 0.13122653579673E+00
 0.13111267819484E+00
 0.13099402369137E+00
 0.13087029753561E+00
 0.13074120733853E+00
 0.13060643999274E+00
 0.13046566020052E+00
 0.13031829264243E+00
 0.13016437586961E+00
 0.13000329371633E+00
 0.12983460534294E+00
 0.12965784205746E+00
 0.12947250266998E+00
 0.12927784007604E+00
 0.12907369298765E+00
 0.12885924830092E+00
 0.12863385014957E+00
 0.12839679642250E+00
 0.12814733718090E+00
 0.12788445649460E+00
 0.12760770559541E+00
 0.12731595922941E+00
 0.12700822413965E+00
 0.12668343318641E+00
 0.12634022754586E+00
 0.12597777403097E+00
 0.12559453971658E+00
 0.12518907776762E+00
 0.12475973143811E+00
 0.12430475063469E+00
 0.12382262795188E+00
 0.12331114442515E+00
 0.12276809932668E+00
 0.12219086572776E+00
 0.12157719904043E+00
 0.12092397483337E+00
 0.12022774776857E+00
 0.11948530704432E+00
 0.11869244319231E+00
 0.11784444016422E+00
 0.11693659321615E+00
 0.11596275280126E+00
 0.11491653452425E+00
 0.11379039551433E+00
 0.11257519606554E+00
 0.11126079838998E+00
 0.10983509007251E+00
 0.10828296514254E+00
 0.10658656902487E+00
 0.10472338968536E+00
 0.10266537596061E+00
 0.10037537830616E+00
 0.97803576207022E-01
 0.94879174228216E-01
 0.91498179565107E-01
 0.87489809443768E-01
 0.82541942991496E-01
 0.75934359583647E-01
 0.64679265919627E-01
 0.10816918614639E-01
 0.91872876989160E-02
 0.80391471653247E-02
 0.71622186931239E-02
 0.64601568408972E-02
 0.58803345276582E-02
 0.53907398205941E-02
 0.49705488794890E-02
 0.46051496251171E-02
 0.42842581701852E-02
 0.40000347617596E-02
 0.37466018562943E-02
 0.35193194039079E-02
 0.33144818142880E-02
 0.31290779639288E-02
 0.29606264364938E-02
 0.28070546201518E-02
 0.26666149565938E-02
 0.25378208609739E-02
 0.24193974856703E-02
 0.23102453884056E-02
 0.22094099771123E-02
 0.21160618580912E-02
 0.20294638602929E-02
 0.19489776282433E-02
 0.18740353039714E-02
 0.18041331693187E-02
 0.17388231421824E-02
 0.16777052884833E-02
 0.16204217428735E-02
 0.15666514958341E-02
 0.15160725900521E-02
 0.14684911575754E-02
 0.14236398185040E-02
 0.13813062280378E-02
 0.13412981110577E-02
 0.13034410088290E-02
 0.12675760884820E-02
 0.12335596300569E-02
 0.12012598552909E-02
 0.11705567419697E-02
 0.11413406014204E-02
 0.11135110555698E-02
 0.10869761331690E-02
 0.10616514440193E-02
 0.10374594597526E-02
 0.10143015328954E-02
 0.99216608587121E-03
 0.97096624174695E-03
 0.95064569556708E-03
 0.93115276902068E-03
 0.91243965399428E-03
 0.89446205185112E-03
 0.87717888010666E-03
 0.86055198994032E-03
 0.84454592469532E-03
 0.82912767925489E-03
 0.81426644137417E-03
 0.79993369805959E-03
 0.78610260592977E-03
 0.77274815390463E-03
 0.75984695241219E-03
 0.74737709699819E-03
 0.73531805832852E-03
 0.72365057692885E-03
 0.71235657003300E-03
 0.70141904449625E-03
 0.69082201248105E-03
 0.68055042234523E-03
 0.67059009258242E-03
 0.66092764845684E-03
 0.65155046725617E-03
 0.64244662456711E-03
 0.63360484920770E-03
 0.62501447742641E-03
 0.61666541449391E-03
 0.60854809619893E-03
 0.60063214149181E-03
 0.59297241804222E-03
 0.58547703561406E-03
 0.57820021563700E-03
 0.57111452899290E-03
 0.56421260413099E-03
 0.55748775538065E-03
 0.55093362106195E-03
 0.54454413842443E-03
 0.53831352855474E-03
 0.53223627459005E-03
 0.52630711302091E-03
 0.52052101406398E-03
 0.51487317507911E-03
 0.50937894968368E-03
 0.50397454919159E-03
 0.49873399133300E-03
 0.49359563650738E-03
 0.48857391350999E-03
 0.48366565276944E-03
 0.47886732470018E-03
 0.47417552789617E-03
 0.46958699969287E-03
 0.46509860428158E-03
 0.46070733264485E-03
 0.45641029400784E-03
 0.45220470642145E-03
 0.44808789722028E-03
 0.44405729401559E-03
 0.44011042184110E-03
 0.43624489752775E-03
 0.43245842653016E-03
 0.42874879771399E-03
 0.42511388059205E-03
 0.42155162104758E-03
 0.41806003783844E-03
 0.41463722036660E-03
 0.41128132431108E-03
 0.40799056959337E-03
 0.40476323768621E-03
 0.40159766803768E-03
 0.39849225696346E-03
 0.39544545405728E-03
 0.39245576079030E-03
 0.38952172820022E-03
 0.38664195441953E-03
 0.38381508361778E-03
 0.38103980312462E-03
 0.37831484276149E-03
 0.37563897260526E-03
 0.37301100082430E-03
 0.37042977382277E-03
 0.36789417300021E-03
 0.36540311472823E-03
 0.36295554830808E-03
 0.36055045474857E-03
 0.35820473614875E-03
 0.35588239765063E-03
 0.35359879131670E-03
 0.35135383553279E-03
 0.34914669556416E-03
 0.34697652286424E-03
 0.34484249146422E-03
 0.34274379885809E-03
 0.34067966564396E-03
 0.33864933398935E-03
 0.33665206808105E-03
 0.33468715212203E-03
 0.33275389021077E-03
 0.33085160612089E-03
 0.32897964145838E-03
 0.32713735622199E-03
 0.32532412745213E-03
 0.32353934967756E-03
 0.32178243225552E-03
 0.32005280136622E-03
 0.31834989729506E-03
 0.31667317698569E-03
 0.31502210905950E-03
 0.31339620102970E-03
 0.31181239235418E-03
