 0.11684620761838E+00
 0.11684620761838E+00
 0.11684620761838E+00
 0.11684620761838E+00
 0.11684620761838E+00
 0.11684620761838E+00
 0.11684620761838E+00
 0.11684620761838E+00
 0.11684620761838E+00
 0.11684620761838E+00
 0.11684620761838E+00
 0.11684620761838E+00
 0.11684620761838E+00
 0.11684620761838E+00
 0.11684620761838E+00
 0.11684593000437E+00
 0.11684593000437E+00
 0.11684559996937E+00
 0.11684497317527E+00
 0.11684434763010E+00
 0.11684362377930E+00
 0.11684242870424E+00
 0.11684107230226E+00
 0.11683911152589E+00
 0.11683689274687E+00
 0.11683391826168E+00
 0.11683030263996E+00
 0.11682626497968E+00
 0.11682155236072E+00
 0.11681575404875E+00
 0.11680931969350E+00
 0.11680169677019E+00
 0.11679330910447E+00
 0.11678361091216E+00
 0.11677301107658E+00
 0.11676124222386E+00
 0.11674794783745E+00
 0.11673358254170E+00
 0.11671786726696E+00
 0.11670046436838E+00
 0.11668182797053E+00
 0.11666168201463E+00
 0.11663996783763E+00
 0.11661636333415E+00
 0.11659134524835E+00
 0.11656463263463E+00
 0.11653617585874E+00
 0.11650593473445E+00
 0.11647358828463E+00
 0.11643963999895E+00
 0.11640380120909E+00
 0.11636602945608E+00
 0.11632628928515E+00
 0.11628427072146E+00
 0.11624046992452E+00
 0.11619460033269E+00
 0.11614662117720E+00
 0.11609649567478E+00
 0.11604418595759E+00
 0.11598938378974E+00
 0.11593257038002E+00
 0.11587345181989E+00
 0.11581197786946E+00
 0.11574809872819E+00
 0.11568176093531E+00
 0.11561290685412E+00
 0.11554147416621E+00
 0.11546712281766E+00
 0.11539031208013E+00
 0.11531070485519E+00
 0.11522821165253E+00
 0.11514273807375E+00
 0.11505418183141E+00
 0.11496243143921E+00
 0.11486736576780E+00
 0.11476858314777E+00
 0.11466646984726E+00
 0.11456061484662E+00
 0.11445084869182E+00
 0.11433699080669E+00
 0.11421884599902E+00
 0.11409620389055E+00
 0.11396883727759E+00
 0.11383619051279E+00
 0.11369860244235E+00
 0.11355550036696E+00
 0.11340657844433E+00
 0.11325151109542E+00
 0.11308994939020E+00
 0.11292151939249E+00
 0.11274555385396E+00
 0.11256214478338E+00
 0.11237057998111E+00
 0.11217036654085E+00
 0.11196098028512E+00
 0.11174186050252E+00
 0.11151214757577E+00
 0.11127170688682E+00
 0.11101960586971E+00
 0.11075511022259E+00
 0.11047743399887E+00
 0.11018573781352E+00
 0.10987886167999E+00
 0.10955634888427E+00
 0.10921691905190E+00
 0.10885946210786E+00
 0.10848278623874E+00
 0.10808535221646E+00
 0.10766627589067E+00
 0.10722382778094E+00
 0.10675639817212E+00
 0.10626214596278E+00
 0.10573910640717E+00
 0.10518565629680E+00
 0.10459931886583E+00
 0.10397766556302E+00
 0.10331777927072E+00
 0.10261724287910E+00
 0.10187260903966E+00
 0.10108008918375E+00
 0.10023623470534E+00
 0.99336452329034E-01
 0.98375616302117E-01
 0.97348709321569E-01
 0.96249086443811E-01
 0.95069975778844E-01
 0.93803353981229E-01
 0.92439535027481E-01
 0.90967909544596E-01
 0.89375871206739E-01
 0.87647728113695E-01
 0.85765168072413E-01
 0.83705253717155E-01
 0.81439713002450E-01
 0.78931432685988E-01
 0.76131219856131E-01
 0.72969948467709E-01
 0.69347634899677E-01
 0.65102221954801E-01
 0.59942599212213E-01
 0.53209379103051E-01
 0.42231750751960E-01
 0.39870216358193E-02
 0.33646271194504E-02
 0.29498212709596E-02
 0.26460887430877E-02
 0.24109537497649E-02
 0.22220004908772E-02
 0.20660161586862E-02
 0.19346463526366E-02
 0.18221864053800E-02
 0.17247197820209E-02
 0.16393265454291E-02
 0.15638728588080E-02
 0.14967081815208E-02
 0.14365410560756E-02
 0.13823418190968E-02
 0.13332769476578E-02
 0.12886612685469E-02
 0.12479256846817E-02
 0.12105927342182E-02
 0.11762582530362E-02
 0.11445779215911E-02
 0.11152562825163E-02
 0.10880394483742E-02
 0.10627044031801E-02
 0.10390599089398E-02
 0.10169376551280E-02
 0.99618984155038E-03
 0.97668627455632E-03
 0.95831185038775E-03
 0.94096451623085E-03
 0.92455353966548E-03
 0.90897786293347E-03
 0.89420492449051E-03
 0.88015054270553E-03
 0.86675658061777E-03
 0.85397080425981E-03
 0.84174614898724E-03
 0.83003994103216E-03
 0.81881413390267E-03
 0.80803374617680E-03
 0.79766720253073E-03
 0.78768580991882E-03
 0.77806345151461E-03
 0.76877632553146E-03
 0.75980269894763E-03
 0.75112270307555E-03
 0.74269804743673E-03
 0.73455159701696E-03
 0.72664891475966E-03
 0.71897562639128E-03
 0.71151876967690E-03
 0.70426640240426E-03
 0.69720749703546E-03
 0.69033186732928E-03
 0.68363008465982E-03
 0.67709341595785E-03
 0.67071375686391E-03
 0.66448355560960E-03
 0.65839587385507E-03
 0.65244416833433E-03
 0.64662236773452E-03
 0.64092480935719E-03
 0.63534620269074E-03
 0.62988160036039E-03
 0.62452637047029E-03
 0.61927617299536E-03
 0.61412693726298E-03
 0.60907483890407E-03
 0.60411628329949E-03
 0.59924788805412E-03
 0.59446646702929E-03
 0.58976901630195E-03
 0.58515270017331E-03
 0.58061484034387E-03
 0.57615290364947E-03
 0.57176449322527E-03
 0.56744733815326E-03
 0.56317928136869E-03
 0.55901784945231E-03
 0.55488231582624E-03
 0.55082931920622E-03
 0.54683818673091E-03
 0.54290691007358E-03
 0.53903388947021E-03
 0.53521760430003E-03
 0.53145660274334E-03
 0.52774949838000E-03
 0.52409496552447E-03
 0.52049173636083E-03
 0.51693859093057E-03
 0.51343437053527E-03
 0.50999794061226E-03
 0.50656873275895E-03
 0.50322422585410E-03
 0.49990549685890E-03
 0.49662997812177E-03
 0.49339728676012E-03
 0.49020655702944E-03
 0.48705693919200E-03
 0.48394761468950E-03
 0.48087779064903E-03
 0.47784670521935E-03
 0.47485362025399E-03
 0.47189782316157E-03
 0.46897862383588E-03
 0.46609535482824E-03
 0.46324736955247E-03
 0.46043404164381E-03
 0.45765476423640E-03
 0.45490894814354E-03
 0.45219602184311E-03
 0.44951543047309E-03
 0.44686663484456E-03
 0.44424911111163E-03
 0.44166234983387E-03
 0.43910585530630E-03
 0.43657914527021E-03
 0.43408175003031E-03
 0.43161321213118E-03
 0.42917308567524E-03
 0.42676093582880E-03
 0.42437633897208E-03
 0.42201888109555E-03
 0.41968815863602E-03
 0.41738377733524E-03
 0.41510535206279E-03
 0.41285250649289E-03
 0.41062487281222E-03
 0.40842209134184E-03
 0.40624381030107E-03
 0.40408968549550E-03
 0.40195938001913E-03
 0.39985256396939E-03
 0.39778878201817E-03
 0.39572883573706E-03
 0.39369046864360E-03
 0.39167428854577E-03
 0.38968004364550E-03
 0.38770744433091E-03
 0.38575620415576E-03
 0.38382604186119E-03
 0.38191668176019E-03
 0.38002785285404E-03
 0.37815928945051E-03
 0.37631073033084E-03
 0.37448191908722E-03
 0.37267260387988E-03
 0.37088253717394E-03
 0.36911147559899E-03
 0.36735918013270E-03
 0.36562541573510E-03
 0.36390995121364E-03
 0.36221255918846E-03
 0.36053301613290E-03
 0.35887110194354E-03
 0.35722660010596E-03
 0.35559931984055E-03
 0.35400886339391E-03
