 0.10000000133514E-09
 0.10000000133514E-09
 0.10000000133514E-09
 0.10000000133514E-09
 0.10000000133514E-09
 0.10000000133514E-09
 0.10000000133514E-09
 0.10000000133514E-09
 0.10000000133514E-09
 0.10000000133514E-09
 0.10000000133514E-09
 0.10000000133514E-09
 0.10000000133514E-09
 0.10000000133514E-09
 0.10000000133514E-09
 0.10000000133514E-09
 0.10000000133514E-09
 0.10000000133514E-09
 0.10000000133514E-09
 0.10000000133514E-09
 0.10000000133514E-09
 0.10000000133514E-09
 0.10000000133514E-09
 0.10000000133514E-09
 0.10000000133514E-09
 0.10000000133514E-09
 0.10000000133514E-09
 0.10000000133514E-09
 0.10000000133514E-09
 0.10000000133514E-09
 0.10000000133514E-09
 0.10000000133514E-09
 0.10000000133514E-09
 0.10000000133514E-09
 0.13743090146208E-04
 0.13743090146208E-04
 0.22958027899834E-04
 0.22958027899834E-04
 0.36522069102452E-04
 0.45334795287409E-04
 0.55737312107948E-04
 0.67921554121650E-04
 0.82090202019116E-04
 0.98457612182781E-04
 0.11724928016218E-03
 0.13870008600213E-03
 0.16305853644561E-03
 0.19058115360379E-03
 0.22153383843656E-03
 0.25619699466967E-03
 0.29485208859512E-03
 0.33780303682199E-03
 0.38534932943903E-03
 0.43780861612677E-03
 0.49550841966818E-03
 0.55877875426094E-03
 0.62795486468352E-03
 0.70339539939612E-03
 0.78545576764450E-03
 0.87449836805311E-03
 0.97090365714764E-03
 0.10750432348770E-02
 0.11873014116165E-02
 0.13080753256077E-02
 0.14377696209660E-02
 0.15767944494511E-02
 0.17255642684634E-02
 0.18844802463297E-02
 0.20539805054340E-02
 0.22345092905560E-02
 0.24265014993016E-02
 0.26304111134296E-02
 0.28466781282592E-02
 0.30757692852407E-02
 0.33181585340872E-02
 0.35743203303393E-02
 0.38447468934909E-02
 0.41299236162874E-02
 0.44303614722403E-02
 0.47465683982859E-02
 0.50790700078363E-02
 0.54283966816060E-02
 0.57951050717997E-02
 0.61808414862837E-02
 0.65841601745910E-02
 0.70065911746547E-02
 0.74487536059837E-02
 0.79112682789716E-02
 0.83947724422266E-02
 0.88999252115496E-02
 0.94274032965175E-02
 0.99779271933948E-02
 0.10552218658727E-01
 0.11151051606576E-01
 0.11775203307042E-01
 0.12425487451751E-01
 0.13102746085340E-01
 0.13807886465330E-01
 0.14541829386033E-01
 0.15305545650772E-01
 0.16100065475482E-01
 0.16926449348446E-01
 0.17785805005910E-01
 0.18679335666668E-01
 0.19608276970296E-01
 0.20573945452321E-01
 0.21577734124178E-01
 0.22621115987643E-01
 0.23705692669204E-01
 0.24833119504919E-01
 0.26005192304057E-01
 0.27224484913351E-01
 0.28491816019655E-01
 0.29809961873641E-01
 0.31181309513099E-01
 0.32608408592934E-01
 0.34094022022452E-01
 0.35641195881629E-01
 0.37253205693647E-01
 0.38933638626329E-01
 0.40686475417677E-01
 0.42516069825459E-01
 0.44427250744853E-01
 0.46425450993363E-01
 0.48516686243684E-01
 0.50708410343542E-01
 0.53007424191950E-01
 0.55423080049809E-01
 0.57965707140624E-01
 0.60647426575887E-01
 0.63482601860970E-01
 0.66488713859866E-01
 0.69687487064873E-01
 0.73104625338309E-01
 0.76775032435323E-01
 0.80744513274936E-01
 0.85078114318700E-01
 0.89869166621336E-01
 0.95272449259234E-01
 0.10156622702129E+00
 0.10939424261436E+00
 0.12142792921863E+00
 0.18429044797624E+00
 0.19158211369109E+00
 0.19836442659060E+00
 0.20491129019173E+00
 0.21134872526268E+00
 0.21774314663527E+00
 0.22413414927491E+00
 0.23054508020037E+00
 0.23699237444387E+00
 0.24348358685819E+00
 0.25002320860376E+00
 0.25661235864358E+00
 0.26324980745291E+00
 0.26993243127959E+00
 0.27665560456637E+00
 0.28341354433651E+00
 0.29019956082216E+00
 0.29700628872003E+00
 0.30382586880184E+00
 0.31065020502566E+00
 0.31747102466967E+00
 0.32428013052702E+00
 0.33106904091332E+00
 0.33783092724514E+00
 0.34455787889673E+00
 0.35124294852996E+00
 0.35787970696596E+00
 0.36446224783562E+00
 0.37098524075293E+00
 0.37744392797927E+00
 0.38383412052232E+00
 0.39015221187934E+00
 0.39639503937179E+00
 0.40256003767542E+00
 0.40864508718320E+00
 0.41464850696197E+00
 0.42056901946795E+00
 0.42640572002169E+00
 0.43215803256502E+00
 0.43782567685152E+00
 0.44340863993800E+00
 0.44890714300109E+00
 0.45432161070998E+00
 0.45965264295020E+00
 0.46490099502512E+00
 0.47006755363040E+00
 0.47515332574758E+00
 0.48015937047231E+00
 0.48508686736812E+00
 0.48993703872472E+00
 0.49471116235726E+00
 0.49941054697897E+00
 0.50403653473881E+00
 0.50859048310821E+00
 0.51307376377670E+00
 0.51748774985892E+00
 0.52183382127056E+00
 0.52611339915767E+00
 0.53032773619398E+00
 0.53447823771001E+00
 0.53856623893086E+00
 0.54259305279415E+00
 0.54655997544247E+00
 0.55046828181980E+00
 0.55431922451034E+00
 0.55811403106314E+00
 0.56185390365777E+00
 0.56554002140514E+00
 0.56917353800471E+00
 0.57275558037190E+00
 0.57628725003846E+00
 0.57976962231476E+00
 0.58320374830734E+00
 0.58659065250469E+00
 0.58993133573305E+00
 0.59322677218222E+00
 0.59647791234723E+00
 0.59968568490095E+00
 0.60285099069714E+00
 0.60597471217497E+00
 0.60905770600293E+00
 0.61210080779277E+00
 0.61510483296185E+00
 0.61807057386205E+00
 0.62099880330431E+00
 0.62389027536181E+00
 0.62674572214820E+00
 0.62956585864138E+00
 0.63235138132094E+00
 0.63510296853193E+00
 0.63782128064561E+00
 0.64050696305989E+00
 0.64316064215350E+00
 0.64578292974280E+00
 0.64837442254936E+00
 0.65093570138322E+00
 0.65346733315197E+00
 0.65596986973913E+00
 0.65844385005719E+00
 0.66088979971416E+00
 0.66330823000344E+00
 0.66569964128475E+00
 0.66806452067374E+00
 0.67040334372848E+00
 0.67271657450319E+00
 0.67500466539956E+00
 0.67726805914533E+00
 0.67950718667480E+00
 0.68172246899697E+00
 0.68391431705921E+00
 0.68608313301454E+00
 0.68822930841366E+00
 0.69035322659198E+00
 0.69245526134172E+00
 0.69453577860997E+00
 0.69659513517321E+00
 0.69863368006417E+00
 0.70065175449837E+00
 0.70264969180687E+00
 0.70462781810899E+00
 0.70658645223033E+00
 0.70852590542381E+00
 0.71044648268065E+00
 0.71234848222169E+00
 0.71423219549873E+00
 0.71609790786565E+00
 0.71794589853288E+00
 0.71977644061281E+00
 0.72158980143188E+00
 0.72338624270983E+00
 0.72516602053125E+00
 0.72692938582257E+00
 0.72867658406772E+00
 0.73040785569286E+00
 0.73212343617263E+00
 0.73382355635483E+00
 0.73550844209410E+00
 0.73717831481687E+00
 0.73883339142375E+00
 0.74047388434974E+00
 0.74210000203035E+00
 0.74371194857143E+00
 0.74530992410231E+00
 0.74689412480915E+00
 0.74846474298577E+00
 0.75002196722046E+00
 0.75156598262897E+00
 0.75309697032566E+00
 0.75461510836267E+00
 0.75612057119240E+00
 0.75761353005387E+00
 0.75909415290528E+00
 0.76056260442198E+00
 0.76201904651952E+00
 0.76346363764275E+00
 0.76489653365018E+00
 0.76631778799396E+00
 0.76772775151147E+00
