 0.33667053747712E+03
 0.33667053747712E+03
 0.33667053747712E+03
 0.33667053747712E+03
 0.33667053747712E+03
 0.33667053747706E+03
 0.33667053747522E+03
 0.33667053745236E+03
 0.33667053728925E+03
 0.33667053650425E+03
 0.33667053367238E+03
 0.33667052544657E+03
 0.33667050522242E+03
 0.33667046159894E+03
 0.33667037684183E+03
 0.33667036944716E+03
 0.33667011753102E+03
 0.33666989273288E+03
 0.33666962503242E+03
 0.33666909797565E+03
 0.33666829251341E+03
 0.33666732338683E+03
 0.33666594444106E+03
 0.33666429388124E+03
 0.33666209587248E+03
 0.33665950830006E+03
 0.33665636889689E+03
 0.33665245938173E+03
 0.33664780517796E+03
 0.33664251329475E+03
 0.33663624524707E+03
 0.33662918308083E+03
 0.33662100429378E+03
 0.33661189098779E+03
 0.33660153160082E+03
 0.33658997054889E+03
 0.33657729747207E+03
 0.33656318861427E+03
 0.33654769736660E+03
 0.33653091774724E+03
 0.33651253161491E+03
 0.33649260364428E+03
 0.33647108865056E+03
 0.33644808098245E+03
 0.33642326308037E+03
 0.33639671307281E+03
 0.33636839135416E+03
 0.33633825554309E+03
 0.33630641096292E+03
 0.33627253615808E+03
 0.33623672247895E+03
 0.33619893427346E+03
 0.33615913284311E+03
 0.33611742254995E+03
 0.33607348790013E+03
 0.33602742004017E+03
 0.33597918103158E+03
 0.33592872903723E+03
 0.33587602055192E+03
 0.33582115033698E+03
 0.33576379742798E+03
 0.33570404138050E+03
 0.33564182963119E+03
 0.33557710370959E+03
 0.33550980059967E+03
 0.33543985226147E+03
 0.33536718502692E+03
 0.33529186244632E+03
 0.33521351814975E+03
 0.33513219271210E+03
 0.33504778525403E+03
 0.33496018430294E+03
 0.33486926908162E+03
 0.33477490805093E+03
 0.33467695840652E+03
 0.33457540836900E+03
 0.33446981050463E+03
 0.33436011911962E+03
 0.33424613875216E+03
 0.33412765738878E+03
 0.33400444593952E+03
 0.33387625760214E+03
 0.33374282592226E+03
 0.33360396033625E+03
 0.33345915733025E+03
 0.33330818322990E+03
 0.33315068254135E+03
 0.33298627346222E+03
 0.33281454658568E+03
 0.33263506288653E+03
 0.33244749552535E+03
 0.33225105944319E+03
 0.33204535138906E+03
 0.33182979234722E+03
 0.33160376349714E+03
 0.33136660174163E+03
 0.33111773792944E+03
 0.33085613506557E+03
 0.33058111107695E+03
 0.33029179141444E+03
 0.32998723586334E+03
 0.32966643715678E+03
 0.32932845547244E+03
 0.32897184854815E+03
 0.32859549772461E+03
 0.32819805226818E+03
 0.32777805432148E+03
 0.32733406786803E+03
 0.32686411375014E+03
 0.32636647646589E+03
 0.32583914627451E+03
 0.32527981776932E+03
 0.32468646121664E+03
 0.32405609936344E+03
 0.32338600147244E+03
 0.32267302719157E+03
 0.32191384975061E+03
 0.32110436555762E+03
 0.32024044665755E+03
 0.31931747664590E+03
 0.31832988975278E+03
 0.31727182743581E+03
 0.31613665291377E+03
 0.31491643117938E+03
 0.31360259039125E+03
 0.31218456428006E+03
 0.31065096488969E+03
 0.30898792735790E+03
 0.30717894103757E+03
 0.30520426886529E+03
 0.30304021537385E+03
 0.30065714926556E+03
 0.29801778825012E+03
 0.29507494589912E+03
 0.29176544755424E+03
 0.28800329894449E+03
 0.28366495436161E+03
 0.27856492074897E+03
 0.27239468367271E+03
 0.26458018441560E+03
 0.25376929831353E+03
 0.23420848959097E+03
 0.95779334082840E+02
 0.88270524994056E+02
 0.82570904282106E+02
 0.77937386833935E+02
 0.74019062872201E+02
 0.70619244662937E+02
 0.67615495829066E+02
 0.64926833961936E+02
 0.62494805969625E+02
 0.60278143513483E+02
 0.58244367589794E+02
 0.56369063980065E+02
 0.54632540121380E+02
 0.53018797275975E+02
 0.51514589496391E+02
 0.50108783306300E+02
 0.48791872221171E+02
 0.47555659264816E+02
 0.46393008096232E+02
 0.45297649169315E+02
 0.44264045879475E+02
 0.43287270972712E+02
 0.42362953487680E+02
 0.41487065055484E+02
 0.40656077760085E+02
 0.39866759422923E+02
 0.39116171983126E+02
 0.38401638691309E+02
 0.37720712556870E+02
 0.37071152017995E+02
 0.36450899526495E+02
 0.35857668617887E+02
 0.35290492500255E+02
 0.34747384067645E+02
 0.34226858258017E+02
 0.33727543247376E+02
 0.33248169633346E+02
 0.32787557889669E+02
 0.32344625374834E+02
 0.31918357388733E+02
 0.31507814990760E+02
 0.31112125700443E+02
 0.30730478171613E+02
 0.30362117422456E+02
 0.30006340195323E+02
 0.29662490959504E+02
 0.29329563004564E+02
 0.29007763122821E+02
 0.28696181908944E+02
 0.28394314896045E+02
 0.28101695324425E+02
 0.27817886250389E+02
 0.27542478011181E+02
 0.27275086378591E+02
 0.27015350590637E+02
 0.26762931755266E+02
 0.26517511031711E+02
 0.26276760685630E+02
 0.26044431737141E+02
 0.25818252382396E+02
 0.25597971337432E+02
 0.25383351435810E+02
 0.25174168525786E+02
 0.24970210630917E+02
 0.24771277135042E+02
 0.24577178065765E+02
 0.24387733382042E+02
 0.24202772279902E+02
 0.24022132635637E+02
 0.23845660467196E+02
 0.23673209409307E+02
 0.23504640245380E+02
 0.23339820438464E+02
 0.23178623772200E+02
 0.23020929917035E+02
 0.22866624151912E+02
 0.22715596977554E+02
 0.22567743677061E+02
 0.22422964722026E+02
 0.22281164131301E+02
 0.22142250815875E+02
 0.22006137210866E+02
 0.21872739511381E+02
 0.21741977457577E+02
 0.21613774074180E+02
 0.21488055498919E+02
 0.21364750865357E+02
 0.21243792141593E+02
 0.21125113935587E+02
 0.21008653339511E+02
 0.20894349974937E+02
 0.20782145566355E+02
 0.20671984417172E+02
 0.20563812247542E+02
 0.20457577413396E+02
 0.20353229767644E+02
 0.20250721035443E+02
 0.20150004667969E+02
 0.20051035738456E+02
 0.19953770860979E+02
 0.19858168163602E+02
 0.19764187176511E+02
 0.19671788759589E+02
 0.19580935136359E+02
 0.19491589712274E+02
 0.19403717118142E+02
 0.19317283091486E+02
 0.19232254489384E+02
 0.19148599206062E+02
 0.19066286139108E+02
 0.18985285135131E+02
 0.18905566985165E+02
 0.18827103357985E+02
 0.18749866774389E+02
 0.18673830574501E+02
 0.18598968890023E+02
 0.18525256602912E+02
 0.18452669333181E+02
 0.18381183393300E+02
 0.18310775776506E+02
 0.18241424119838E+02
 0.18173106700481E+02
 0.18105802385315E+02
 0.18039490627205E+02
 0.17974151449449E+02
 0.17909765405905E+02
 0.17846313573877E+02
 0.17783777549884E+02
 0.17722139398460E+02
 0.17661381670245E+02
 0.17601487362134E+02
 0.17542439912771E+02
 0.17484223188247E+02
 0.17426821061648E+02
 0.17370218990575E+02
 0.17314401668140E+02
 0.17259354509090E+02
 0.17205063303195E+02
 0.17151514192744E+02
 0.17098693655852E+02
 0.17046588496772E+02
 0.16995185840067E+02
 0.16944473120405E+02
 0.16894438062675E+02
 0.16845068688558E+02
 0.16796353300594E+02
 0.16748280463782E+02
 0.16700839024103E+02
 0.16654018066979E+02
 0.16607806941293E+02
 0.16562195216761E+02
 0.16517172726895E+02
 0.16472729509693E+02
 0.16428855846087E+02
 0.16385542190561E+02
 0.16342779257235E+02
 0.16300558606167E+02
 0.16258869466980E+02
