 0.12482170915363E+03
 0.12482170915363E+03
 0.12482170915363E+03
 0.12482170915363E+03
 0.12482170915363E+03
 0.12482170915362E+03
 0.12482170915358E+03
 0.12482170915408E+03
 0.12482170916313E+03
 0.12482170922613E+03
 0.12482170950653E+03
 0.12482171043988E+03
 0.12482171296351E+03
 0.12482171879925E+03
 0.12482173075145E+03
 0.12482170452854E+03
 0.12482174276497E+03
 0.12482174685244E+03
 0.12482173181524E+03
 0.12482176063490E+03
 0.12482182857723E+03
 0.12482188473699E+03
 0.12482199874869E+03
 0.12482211000991E+03
 0.12482229667003E+03
 0.12482249033065E+03
 0.12482273003445E+03
 0.12482307346569E+03
 0.12482349614167E+03
 0.12482394610742E+03
 0.12482452153647E+03
 0.12482514548514E+03
 0.12482591118862E+03
 0.12482674223901E+03
 0.12482772872891E+03
 0.12482884159925E+03
 0.12483003648503E+03
 0.12483140927783E+03
 0.12483292846004E+03
 0.12483455018903E+03
 0.12483636938207E+03
 0.12483835255257E+03
 0.12484050366771E+03
 0.12484278007674E+03
 0.12484527838762E+03
 0.12484796220518E+03
 0.12485083517273E+03
 0.12485390219152E+03
 0.12485711862758E+03
 0.12486058404860E+03
 0.12486425899760E+03
 0.12486814700788E+03
 0.12487225275495E+03
 0.12487653267341E+03
 0.12488108491034E+03
 0.12488587029623E+03
 0.12489089309218E+03
 0.12489615865272E+03
 0.12490167261112E+03
 0.12490739350480E+03
 0.12491341986267E+03
 0.12491971435187E+03
 0.12492628361077E+03
 0.12493313550359E+03
 0.12494027855220E+03
 0.12494772198728E+03
 0.12495547583312E+03
 0.12496350247509E+03
 0.12497190837385E+03
 0.12498066074316E+03
 0.12498977305354E+03
 0.12499926051783E+03
 0.12500913961217E+03
 0.12501942826383E+03
 0.12503014591473E+03
 0.12504126509806E+03
 0.12505290343973E+03
 0.12506503950554E+03
 0.12507769951480E+03
 0.12509091210684E+03
 0.12510470818031E+03
 0.12511912096665E+03
 0.12513418628755E+03
 0.12514990019130E+03
 0.12516638787575E+03
 0.12518365254919E+03
 0.12520174151148E+03
 0.12522070570213E+03
 0.12524059967540E+03
 0.12526148186398E+03
 0.12528336567322E+03
 0.12530641401197E+03
 0.12533065184942E+03
 0.12535615582797E+03
 0.12538300793576E+03
 0.12541129598304E+03
 0.12544106538764E+03
 0.12547251160944E+03
 0.12550569657027E+03
 0.12554073586865E+03
 0.12557775390490E+03
 0.12561688397721E+03
 0.12565821978494E+03
 0.12570201196617E+03
 0.12574837987576E+03
 0.12579750262622E+03
 0.12584957381129E+03
 0.12590475349033E+03
 0.12596336478374E+03
 0.12602560753680E+03
 0.12609175009896E+03
 0.12616210100074E+03
 0.12623690012024E+03
 0.12631660944811E+03
 0.12640156695958E+03
 0.12649219675020E+03
 0.12658891670547E+03
 0.12669234683858E+03
 0.12680301978136E+03
 0.12692153501972E+03
 0.12704871729966E+03
 0.12718534518806E+03
 0.12733230496316E+03
 0.12749076106027E+03
 0.12766185135491E+03
 0.12784711633585E+03
 0.12804813888999E+03
 0.12826685269575E+03
 0.12850565076301E+03
 0.12876739994989E+03
 0.12905547451652E+03
 0.12937423103677E+03
 0.12972915728964E+03
 0.13012727165289E+03
 0.13057805704771E+03
 0.13109457387363E+03
 0.13169578580833E+03
 0.13241068169737E+03
 0.13328820080952E+03
 0.13442127098087E+03
 0.13603459213527E+03
 0.13912289885709E+03
 0.18857398771998E+03
 0.19611533788348E+03
 0.20286873931749E+03
 0.20916957308643E+03
 0.21517766370874E+03
 0.22098184079662E+03
 0.22663682961633E+03
 0.23217730863072E+03
 0.23762805724167E+03
 0.24300420402624E+03
 0.24831696041981E+03
 0.25357327030317E+03
 0.25877770077564E+03
 0.26393297797101E+03
 0.26904053127482E+03
 0.27410088744461E+03
 0.27911395775225E+03
 0.28407922751016E+03
 0.28899589212506E+03
 0.29386299346587E+03
 0.29867945554749E+03
 0.30344419061977E+03
 0.30815595309302E+03
 0.31281410593465E+03
 0.31741752280556E+03
 0.32196540039845E+03
 0.32645707292412E+03
 0.33089200899402E+03
 0.33526982781648E+03
 0.33959029450639E+03
 0.34385331596268E+03
 0.34805915422829E+03
 0.35220753897152E+03
 0.35629896780048E+03
 0.36033382788134E+03
 0.36431259728453E+03
 0.36823583392869E+03
 0.37210416784454E+03
 0.37591827995648E+03
 0.37967890359999E+03
 0.38338680930512E+03
 0.38704279737761E+03
 0.39064768969957E+03
 0.39420232257065E+03
 0.39770754220991E+03
 0.40116419912319E+03
 0.40457333264456E+03
 0.40793541130403E+03
 0.41125145666756E+03
 0.41452229850344E+03
 0.41774875369935E+03
 0.42093162321658E+03
 0.42407169437800E+03
 0.42716973724465E+03
 0.43022650549473E+03
 0.43324273415933E+03
 0.43621914252686E+03
 0.43915730464248E+03
 0.44205615455542E+03
 0.44491722974588E+03
 0.44774117720225E+03
 0.45052862525538E+03
 0.45328018610564E+03
 0.45599645537546E+03
 0.45867801259653E+03
 0.46132542120687E+03
 0.46393922916573E+03
 0.46651997022947E+03
 0.46906816391148E+03
 0.47158431565304E+03
 0.47406891775633E+03
 0.47652244962676E+03
 0.47894537876099E+03
 0.48133816053476E+03
 0.48370123936045E+03
 0.48603504828618E+03
 0.48834001008001E+03
 0.49061654315973E+03
 0.49286503480373E+03
 0.49508589983917E+03
 0.49727950792456E+03
 0.49944624052074E+03
 0.50158646642488E+03
 0.50370054603220E+03
 0.50578883243930E+03
 0.50785167177456E+03
 0.50988940258411E+03
 0.51190235730738E+03
 0.51389086182262E+03
 0.51585523563580E+03
 0.51779579249812E+03
 0.51971283494577E+03
 0.52160668222598E+03
 0.52347760896205E+03
 0.52532592403659E+03
 0.52715190916721E+03
 0.52895584658582E+03
 0.53073801387828E+03
 0.53249868437202E+03
 0.53423812703275E+03
 0.53595660637317E+03
 0.53765438326400E+03
 0.53933171425079E+03
 0.54098885237802E+03
 0.54262604678078E+03
 0.54424354300565E+03
 0.54584158327676E+03
 0.54742040619379E+03
 0.54898024707398E+03
 0.55052133800751E+03
 0.55204390805370E+03
 0.55354818298058E+03
 0.55503438572876E+03
 0.55650273613580E+03
 0.55795345134455E+03
 0.55938674550930E+03
 0.56080283009576E+03
 0.56220191392431E+03
 0.56358420309375E+03
 0.56494990118942E+03
 0.56629920921951E+03
 0.56763232561592E+03
 0.56894944648461E+03
 0.57025076547074E+03
 0.57153647385050E+03
 0.57280676055298E+03
 0.57406181223438E+03
 0.57530181332999E+03
 0.57652694597881E+03
 0.57773739021325E+03
 0.57893332384788E+03
 0.58011492261218E+03
 0.58128236015671E+03
 0.58243580149536E+03
 0.58357542891814E+03
 0.58470140404202E+03
 0.58581389208985E+03
 0.58691305663533E+03
 0.58799905933255E+03
 0.58907205989533E+03
 0.59013221619562E+03
 0.59117968421921E+03
 0.59221461813434E+03
 0.59323717026479E+03
 0.59424749112474E+03
 0.59524572949722E+03
 0.59623203238439E+03
 0.59720654503742E+03
 0.59816941103604E+03
 0.59912077220779E+03
 0.60006076871020E+03
 0.60098953911271E+03
 0.60190722022325E+03
 0.60281394737911E+03
 0.60370985404186E+03
 0.60459507237162E+03
 0.60546971836577E+03
 0.60633394356940E+03
