 0.15216104314191E+03
 0.15216104314191E+03
 0.15216104314191E+03
 0.15216104314191E+03
 0.15216104314191E+03
 0.15216104314169E+03
 0.15216104313697E+03
 0.15216104309125E+03
 0.15216104282740E+03
 0.15216104176971E+03
 0.15216103851435E+03
 0.15216103028997E+03
 0.15216101242657E+03
 0.15216097795253E+03
 0.15216091739780E+03
 0.15216076669783E+03
 0.15216061594531E+03
 0.15216033504039E+03
 0.15215991288478E+03
 0.15215938726692E+03
 0.15215872101136E+03
 0.15215782576981E+03
 0.15215674198278E+03
 0.15215536959418E+03
 0.15215375795123E+03
 0.15215179922344E+03
 0.15214950202792E+03
 0.15214689614710E+03
 0.15214392424698E+03
 0.15214050087249E+03
 0.15213670366439E+03
 0.15213242341304E+03
 0.15212773566781E+03
 0.15212253503002E+03
 0.15211689557204E+03
 0.15211076820191E+03
 0.15210408415969E+03
 0.15209693215165E+03
 0.15208925776695E+03
 0.15208100280164E+03
 0.15207225424999E+03
 0.15206296316217E+03
 0.15205312170811E+03
 0.15204267258170E+03
 0.15203170885749E+03
 0.15202018089018E+03
 0.15200808234863E+03
 0.15199540832675E+03
 0.15198210053398E+03
 0.15196825547871E+03
 0.15195381966032E+03
 0.15193878510279E+03
 0.15192314418102E+03
 0.15190683627372E+03
 0.15188995168865E+03
 0.15187243155258E+03
 0.15185426183016E+03
 0.15183542746147E+03
 0.15181591133615E+03
 0.15179564314734E+03
 0.15177469977609E+03
 0.15175300916122E+03
 0.15173054286369E+03
 0.15170726987140E+03
 0.15168315571851E+03
 0.15165816225753E+03
 0.15163224746186E+03
 0.15160531363982E+03
 0.15157741133344E+03
 0.15154843657462E+03
 0.15151832912309E+03
 0.15148702416292E+03
 0.15145445207512E+03
 0.15142053763248E+03
 0.15138520010012E+03
 0.15134830190487E+03
 0.15130985115997E+03
 0.15126970116233E+03
 0.15122774707470E+03
 0.15118387848341E+03
 0.15113797840690E+03
 0.15108992349935E+03
 0.15103958334278E+03
 0.15098673550248E+03
 0.15093139793043E+03
 0.15087334270999E+03
 0.15081241075964E+03
 0.15074843649659E+03
 0.15068124694230E+03
 0.15061066140574E+03
 0.15053644255027E+03
 0.15045848904123E+03
 0.15037654951360E+03
 0.15029040948860E+03
 0.15019984708142E+03
 0.15010463104830E+03
 0.15000447522983E+03
 0.14989921720514E+03
 0.14978855203236E+03
 0.14967220692100E+03
 0.14954989657751E+03
 0.14942132432850E+03
 0.14928613835840E+03
 0.14914409488663E+03
 0.14899481293856E+03
 0.14883793408742E+03
 0.14867308110654E+03
 0.14849981965276E+03
 0.14831779820548E+03
 0.14812653552565E+03
 0.14792555480619E+03
 0.14771428704190E+03
 0.14749226842061E+03
 0.14725892164501E+03
 0.14701358327729E+03
 0.14675556898878E+03
 0.14648411264401E+03
 0.14619843925950E+03
 0.14589763262889E+03
 0.14558069320189E+03
 0.14524655052660E+03
 0.14489397134729E+03
 0.14452158712286E+03
 0.14412786558363E+03
 0.14371106668845E+03
 0.14326912089113E+03
 0.14279988084296E+03
 0.14230067893635E+03
 0.14176845146179E+03
 0.14119958765043E+03
 0.14058987453001E+03
 0.13993416432456E+03
 0.13922617044992E+03
 0.13845836592863E+03
 0.13762095959474E+03
 0.13670135800403E+03
 0.13568245196674E+03
 0.13454045238418E+03
 0.13323844764294E+03
 0.13171465353558E+03
 0.12983891621539E+03
 0.12714490444645E+03
 0.14962427972646E+03
 0.15650767283239E+03
 0.16297169238718E+03
 0.16923608419128E+03
 0.17540415097649E+03
 0.18152982946239E+03
 0.18764230613090E+03
 0.19375526308963E+03
 0.19987567012665E+03
 0.20600182946829E+03
 0.21212958933383E+03
 0.21825071503644E+03
 0.22435549225370E+03
 0.23043342281654E+03
 0.23647412096556E+03
 0.24246795128088E+03
 0.24840643209394E+03
 0.25428236814470E+03
 0.26008983786738E+03
 0.26582412838668E+03
 0.27148154020105E+03
 0.27705928578359E+03
 0.28255512178819E+03
 0.28796806468152E+03
 0.29329698383581E+03
 0.29854142879662E+03
 0.30370132627511E+03
 0.30877690784315E+03
 0.31376867530603E+03
 0.31867735475733E+03
 0.32350386111267E+03
 0.32824980175882E+03
 0.33291532284726E+03
 0.33750225304344E+03
 0.34201198843662E+03
 0.34644598867543E+03
 0.35080576151346E+03
 0.35509285444214E+03
 0.35930881969159E+03
 0.36345523143413E+03
 0.36753365908557E+03
 0.37154566271896E+03
 0.37549278547781E+03
 0.37937654728650E+03
 0.38319844173395E+03
 0.38695993173196E+03
 0.39066292328354E+03
 0.39430786359140E+03
 0.39789656656231E+03
 0.40143035387160E+03
 0.40491050292517E+03
 0.40833824925435E+03
 0.41171479055524E+03
 0.41504128430640E+03
 0.41831885008255E+03
 0.42154856847948E+03
 0.42473148543082E+03
 0.42787084808531E+03
 0.43096315918450E+03
 0.43401159068044E+03
 0.43701705083611E+03
 0.43998041527511E+03
 0.44290253046569E+03
 0.44578421403552E+03
 0.44862625599623E+03
 0.45142941941718E+03
 0.45419444169284E+03
 0.45692203647759E+03
 0.45961289417603E+03
 0.46226768263922E+03
 0.46488704861075E+03
 0.46747161842178E+03
 0.47002199944377E+03
 0.47253878024157E+03
 0.47502253215373E+03
 0.47747380919431E+03
 0.47989314951359E+03
 0.48228108224497E+03
 0.48463809797343E+03
 0.48696471422124E+03
 0.48926139489245E+03
 0.49152861368020E+03
 0.49376682710009E+03
 0.49597647943828E+03
 0.49815800410799E+03
 0.50031182416455E+03
 0.50243835183065E+03
 0.50453799015260E+03
 0.50661113272301E+03
 0.50865816402265E+03
 0.51067946008789E+03
 0.51267538297794E+03
 0.51464631032371E+03
 0.51659257071078E+03
 0.51851452693829E+03
 0.52041251142273E+03
 0.52228685541844E+03
 0.52413788367101E+03
 0.52596591489337E+03
 0.52777126174831E+03
 0.52955423081277E+03
 0.53131512348303E+03
 0.53305423536942E+03
 0.53477185713579E+03
 0.53646827421823E+03
 0.53814376715440E+03
 0.53979861194221E+03
 0.54143307975817E+03
 0.54304743737104E+03
 0.54464194723452E+03
 0.54621686774535E+03
 0.54777245299922E+03
 0.54930895331771E+03
 0.55082661500272E+03
 0.55232568078415E+03
 0.55380638955839E+03
 0.55526897672699E+03
 0.55671367426587E+03
 0.55814071068651E+03
 0.55955031126807E+03
 0.56094269802481E+03
 0.56231808972830E+03
 0.56367670218902E+03
 0.56501874814570E+03
 0.56634443737187E+03
 0.56765397673371E+03
 0.56894757027424E+03
 0.57022541928509E+03
 0.57148772226140E+03
 0.57273467509695E+03
 0.57396647100033E+03
 0.57518330064153E+03
 0.57638535216778E+03
 0.57757280470269E+03
 0.57874585415261E+03
 0.57990467543693E+03
 0.58104944667598E+03
 0.58218034397659E+03
 0.58329754116997E+03
 0.58440120980622E+03
 0.58549151926460E+03
 0.58656863671825E+03
 0.58763272721346E+03
 0.58868395365557E+03
 0.58972247685430E+03
 0.59074845560456E+03
 0.59176204665745E+03
 0.59276340474603E+03
 0.59375268268101E+03
 0.59473003128196E+03
 0.59569559945894E+03
 0.59664953430074E+03
 0.59759198092011E+03
 0.59852308273702E+03
 0.59944298110335E+03
 0.60035181584966E+03
 0.60124971008233E+03
 0.60213682352480E+03
