 0.00000000000000E+00
 0.00000000000000E+00
 0.00000000000000E+00
 0.00000000000000E+00
 0.00000000000000E+00
 0.42753718968770E-34
 0.12949808382680E-30
 0.52872570678009E-28
 0.56752187998700E-26
 0.23910264669885E-24
 0.51027477197957E-23
 0.65386394046806E-22
 0.56592419850073E-21
 0.35986037469536E-20
 0.17881099256189E-19
 0.72714291901165E-19
 0.25071367313592E-18
 0.75336790136347E-18
 0.20162329894745E-17
 0.48902815070807E-17
 0.10902328035573E-16
 0.22604100965261E-16
 0.44033976635130E-16
 0.81412122102118E-16
 0.14461843076793E-15
 0.25147334297788E-15
 0.44133785354526E-15
 0.81656778299397E-15
 0.16594440868826E-14
 0.37362169185851E-14
 0.90296642116859E-14
 0.22383869592345E-13
 0.54972697266322E-13
 0.13119845428109E-12
 0.91535836957116E-09
 0.11963728681627E-08
 0.25741252152383E-08
 0.32728598881117E-08
 0.65369822448714E-08
 0.10075290513405E-07
 0.15220734385036E-07
 0.22570842256363E-07
 0.32897809424865E-07
 0.47186207299098E-07
 0.66676142254981E-07
 0.92909533781218E-07
 0.12778665204912E-06
 0.17362195862537E-06
 0.23320845517113E-06
 0.30989661436205E-06
 0.40765302481764E-06
 0.53117105577116E-06
 0.68592406857266E-06
 0.87828872506809E-06
 0.11156456908254E-05
 0.14064575636924E-05
 0.17603881922883E-05
 0.21884695085124E-05
 0.27031578178491E-05
 0.33184755665460E-05
 0.40502191209893E-05
 0.49159548651168E-05
 0.59352637769840E-05
 0.71298953928008E-05
 0.85239034580678E-05
 0.10143794279080E-04
 0.12018679634623E-04
 0.14180278330043E-04
 0.16663550043615E-04
 0.19506524453360E-04
 0.22750452341595E-04
 0.26440196673889E-04
 0.30624121606686E-04
 0.35354673035540E-04
 0.40688420974265E-04
 0.46686092952716E-04
 0.53413368350107E-04
 0.60940270797894E-04
 0.69342168536976E-04
 0.78699563215421E-04
 0.89098646747697E-04
 0.10063138547050E-03
 0.11339618752323E-03
 0.12751889985719E-03
 0.14307329011041E-03
 0.16019565790527E-03
 0.17901298285212E-03
 0.19966006467959E-03
 0.22228025627016E-03
 0.24702608111169E-03
 0.27405915108893E-03
 0.30355341936970E-03
 0.33569185674250E-03
 0.37067039449406E-03
 0.40869683217765E-03
 0.44999263251709E-03
 0.49479274084306E-03
 0.54335125821362E-03
 0.59593601679442E-03
 0.65283421607974E-03
 0.71435356408037E-03
 0.78082272284442E-03
 0.85259227649634E-03
 0.93004449940095E-03
 0.10135848723854E-02
 0.11036520158278E-02
 0.12007192620322E-02
 0.13052961124107E-02
 0.14179428812217E-02
 0.15392593850722E-02
 0.16699023791997E-02
 0.18106306714499E-02
 0.19621489567716E-02
 0.21253597974168E-02
 0.23012107517403E-02
 0.24907503358161E-02
 0.26951379421172E-02
 0.29156805723256E-02
 0.31538252875455E-02
 0.34111980724301E-02
 0.36896533810971E-02
 0.39912806539086E-02
 0.43184667510727E-02
 0.46739790748250E-02
 0.50609937156026E-02
 0.54833183443985E-02
 0.59452325200120E-02
 0.64520030852158E-02
 0.70099270183623E-02
 0.76266804931593E-02
 0.83117333933847E-02
 0.90770495361131E-02
 0.99380263162034E-02
 0.10914635133616E-01
 0.12034197273401E-01
 0.13334906732280E-01
 0.14873157099870E-01
 0.16736429304502E-01
 0.19075091525515E-01
 0.22180687202430E-01
 0.26773044934636E-01
 0.36129472256989E-01
 0.20805193982656E+00
 0.22892739812806E+00
 0.24608953817667E+00
 0.26088657632266E+00
 0.27398300739894E+00
 0.28576602177828E+00
 0.29648637608834E+00
 0.30631572401546E+00
 0.31538396156193E+00
 0.32378522009033E+00
 0.33159714074062E+00
 0.33888020618369E+00
 0.34568522148046E+00
 0.35205512104247E+00
 0.35802685710824E+00
 0.36363268827551E+00
 0.36890117049110E+00
 0.37385779180657E+00
 0.37852547820325E+00
 0.38292500725947E+00
 0.38707526751918E+00
 0.39099353914642E+00
 0.39469553706642E+00
 0.39819613390782E+00
 0.40150861650780E+00
 0.40464542065247E+00
 0.40761806546180E+00
 0.41043722690826E+00
 0.41311281696419E+00
 0.41565404267938E+00
 0.41806946098288E+00
 0.42036788782053E+00
 0.42255502041179E+00
 0.42463857929221E+00
 0.42662496972895E+00
 0.42852014899046E+00
 0.43032966030091E+00
 0.43205867037517E+00
 0.43371196571645E+00
 0.43529402310699E+00
 0.43680900437892E+00
 0.43826078558043E+00
 0.43965297757308E+00
 0.44098894506571E+00
 0.44227182522835E+00
 0.44350454413172E+00
 0.44469057054869E+00
 0.44583099287300E+00
 0.44692890204176E+00
 0.44798653395705E+00
 0.44900596995622E+00
 0.44998915696627E+00
 0.45093791843057E+00
 0.45185396253923E+00
 0.45273889101746E+00
 0.45359420632230E+00
 0.45442131960431E+00
 0.45522499129051E+00
 0.45599960554747E+00
 0.45674976104284E+00
 0.45747656166745E+00
 0.45818104714219E+00
 0.45886419791469E+00
 0.45952693901939E+00
 0.46017014381525E+00
 0.46079463732443E+00
 0.46140119947193E+00
 0.46199056821288E+00
 0.46256344213832E+00
 0.46312048295409E+00
 0.46366231789812E+00
 0.46418954188234E+00
 0.46470271961227E+00
 0.46520238730974E+00
 0.46568905461358E+00
 0.46616320599390E+00
 0.46662530241783E+00
 0.46707578298013E+00
 0.46751506503249E+00
 0.46794354763285E+00
 0.46836161016448E+00
 0.46876961514714E+00
 0.46916790857624E+00
 0.46955682078332E+00
 0.46993666747249E+00
 0.47030775052213E+00
 0.47067035858555E+00
 0.47102476790581E+00
 0.47137124300044E+00
 0.47171003730289E+00
 0.47204139350382E+00
 0.47236554456091E+00
 0.47268271333159E+00
 0.47299311453854E+00
 0.47329695345629E+00
 0.47359442769047E+00
 0.47388572699794E+00
 0.47417103371718E+00
 0.47445052318832E+00
 0.47472436408210E+00
 0.47499271863541E+00
 0.47525574306332E+00
 0.47551358780269E+00
 0.47576639768683E+00
 0.47601431234824E+00
 0.47625746632833E+00
 0.47649598941521E+00
 0.47673000674089E+00
 0.47695963905582E+00
 0.47718500290168E+00
 0.47740621082479E+00
 0.47762337147361E+00
 0.47783658983213E+00
 0.47804596733847E+00
 0.47825160205415E+00
 0.47845358877521E+00
 0.47865201919666E+00
 0.47884698201518E+00
 0.47903856306626E+00
 0.47922684542901E+00
 0.47941190954474E+00
 0.47959383329153E+00
 0.47977269213061E+00
 0.47994855917045E+00
 0.48012150524893E+00
 0.48029159904847E+00
 0.48045890716187E+00
 0.48062349415401E+00
 0.48078542267583E+00
 0.48094475349823E+00
 0.48110154560425E+00
 0.48125585624707E+00
 0.48140774100675E+00
 0.48155725428314E+00
 0.48170444766863E+00
 0.48184937248154E+00
 0.48199207822205E+00
 0.48213261298398E+00
 0.48227102351221E+00
 0.48240735525429E+00
 0.48254165240807E+00
 0.48267395795468E+00
 0.48280431370283E+00
 0.48293276033787E+00
 0.48305933744302E+00
 0.48318408354402E+00
 0.48330703615529E+00
 0.48342823178003E+00
 0.48354770598524E+00
 0.48366549339452E+00
 0.48378162775590E+00
 0.48389614191975E+00
 0.48400906791705E+00
 0.48412043694653E+00
 0.48423027945322E+00
 0.48433862507216E+00
 0.48444550108890E+00
 0.48455093949347E+00
