 0.00000000000000E+00
 0.00000000000000E+00
 0.00000000000000E+00
 0.00000000000000E+00
 0.00000000000000E+00
 0.78148685462241E-73
 0.21716508853314E-62
 0.14780572699301E-54
 0.18278805512829E-48
 0.13669515854372E-43
 0.13286551478898E-39
 0.27955170460378E-36
 0.18124864809463E-33
 0.46601732855206E-31
 0.57171899743457E-29
 0.38446721490322E-27
 0.15759192233460E-25
 0.42758312846613E-24
 0.81962799330694E-23
 0.11694193569596E-21
 0.12953961993670E-20
 0.11531777564377E-19
 0.84888419125606E-19
 0.52913850284938E-18
 0.28493194297803E-17
 0.13479955349358E-16
 0.56841600631129E-16
 0.21629112725448E-15
 0.75061784105991E-15
 0.23977362556795E-14
 0.71069646649614E-14
 0.19683692106844E-13
 0.51257754488114E-13
 0.12618223733792E-12
 0.29507115876721E-12
 0.65826802584791E-12
 0.14063110080663E-11
 0.28870726573208E-11
 0.57129567148480E-11
 0.10926622962566E-10
 0.20249962647110E-10
 0.36446124945729E-10
 0.63834513032559E-10
 0.10900341703173E-09
 0.18178116564338E-09
 0.29651714626887E-09
 0.47375876761360E-09
 0.74239403281407E-09
 0.11423384227576E-08
 0.17279118662159E-08
 0.25718747310733E-08
 0.37703712493702E-08
 0.54487726830720E-08
 0.77684890616809E-08
 0.10935175111144E-07
 0.15207624151537E-07
 0.20908400685833E-07
 0.28435600326996E-07
 0.38276038573585E-07
 0.51019518187989E-07
 0.67376219252068E-07
 0.88192489911172E-07
 0.11447099296211E-06
 0.14739100495553E-06
 0.18833041158147E-06
 0.23888913790368E-06
 0.30091397164937E-06
 0.37652235124012E-06
 0.46813868134811E-06
 0.57851067499239E-06
 0.71074694588722E-06
 0.86834632120025E-06
 0.10552299640289E-05
 0.12757746342462E-05
 0.15348469770557E-05
 0.18378284888472E-05
 0.21906910651371E-05
 0.25999790218040E-05
 0.30728827885193E-05
 0.36172706906306E-05
 0.42417303246338E-05
 0.49556114863820E-05
 0.57690711066424E-05
 0.66930970884264E-05
 0.77396470747475E-05
 0.89215704347178E-05
 0.10252747667390E-04
 0.11748129455547E-04
 0.13423800278013E-04
 0.15297047428539E-04
 0.17386353669799E-04
 0.19711794624283E-04
 0.22294675778916E-04
 0.25157923031435E-04
 0.28326122538590E-04
 0.31825645511208E-04
 0.35684630981562E-04
 0.39933740407572E-04
 0.44605471234613E-04
 0.49734908924402E-04
 0.55359823958286E-04
 0.61520924582904E-04
 0.68261871318527E-04
 0.75630706406875E-04
 0.83678668105042E-04
 0.92461650673623E-04
 0.10204048089458E-03
 0.11248108500489E-03
 0.12385687708715E-03
 0.13624713392817E-03
 0.14973954143447E-03
 0.16443146402146E-03
 0.18042867862783E-03
 0.19785226139578E-03
 0.21683509617833E-03
 0.23752690952043E-03
 0.26009557325248E-03
 0.28473401751311E-03
 0.31165919871495E-03
 0.34111936644470E-03
 0.37340382656932E-03
 0.40884470159723E-03
 0.44782948991595E-03
 0.49081815544559E-03
 0.53835053125412E-03
 0.59108124938492E-03
 0.64978971034664E-03
 0.71543469269793E-03
 0.78920391847667E-03
 0.87258681875907E-03
 0.96747574366655E-03
 0.10763345527062E-02
 0.12024322413212E-02
 0.13501945145589E-02
 0.15258500297687E-02
 0.17384629414678E-02
 0.20019265851729E-02
 0.23388387701886E-02
 0.27897157667745E-02
 0.34374726421792E-02
 0.44991979902823E-02
 0.70471025520840E-02
 0.11822402776836E+00
 0.13717324072044E+00
 0.15337609304215E+00
 0.16777861451382E+00
 0.18085090945741E+00
 0.19286956152655E+00
 0.20401516220312E+00
 0.21441139445325E+00
 0.22415435992174E+00
 0.23331255888553E+00
 0.24194483336477E+00
 0.25009631981114E+00
 0.25780586569324E+00
 0.26510683186588E+00
 0.27202846941504E+00
 0.27859680694933E+00
 0.28483537835849E+00
 0.29076560471522E+00
 0.29640711777468E+00
 0.30177802129504E+00
 0.30689503026650E+00
 0.31177365311029E+00
 0.31642816120205E+00
 0.32087223897580E+00
 0.32511821176802E+00
 0.32917772837206E+00
 0.33306166955154E+00
 0.33678019769399E+00
 0.34034281666090E+00
 0.34375841533981E+00
 0.34703530955399E+00
 0.35018282796375E+00
 0.35320520582550E+00
 0.35611075128172E+00
 0.35890584689907E+00
 0.36159646287669E+00
 0.36418818780058E+00
 0.36668626834865E+00
 0.36909557515837E+00
 0.37142070955674E+00
 0.37366596902111E+00
 0.37583538006569E+00
 0.37793271653790E+00
 0.37996151643418E+00
 0.38192509872960E+00
 0.38382657815445E+00
 0.38567036543891E+00
 0.38745627771592E+00
 0.38918831661067E+00
 0.39086893228116E+00
 0.39250041036946E+00
 0.39408490243768E+00
 0.39562443627648E+00
 0.39712092366963E+00
 0.39857616861036E+00
 0.39999187413614E+00
 0.40136964994971E+00
 0.40271833392310E+00
 0.40402478350531E+00
 0.40529762614173E+00
 0.40653815358195E+00
 0.40774759031888E+00
 0.40892709837439E+00
 0.41007778109782E+00
 0.41120068683653E+00
 0.41229681221720E+00
 0.41336710537197E+00
 0.41441246905775E+00
 0.41543376325571E+00
 0.41643180767200E+00
 0.41740738415478E+00
 0.41836123888032E+00
 0.41929408450846E+00
 0.42020660193052E+00
 0.42109944224215E+00
 0.42197322816011E+00
 0.42282855577952E+00
 0.42366599647509E+00
 0.42448609596239E+00
 0.42528938015289E+00
 0.42607635105300E+00
 0.42684749165733E+00
 0.42760326549735E+00
 0.42834411767192E+00
 0.42907047600605E+00
 0.42978275190009E+00
 0.43048134098850E+00
 0.43116662392815E+00
 0.43183896727778E+00
 0.43249872423638E+00
 0.43314623473198E+00
 0.43378182699652E+00
 0.43440581627550E+00
 0.43501850868831E+00
 0.43562019758984E+00
 0.43621116732812E+00
 0.43679169224101E+00
 0.43736203728177E+00
 0.43792245850227E+00
 0.43847320345688E+00
 0.43901451143306E+00
 0.43954661393533E+00
 0.44006973504014E+00
 0.44058409142399E+00
 0.44108989303741E+00
 0.44158734309310E+00
 0.44207663853647E+00
 0.44255797011722E+00
 0.44303152274076E+00
 0.44349747566952E+00
 0.44395600278050E+00
 0.44440727267250E+00
 0.44485144895183E+00
 0.44528869039353E+00
 0.44571915111964E+00
 0.44614298075960E+00
 0.44656032464639E+00
 0.44697132392563E+00
 0.44737611575751E+00
 0.44777483341864E+00
 0.44816760647312E+00
 0.44855456084671E+00
 0.44893581903055E+00
 0.44931150015032E+00
 0.44968172006705E+00
 0.45004659154332E+00
 0.45040622431570E+00
 0.45076072515777E+00
 0.45111019807085E+00
 0.45145474428148E+00
 0.45179446239679E+00
 0.45212944846094E+00
 0.45245979603686E+00
 0.45278559738033E+00
 0.45310693922743E+00
 0.45342390917123E+00
 0.45373659168476E+00
 0.45404506909412E+00
 0.45434942167375E+00
 0.45464972772446E+00
 0.45494606363157E+00
 0.45523850391177E+00
 0.45552712127052E+00
 0.45581198668357E+00
 0.45609316940822E+00
 0.45637073705265E+00
 0.45664475565015E+00
 0.45691528963725E+00
 0.45718240198588E+00
 0.45744615416586E+00
 0.45770660627749E+00
 0.45796381696480E+00
 0.45821784358868E+00
 0.45846874215075E+00
 0.45871656748905E+00
 0.45896137308147E+00
 0.45920320960648E+00
 0.45944213287700E+00
