 0.00000000000000E+00
 0.00000000000000E+00
 0.00000000000000E+00
 0.00000000000000E+00
 0.00000000000000E+00
 0.42753718397947E-24
 0.12949808209781E-20
 0.52872569972085E-18
 0.56752187240977E-16
 0.23910264350648E-14
 0.51027476516659E-13
 0.65386393173676E-12
 0.56592419093504E-11
 0.35986036984720E-10
 0.17881099002142E-09
 0.72714290387237E-09
 0.25071365214363E-08
 0.75336744669493E-08
 0.20162246443202E-07
 0.48901637824432E-07
 0.10901028928856E-06
 0.22592553573343E-06
 0.43949029683662E-06
 0.80882786258347E-06
 0.14176850649462E-05
 0.23799168524296E-05
 0.38449181273352E-05
 0.60026583804451E-05
 0.90880145571068E-05
 0.13384269022389E-04
 0.19225886270896E-04
 0.26999587462920E-04
 0.37145287712614E-04
 0.50154621672945E-04
 0.66570222527045E-04
 0.86982084134631E-04
 0.11202418797491E-03
 0.14237183049236E-03
 0.17873489410329E-03
 0.22185316331114E-03
 0.27249364830740E-03
 0.33144119512974E-03
 0.39949527764858E-03
 0.47746253034341E-03
 0.56615717135888E-03
 0.66638789412785E-03
 0.77895790904692E-03
 0.90465938134654E-03
 0.10442660823867E-02
 0.11985413738083E-02
 0.13682180676830E-02
 0.15540057372801E-02
 0.17565857332321E-02
 0.19766035746857E-02
 0.22146869976786E-02
 0.24714157403731E-02
 0.27473383293599E-02
 0.30429670238952E-02
 0.33587770714636E-02
 0.36951977264548E-02
 0.40526453930963E-02
 0.44314756950994E-02
 0.48320145082565E-02
 0.52545513688787E-02
 0.56993400969700E-02
 0.61665996964325E-02
 0.66565154147034E-02
 0.71692249220889E-02
 0.77048780044111E-02
 0.82635530016666E-02
 0.88453130777067E-02
 0.94501949004124E-02
 0.10078210110810E-01
 0.10729347171599E-01
 0.11403573156671E-01
 0.12100813117258E-01
 0.12821039947925E-01
 0.13564147574760E-01
 0.14330036575429E-01
 0.15118596077963E-01
 0.15929705768297E-01
 0.16763237920032E-01
 0.17619059696126E-01
 0.18497014436694E-01
 0.19397006920894E-01
 0.20318881566476E-01
 0.21262506825376E-01
 0.22227757296416E-01
 0.23214516040168E-01
 0.24222677095222E-01
 0.25252109138963E-01
 0.26302810648816E-01
 0.27374688251450E-01
 0.28467706379987E-01
 0.29581853787805E-01
 0.30717147106438E-01
 0.31873589175479E-01
 0.33051348981371E-01
 0.34250505903679E-01
 0.35471223202117E-01
 0.36713711678823E-01
 0.37978233135900E-01
 0.39265054107647E-01
 0.40574656722785E-01
 0.41907443362644E-01
 0.43263940835674E-01
 0.44644760217035E-01
 0.46050549019280E-01
 0.47482225027441E-01
 0.48940657504168E-01
 0.50426897512407E-01
 0.51942191221316E-01
 0.53487736941943E-01
 0.55065232774871E-01
 0.56676362513046E-01
 0.58323097435272E-01
 0.60007608124757E-01
 0.61732564763604E-01
 0.63500798394068E-01
 0.65315542308608E-01
 0.67180697915187E-01
 0.69100539038993E-01
 0.71079995203904E-01
 0.73124984329572E-01
 0.75242123355915E-01
 0.77439549868407E-01
 0.79726374639418E-01
 0.82113735578805E-01
 0.84615084029714E-01
 0.87246759952357E-01
 0.90028738122616E-01
 0.92986275373935E-01
 0.96151624738036E-01
 0.99566384914868E-01
 0.10328688856646E+00
 0.10739109006829E+00
 0.11199261655633E+00
 0.11726524110051E+00
 0.12350233438562E+00
 0.13126060856818E+00
 0.14187757261324E+00
 0.16119606643837E+00
 0.33854486072487E+00
 0.35137749598033E+00
 0.36136270281841E+00
 0.36962690693612E+00
 0.37671122082509E+00
 0.38292366880627E+00
 0.38845878547700E+00
 0.39344704328323E+00
 0.39798384003384E+00
 0.40213749779352E+00
 0.40596238346560E+00
 0.40949996357302E+00
 0.41278406553738E+00
 0.41584249279594E+00
 0.41869851464969E+00
 0.42137188587438E+00
 0.42387962273546E+00
 0.42623651554482E+00
 0.42845553273498E+00
 0.43054813745468E+00
 0.43252451000769E+00
 0.43439375237208E+00
 0.43616398450828E+00
 0.43784267830774E+00
 0.43943643498140E+00
 0.44095130278195E+00
 0.44239278956052E+00
 0.44376592107175E+00
 0.44507529634729E+00
 0.44632513152016E+00
 0.44751929856225E+00
 0.44866191976479E+00
 0.44975516986368E+00
 0.45080261769805E+00
 0.45180705861928E+00
 0.45277107508332E+00
 0.45369705653435E+00
 0.45458722116440E+00
 0.45544361029612E+00
 0.45626813202856E+00
 0.45706255374582E+00
 0.45782851800520E+00
 0.45856755265050E+00
 0.45928107991223E+00
 0.45997042509059E+00
 0.46063682415216E+00
 0.46128195035451E+00
 0.46190585619562E+00
 0.46251004642205E+00
 0.46309547159968E+00
 0.46366301507359E+00
 0.46421350469476E+00
 0.46474771737459E+00
 0.46526638263828E+00
 0.46577018623450E+00
 0.46625977317729E+00
 0.46673575098228E+00
 0.46720121581649E+00
 0.46765167486740E+00
 0.46809014599564E+00
 0.46851711063718E+00
 0.46893302388135E+00
 0.46933831642268E+00
 0.46973339614066E+00
 0.47011864960713E+00
 0.47049444343475E+00
 0.47086112558402E+00
 0.47121902661339E+00
 0.47156846073332E+00
 0.47190972681054E+00
 0.47224310932940E+00
 0.47256887926130E+00
 0.47288729491214E+00
 0.47319860262016E+00
 0.47350303752135E+00
 0.47380082411663E+00
 0.47409217694775E+00
 0.47437730131502E+00
 0.47465639302219E+00
 0.47492964042826E+00
 0.47519722310571E+00
 0.47545931355483E+00
 0.47571607709541E+00
 0.47596767225892E+00
 0.47621425122073E+00
 0.47645596012393E+00
 0.47669293933573E+00
 0.47692532374518E+00
 0.47715324308950E+00
 0.47737682223015E+00
 0.47759618120694E+00
 0.47781143579379E+00
 0.47802269708228E+00
 0.47823007280787E+00
 0.47843366613577E+00
 0.47863357694937E+00
 0.47882990152582E+00
 0.47902273276191E+00
 0.47921216035072E+00
 0.47939827093050E+00
 0.47958114817410E+00
 0.47976087296320E+00
 0.47993752351823E+00
 0.48011117541720E+00
 0.48028190183206E+00
 0.48044977353280E+00
 0.48061485905396E+00
 0.48077722472591E+00
 0.48093693480015E+00
 0.48109405152349E+00
 0.48124863523077E+00
 0.48140074438657E+00
 0.48155043568671E+00
 0.48169776411749E+00
 0.48184278302030E+00
 0.48198554415002E+00
 0.48212609774512E+00
 0.48226449256820E+00
 0.48240077597765E+00
 0.48253499396525E+00
 0.48266719121700E+00
 0.48279741114107E+00
 0.48292569593920E+00
 0.48305208663264E+00
 0.48317662309860E+00
 0.48329934412857E+00
 0.48342028745488E+00
 0.48353948977407E+00
 0.48365698681304E+00
 0.48377281333008E+00
 0.48388700316892E+00
 0.48399958927943E+00
 0.48411060374666E+00
 0.48422007818691E+00
 0.48432804233370E+00
 0.48443452618184E+00
 0.48453955865233E+00
 0.48464316792059E+00
 0.48474538144966E+00
 0.48484622601746E+00
 0.48494572773746E+00
 0.48504391207533E+00
 0.48514080386924E+00
 0.48523642735806E+00
 0.48533080618610E+00
 0.48542396342709E+00
 0.48551592160997E+00
 0.48560670271223E+00
 0.48569632820499E+00
 0.48578481904108E+00
 0.48587219570018E+00
 0.48595847816030E+00
 0.48604368595648E+00
 0.48612783815576E+00
 0.48621095342338E+00
 0.48629304995734E+00
 0.48637414500629E+00
 0.48645425753036E+00
