                  NaN
                  NaN
                  NaN
                  NaN
                  NaN
 0.54708174188583E+39
 0.59631170323694E+32
 0.35771665789723E+27
 0.31048083507900E+23
 0.17491668998823E+20
 0.38405358440075E+17
 0.23389731834932E+15
 0.31223636945709E+13
 0.77220384875700E+11
 0.31276027797616E+10
 0.18913001962851E+09
 0.15909043396501E+08
 0.17619214866265E+07
 0.24599367102381E+06
 0.41818031127816E+05
 0.84162112262647E+04
 0.19601575593244E+04
 0.51872772621639E+03
 0.15385786833451E+03
 0.50755429263711E+02
 0.18655354299067E+02
 0.77643459833108E+01
 0.37753179862678E+01
 0.22107709091212E+01
 0.15582268106991E+01
 0.12705373724740E+01
 0.11371784048869E+01
 0.10724757222650E+01
 0.10397537486179E+01
 0.31021614358905E+04
 0.18174555366284E+04
 0.18304096323456E+04
 0.11336257436448E+04
 0.11442380138960E+04
 0.92208640747669E+03
 0.75164259066958E+03
 0.61929333475021E+03
 0.51536085828814E+03
 0.43288741384466E+03
 0.36679345750146E+03
 0.31333612558435E+03
 0.26972936605017E+03
 0.23386766454366E+03
 0.20415005792082E+03
 0.17934746581763E+03
 0.15850423035476E+03
 0.14088030611306E+03
 0.12588597624996E+03
 0.11305785695192E+03
 0.10202357799359E+03
 0.92483714068529E+02
 0.84195258104130E+02
 0.76962310742380E+02
 0.70622716419629E+02
 0.65043255687334E+02
 0.60113481669795E+02
 0.55741195991497E+02
 0.51849500239317E+02
 0.48374019805020E+02
 0.45260366536077E+02
 0.42462350394390E+02
 0.39940583578577E+02
 0.37661186071262E+02
 0.35595328280987E+02
 0.33718521189979E+02
 0.32009215759902E+02
 0.30448907340729E+02
 0.29021277494586E+02
 0.27712318529071E+02
 0.26509757378105E+02
 0.25402856270881E+02
 0.24381972063579E+02
 0.23438754807957E+02
 0.22565835832088E+02
 0.21756614294658E+02
 0.21005259629604E+02
 0.20306552631705E+02
 0.19655883144283E+02
 0.19052300926232E+02
 0.18485764108963E+02
 0.17955993182756E+02
 0.17460000836799E+02
 0.16995051462028E+02
 0.16558668310511E+02
 0.16148611832819E+02
 0.15762888314241E+02
 0.15399583100148E+02
 0.15057041424211E+02
 0.14733743879847E+02
 0.14428266050917E+02
 0.14139308890329E+02
 0.13865709893391E+02
 0.13606320186090E+02
 0.13360155162580E+02
 0.13126277502027E+02
 0.12903826511779E+02
 0.12691986151674E+02
 0.12490022028812E+02
 0.12297181179263E+02
 0.12112822722191E+02
 0.11936321791654E+02
 0.11767087449075E+02
 0.11604583227073E+02
 0.11448236985855E+02
 0.11297554236140E+02
 0.11152046835475E+02
 0.11011461110713E+02
 0.10874928374435E+02
 0.10742155699526E+02
 0.10612722720162E+02
 0.10486181716610E+02
 0.10362106161265E+02
 0.10240014866476E+02
 0.10119467997574E+02
 0.10000012922113E+02
 0.98811343606091E+01
 0.97623391921576E+01
 0.96431049055817E+01
 0.95228324848370E+01
 0.94009263886351E+01
 0.92767590751770E+01
 0.91494716295837E+01
 0.90182977580876E+01
 0.88822759926142E+01
 0.87403113698249E+01
 0.85911542979721E+01
 0.84332975405194E+01
 0.82649366631120E+01
 0.80837501677911E+01
 0.78868807802987E+01
 0.76705153812604E+01
 0.74294218429522E+01
 0.71558713314611E+01
 0.68376469576936E+01
 0.64526149038290E+01
 0.59506260876855E+01
 0.51268549009982E+01
 0.17598109602069E+01
 0.16688925400152E+01
 0.16044843319163E+01
 0.15549453491355E+01
 0.15149661575988E+01
 0.14816543342374E+01
 0.14532565760635E+01
 0.14286354733924E+01
 0.14069945446167E+01
 0.13877745014541E+01
 0.13705485507958E+01
 0.13549987718316E+01
 0.13408741517611E+01
 0.13279745322466E+01
 0.13161374538412E+01
 0.13052292029379E+01
 0.12951381693422E+01
 0.12857703447171E+01
 0.12770458450697E+01
 0.12688962755346E+01
 0.12612627424532E+01
 0.12540942290852E+01
 0.12473464294930E+01
 0.12409803203257E+01
 0.12349619368425E+01
 0.12292612342082E+01
 0.12238516248677E+01
 0.12187095016827E+01
 0.12138138275320E+01
 0.12091457958011E+01
 0.12046885416939E+01
 0.12004240478178E+01
 0.11963442594913E+01
 0.11924340328503E+01
 0.11886821388255E+01
 0.11850783759923E+01
 0.11816134479808E+01
 0.11782788385312E+01
 0.11750668252535E+01
 0.11719702534263E+01
 0.11689825689057E+01
 0.11660977354070E+01
 0.11633101828298E+01
 0.11606147622640E+01
 0.11580067052401E+01
 0.11554815882324E+01
 0.11530327720218E+01
 0.11506614255967E+01
 0.11483615590877E+01
 0.11461298071007E+01
 0.11439630586209E+01
 0.11418584020418E+01
 0.11398131082971E+01
 0.11378246161492E+01
 0.11358905189840E+01
 0.11340085528036E+01
 0.11321765850040E+01
 0.11303805984096E+01
 0.11286426579856E+01
 0.11269490161857E+01
 0.11252979766762E+01
 0.11236879334685E+01
 0.11221173645347E+01
 0.11205848261010E+01
 0.11190889474321E+01
 0.11176284261002E+01
 0.11162020235179E+01
 0.11148085608122E+01
 0.11134469151310E+01
 0.11121160161686E+01
 0.11108148430028E+01
 0.11095424211016E+01
 0.11082978195532E+01
 0.11070801486043E+01
 0.11058885571874E+01
 0.11047222309019E+01
 0.11035803898286E+01
 0.11024622860135E+01
 0.11013672049082E+01
 0.11002944570698E+01
 0.10992433844474E+01
 0.10982133532683E+01
 0.10972037550521E+01
 0.10962140050747E+01
 0.10952435409839E+01
 0.10942918217236E+01
 0.10933583265299E+01
 0.10924425541442E+01
 0.10915440215409E+01
 0.10906622629598E+01
 0.10897968299226E+01
 0.10889472890820E+01
 0.10881132241374E+01
 0.10872942302265E+01
 0.10864899196018E+01
 0.10856999159176E+01
 0.10849238559612E+01
 0.10841613887300E+01
 0.10834121748653E+01
 0.10826758860962E+01
 0.10819522049167E+01
 0.10812408240579E+01
 0.10805414459127E+01
 0.10798537826210E+01
 0.10791775551018E+01
 0.10785124931172E+01
 0.10778583346831E+01
 0.10772148259235E+01
 0.10765817206531E+01
 0.10759587801065E+01
 0.10753457726324E+01
 0.10747424735004E+01
 0.10741486645891E+01
 0.10735641341261E+01
 0.10729886765080E+01
 0.10724220920401E+01
 0.10718641867158E+01
 0.10713147720744E+01
 0.10707736649176E+01
 0.10702406872004E+01
 0.10697156657919E+01
 0.10691984323740E+01
 0.10686888231967E+01
 0.10681866789741E+01
 0.10676918447504E+01
 0.10672041696870E+01
 0.10667235069671E+01
 0.10662497137163E+01
 0.10657826507401E+01
 0.10653221825450E+01
 0.10648681771175E+01
 0.10644205058646E+01
 0.10639790434939E+01
 0.10635436662943E+01
 0.10631142583911E+01
 0.10626907023105E+01
 0.10622728848744E+01
 0.10618606957805E+01
 0.10614540274655E+01
 0.10610527749984E+01
 0.10606568360131E+01
 0.10602661106369E+01
 0.10598805014205E+01
 0.10594999132244E+01
 0.10591242532086E+01
 0.10587534307404E+01
 0.10583873572952E+01
 0.10580259464809E+01
 0.10576691138697E+01
 0.10573167770455E+01
 0.10569688554213E+01
 0.10566252703692E+01
 0.10562859449697E+01
 0.10559508041387E+01
 0.10556197743278E+01
 0.10552927838356E+01
 0.10549697627420E+01
 0.10546506400256E+01
