                  NaN
                  NaN
                  NaN
                  NaN
                  NaN
 0.10000000133514E-09
 0.10000000133514E-09
 0.10000000133514E-09
 0.10000000133514E-09
 0.10000000133514E-09
 0.10000000133516E-09
 0.10000000133534E-09
 0.10000000133687E-09
 0.10000000134723E-09
 0.10000000142076E-09
 0.10000000208202E-09
 0.10000000837302E-09
 0.10000006035150E-09
 0.10000041390002E-09
 0.10000240737617E-09
 0.10001191728529E-09
 0.10005111149512E-09
 0.10019328515801E-09
 0.10065444808254E-09
 0.10201026613299E-09
 0.10566475997729E-09
 0.11478472074805E-09
 0.13603435865251E-09
 0.18259698820409E-09
 0.27914986708165E-09
 0.46966179267143E-09
 0.82904487422581E-09
 0.14799373124159E-08
 0.26158796518620E-08
 0.13750267534396E-04
 0.13754244682284E-04
 0.22978298363698E-04
 0.22988114128990E-04
 0.36573620823552E-04
 0.45414229678010E-04
 0.55857207973764E-04
 0.68099085412507E-04
 0.82348431296862E-04
 0.98827037307325E-04
 0.11776966826181E-03
 0.13942260146069E-03
 0.16404821180322E-03
 0.19191970171906E-03
 0.22332282844821E-03
 0.25856146574012E-03
 0.29794448300773E-03
 0.34180765426314E-03
 0.39048709983005E-03
 0.44434237411907E-03
 0.50374869766917E-03
 0.56908983005834E-03
 0.64076134106806E-03
 0.71918936068886E-03
 0.80480417733445E-03
 0.89805087906073E-03
 0.99940131152082E-03
 0.11093268254981E-02
 0.12283207690793E-02
 0.13568989800022E-02
 0.14955948080023E-02
 0.16449574771244E-02
 0.18055512360229E-02
 0.19779374317512E-02
 0.21627273052311E-02
 0.23605493241739E-02
 0.25720347196002E-02
 0.27978467060754E-02
 0.30386468698285E-02
 0.32951373900105E-02
 0.35680413862618E-02
 0.38580955263355E-02
 0.41660714393727E-02
 0.44927460765238E-02
 0.48389386985847E-02
 0.52054809064006E-02
 0.55932386977930E-02
 0.60030995175606E-02
 0.64359954208089E-02
 0.68940260761337E-02
 0.73760498562431E-02
 0.78840785296753E-02
 0.84191852034343E-02
 0.89824655729790E-02
 0.95750544997596E-02
 0.10198132937189E-01
 0.10852921218611E-01
 0.11540721766301E-01
 0.12262855878358E-01
 0.13020732669726E-01
 0.13815795152978E-01
 0.14649558142813E-01
 0.15523596609060E-01
 0.16439609122153E-01
 0.17399334727210E-01
 0.18404615266856E-01
 0.19457405187731E-01
 0.20559743262683E-01
 0.21713768027899E-01
 0.22921808205433E-01
 0.24186273154734E-01
 0.25509743091129E-01
 0.26894964967781E-01
 0.28344854517678E-01
 0.29862603961844E-01
 0.31451546905374E-01
 0.33115310708711E-01
 0.34858573134412E-01
 0.36684090016770E-01
 0.38597127267329E-01
 0.40602654258389E-01
 0.42706070928081E-01
 0.44913270605852E-01
 0.47230834867963E-01
 0.49665915505089E-01
 0.52226437259184E-01
 0.54921331507379E-01
 0.57760485076048E-01
 0.60755023107197E-01
 0.63917676259041E-01
 0.67262771036681E-01
 0.70807724912093E-01
 0.74570461116548E-01
 0.78573980829600E-01
 0.82844886331386E-01
 0.87415056986918E-01
 0.92323113338147E-01
 0.97617089184514E-01
 0.10335786153671E+00
 0.10962168750978E+00
 0.11651234188992E+00
 0.12417144405370E+00
 0.13280480050566E+00
 0.14272284905087E+00
 0.15445126296930E+00
 0.16898205367461E+00
 0.18870526497955E+00
 0.22413370906170E+00
 0.61454762414969E+00
 0.65151411444082E+00
 0.68100425488664E+00
 0.70581056580859E+00
 0.72730248597017E+00
 0.74627411428791E+00
 0.76323766425897E+00
 0.77854371825830E+00
 0.79245418993673E+00
 0.80516047836100E+00
 0.81681740537105E+00
 0.82754636466107E+00
 0.83744807598235E+00
 0.84660689357504E+00
 0.85509464347583E+00
 0.86297330331126E+00
 0.87029701524794E+00
 0.87711347613824E+00
 0.88346502561651E+00
 0.88938953382368E+00
 0.89492100115272E+00
 0.90009015325689E+00
 0.90492464092695E+00
 0.90945025150781E+00
 0.91368986398407E+00
 0.91766464482489E+00
 0.92139400795102E+00
 0.92489577819992E+00
 0.92818635488104E+00
 0.93128083839616E+00
 0.93419314502418E+00
 0.93693685446028E+00
 0.93952231953189E+00
 0.94196121012021E+00
 0.94426362224776E+00
 0.94643887954105E+00
 0.94849559657289E+00
 0.95044174200161E+00
 0.95228466469089E+00
 0.95403117717577E+00
 0.95568757667651E+00
 0.95725969078983E+00
 0.95875291444392E+00
 0.96017224386858E+00
 0.96152230905117E+00
 0.96280740244341E+00
 0.96403202034447E+00
 0.96519883195460E+00
 0.96631177095325E+00
 0.96737403285237E+00
 0.96838858256778E+00
 0.96935817768196E+00
 0.97028538618322E+00
 0.97117260004259E+00
 0.97202204949528E+00
 0.97283581474620E+00
 0.97361583861520E+00
 0.97436602448679E+00
 0.97508387129538E+00
 0.97577307480232E+00
 0.97643512111069E+00
 0.97707140211589E+00
 0.97768322307919E+00
 0.97827180863630E+00
 0.97883830858402E+00
 0.97938380304874E+00
 0.97990930744101E+00
 0.98041577720911E+00
 0.98090411182082E+00
 0.98137515851633E+00
 0.98182971596247E+00
 0.98226853746260E+00
 0.98269233411866E+00
 0.98310177742254E+00
 0.98349750204631E+00
 0.98388010798214E+00
 0.98425016295777E+00
 0.98460820466187E+00
 0.98495474179917E+00
 0.98529025733346E+00
 0.98561520857266E+00
 0.98593002972711E+00
 0.98623513302483E+00
 0.98653090987216E+00
 0.98681773228721E+00
 0.98709595405165E+00
 0.98736591156863E+00
 0.98762792507424E+00
 0.98788229950693E+00
 0.98812932538119E+00
 0.98836927948401E+00
 0.98860242592597E+00
 0.98882901631391E+00
 0.98904929119454E+00
 0.98926347988642E+00
 0.98947180160024E+00
 0.98967446579229E+00
 0.98987167265163E+00
 0.99006361366350E+00
 0.99025047203584E+00
 0.99043242305050E+00
 0.99060963460389E+00
 0.99078226748535E+00
 0.99095047573805E+00
 0.99111440704397E+00
 0.99127420297517E+00
 0.99142999938275E+00
 0.99158192656208E+00
 0.99173010959121E+00
 0.99187466856131E+00
 0.99201571885157E+00
 0.99215337126706E+00
 0.99228773233423E+00
 0.99241890444372E+00
 0.99254698608612E+00
 0.99267207197874E+00
 0.99279425327792E+00
 0.99291361772289E+00
 0.99303024978645E+00
 0.99314423082758E+00
 0.99325563922409E+00
 0.99336455048097E+00
 0.99347103739747E+00
 0.99357517015645E+00
 0.99367701642914E+00
 0.99377664150253E+00
 0.99387410836936E+00
 0.99396947781573E+00
 0.99406280852856E+00
 0.99415415717063E+00
 0.99424357846682E+00
 0.99433112528783E+00
 0.99441684871392E+00
 0.99450079824500E+00
 0.99458302134970E+00
 0.99466356429903E+00
 0.99474247172437E+00
 0.99481978679823E+00
 0.99489555128912E+00
 0.99496980561608E+00
 0.99504258890864E+00
 0.99511393904417E+00
 0.99518389270132E+00
 0.99525248540647E+00
 0.99531975157125E+00
 0.99538572453807E+00
 0.99545043662553E+00
 0.99551391914478E+00
 0.99557620246443E+00
 0.99563731602247E+00
 0.99569728837588E+00
 0.99575614721579E+00
 0.99581391941049E+00
 0.99587063103228E+00
 0.99592630738526E+00
 0.99598097302573E+00
 0.99603464958573E+00
 0.99608736482942E+00
