-0.00000000000000E+00
-0.00000000000000E+00
 0.33667642357773E-06
 0.33667642357773E-06
 0.10100292707332E-05
 0.25250731768329E-04
 0.72452766353926E-03
 0.95972981305066E-02
 0.74634429578710E-01
 0.39797880345918E+00
 0.16085756466575E+01
 0.52707549269209E+01
 0.14671804370124E+02
 0.35882612644464E+02
 0.79041829328859E+02
-0.26855358873891E+03
-0.12759087564764E+03
-0.40451875611756E+03
-0.10070486544913E+04
-0.14232493603361E+04
-0.17423289842671E+04
-0.24620949769227E+04
-0.30127966578471E+04
-0.39718077613395E+04
-0.46835186382472E+04
-0.57791442936341E+04
-0.69296925143650E+04
-0.76291812543241E+04
-0.80842015763280E+04
-0.87294077711411E+04
-0.86562441758139E+04
-0.84874818789950E+04
-0.73242140192780E+04
-0.57489985725053E+04
-0.28566312434136E+04
 0.12283183774198E+04
 0.62576095430073E+04
 0.13248278122384E+05
 0.22098131283766E+05
 0.32626655004418E+05
 0.45888402248245E+05
 0.61822089290605E+05
 0.80713607316745E+05
 0.10245270839631E+06
 0.12817366472828E+06
 0.15785042095555E+06
 0.19182366820577E+06
 0.23045762577889E+06
 0.27369106088672E+06
 0.32274516117544E+06
 0.37762426922012E+06
 0.43872000249456E+06
 0.50644131197777E+06
 0.58077796655032E+06
 0.66297283447573E+06
 0.75306205394847E+06
 0.85146617914398E+06
 0.95861579824618E+06
 0.10749427504785E+07
 0.12004621080279E+07
 0.13364151594647E+07
 0.14828426982104E+07
 0.16401645203906E+07
 0.18088016394254E+07
 0.19891694348464E+07
 0.21816764551426E+07
 0.23867231606858E+07
 0.26042770106467E+07
 0.28355475829851E+07
 0.30805039325790E+07
 0.33394983964491E+07
 0.36128734184434E+07
 0.39009565149074E+07
 0.42040589008321E+07
 0.45224738273308E+07
 0.48560529133574E+07
 0.52058776363479E+07
 0.55717799985533E+07
 0.59539670237140E+07
 0.63526256771592E+07
 0.67679175955477E+07
 0.71999782565445E+07
 0.76489146594741E+07
 0.81143198179443E+07
 0.85971788346621E+07
 0.90970543899695E+07
 0.96139236603378E+07
 0.10147731788278E+08
 0.10698386516738E+08
 0.11265755890876E+08
 0.11849241700834E+08
 0.12449453558366E+08
 0.13065723816819E+08
 0.13697734286506E+08
 0.14345118078097E+08
 0.15007451532520E+08
 0.15683832256714E+08
 0.16374524938361E+08
 0.17078514363192E+08
 0.17795104755511E+08
 0.18523518203827E+08
 0.19262890744506E+08
 0.20011835389387E+08
 0.20770111225057E+08
 0.21536132305647E+08
 0.22308584706507E+08
 0.23086013343029E+08
 0.23866377310304E+08
 0.24648708787693E+08
 0.25430620877590E+08
 0.26209899136833E+08
 0.26983913179040E+08
 0.27749767924330E+08
 0.28505112858510E+08
 0.29246082149731E+08
 0.29968806783577E+08
 0.30668471537344E+08
 0.31341003820093E+08
 0.31980387386372E+08
 0.32579799564156E+08
 0.33132778544436E+08
 0.33630528133880E+08
 0.34062899315751E+08
 0.34419465646544E+08
 0.34686219199300E+08
 0.34848137270709E+08
 0.34886896374129E+08
 0.34779740704082E+08
 0.34500490973717E+08
 0.34016941936780E+08
 0.33287887292685E+08
 0.32262908154568E+08
 0.30876675221077E+08
 0.29045046323755E+08
 0.26653725670314E+08
 0.23544869093490E+08
 0.19488393030119E+08
 0.14136256729469E+08
 0.69042990186916E+07
-0.33014773789602E+07
-0.19057825524342E+08
-0.51263585964986E+08
-0.24354434020708E+09
-0.24018964797581E+09
-0.23482868461176E+09
-0.22822082276991E+09
-0.22070525024706E+09
-0.21246123089385E+09
-0.20359280545640E+09
-0.19416354920645E+09
-0.18421418533263E+09
-0.17377006887694E+09
-0.16284736825505E+09
-0.15145505828589E+09
-0.13959736526272E+09
-0.12727484317193E+09
-0.11448519485366E+09
-0.10122383251007E+09
-0.87484283925158E+08
-0.73258475370842E+08
-0.58536950080266E+08
-0.43309042819809E+08
-0.27563010137580E+08
-0.11286156892040E+08
 0.55351251419109E+07
 0.22915027454299E+08
 0.40868600605272E+08
 0.59411432460611E+08
 0.78559636296234E+08
 0.98329788294981E+08
 0.11873886137497E+09
 0.13980417062886E+09
 0.16154332170606E+09
 0.18397407353758E+09
 0.20711466715868E+09
 0.23098323510855E+09
 0.25559813733555E+09
 0.28097784524707E+09
 0.30714091871871E+09
 0.33410598404260E+09
 0.36189172552697E+09
 0.39051686624237E+09
 0.42000016175642E+09
 0.45036039195640E+09
 0.48161635454356E+09
 0.51378686714772E+09
 0.54689075634836E+09
 0.58094686300667E+09
 0.61597397380433E+09
 0.65199108990682E+09
 0.68901702564535E+09
 0.72707067977696E+09
 0.76617096591014E+09
 0.80633682543930E+09
 0.84758721364790E+09
 0.88994112401743E+09
 0.93341757206089E+09
 0.97803561032505E+09
 0.10238143210909E+10
 0.10707727864068E+10
 0.11189302607942E+10
 0.11683059081320E+10
 0.12189189825073E+10
 0.12707887900726E+10
 0.13239346873523E+10
 0.13783760836851E+10
 0.14341324438084E+10
 0.14912232922458E+10
 0.15496682143774E+10
 0.16094868558411E+10
 0.16706989263337E+10
 0.17333242014524E+10
 0.17973825247331E+10
 0.18628938086962E+10
 0.19298780344236E+10
 0.19983552564807E+10
 0.20683455996361E+10
 0.21398692666622E+10
 0.22129465339903E+10
 0.22875977210834E+10
 0.23638433515584E+10
 0.24417038140790E+10
 0.25211997837916E+10
 0.26023519016749E+10
 0.26851809138494E+10
 0.27697076546765E+10
 0.28559530384066E+10
 0.29439380599448E+10
 0.30336838009058E+10
 0.31252114325779E+10
 0.32185422060420E+10
 0.33136974493573E+10
 0.34106985980420E+10
 0.35095671815136E+10
 0.36103247329555E+10
 0.37129930286974E+10
 0.38175937794629E+10
 0.39241488711558E+10
 0.40326802577892E+10
 0.41432099854762E+10
 0.42557601897316E+10
 0.43703530940710E+10
 0.44870110182638E+10
 0.46057563710861E+10
 0.47266116474090E+10
 0.48495994472797E+10
 0.49747424516340E+10
 0.51020634416057E+10
 0.52315852849178E+10
 0.53633309486407E+10
 0.54973234917846E+10
 0.56335860679245E+10
 0.57721419215308E+10
 0.59130143964802E+10
 0.60562269292581E+10
 0.62018030517967E+10
 0.63497663910567E+10
 0.65001406710357E+10
 0.66529497098926E+10
 0.68082174238705E+10
 0.69659678238504E+10
 0.71262250182908E+10
 0.72890132110520E+10
 0.74543567062900E+10
 0.76222799021764E+10
 0.77928072947630E+10
 0.79659634801903E+10
 0.81417731495623E+10
 0.83202610921947E+10
 0.85014521989974E+10
 0.86853714548805E+10
 0.88720439466576E+10
 0.90614948580933E+10
 0.92537494718572E+10
 0.94488331710378E+10
 0.96467714468028E+10
 0.98475898613264E+10
 0.10051314102807E+11
 0.10257969952721E+11
 0.10467583291033E+11
 0.10680180098363E+11
 0.10895786455130E+11
 0.11114428541234E+11
 0.11336132638030E+11
 0.11560925127919E+11
 0.11788832492153E+11
 0.12019881314354E+11
 0.12254098279470E+11
 0.12491510170517E+11
 0.12732143876777E+11
 0.12976026384089E+11
 0.13223184783031E+11
 0.13473646261015E+11
 0.13727438114000E+11
 0.13984587734222E+11
 0.14245122620286E+11
 0.14509070363375E+11
 0.14776458668515E+11
 0.15047315813033E+11
 0.15321668749336E+11
