 0.13364912566275E+00
 0.13364912566275E+00
 0.13364912566275E+00
 0.13364912566275E+00
 0.13364912566275E+00
 0.13364912566270E+00
 0.13364912566124E+00
 0.13364912564309E+00
 0.13364912551358E+00
 0.13364912489034E+00
 0.13364912264199E+00
 0.13364911611114E+00
 0.13364910005426E+00
 0.13364906541957E+00
 0.13364899812702E+00
 0.13364899225605E+00
 0.13364879224840E+00
 0.13364861377108E+00
 0.13364840123184E+00
 0.13364798277865E+00
 0.13364734328856E+00
 0.13364657386056E+00
 0.13364547906467E+00
 0.13364416863027E+00
 0.13364242356791E+00
 0.13364036923436E+00
 0.13363787681081E+00
 0.13363477301525E+00
 0.13363107805240E+00
 0.13362687689921E+00
 0.13362190086793E+00
 0.13361629451869E+00
 0.13360980187932E+00
 0.13360256756827E+00
 0.13359434433292E+00
 0.13358516752008E+00
 0.13357510837770E+00
 0.13356391004243E+00
 0.13355161503179E+00
 0.13353829811168E+00
 0.13352370696643E+00
 0.13350789312609E+00
 0.13349082095498E+00
 0.13347256555296E+00
 0.13345287522285E+00
 0.13343181226185E+00
 0.13340934557880E+00
 0.13338544191342E+00
 0.13336018518305E+00
 0.13333332085586E+00
 0.13330492185222E+00
 0.13327496039722E+00
 0.13324340634085E+00
 0.13321034297172E+00
 0.13317552081209E+00
 0.13313901278053E+00
 0.13310078951301E+00
 0.13306081860726E+00
 0.13301906639389E+00
 0.13297560875990E+00
 0.13293019240221E+00
 0.13288288130967E+00
 0.13283363489328E+00
 0.13278240796225E+00
 0.13272915180899E+00
 0.13267381383804E+00
 0.13261633709637E+00
 0.13255677323066E+00
 0.13249483403659E+00
 0.13243055325609E+00
 0.13236385289764E+00
 0.13229464674804E+00
 0.13222284140889E+00
 0.13214833516494E+00
 0.13207101760892E+00
 0.13199088193359E+00
 0.13190757780920E+00
 0.13182107223034E+00
 0.13173121430503E+00
 0.13163784043586E+00
 0.13154077395087E+00
 0.13143982465176E+00
 0.13133478734119E+00
 0.13122551704964E+00
 0.13111162316556E+00
 0.13099292809941E+00
 0.13086915915023E+00
 0.13074002377694E+00
 0.13060520869071E+00
 0.13046437839748E+00
 0.13031728650874E+00
 0.13016332863817E+00
 0.13000220134944E+00
 0.12983346503839E+00
 0.12965665081135E+00
 0.12947125724043E+00
 0.12927685858206E+00
 0.12907266633882E+00
 0.12885817235260E+00
 0.12863272154666E+00
 0.12839561151973E+00
 0.12814609202010E+00
 0.12788347001552E+00
 0.12760666769626E+00
 0.12731486519737E+00
 0.12700706966415E+00
 0.12668221351989E+00
 0.12633925527145E+00
 0.12597674468878E+00
 0.12559344777466E+00
 0.12518791769523E+00
 0.12475849677849E+00
 0.12430375750288E+00
 0.12382156748939E+00
 0.12331000924886E+00
 0.12276688153825E+00
 0.12218987511026E+00
 0.12157613070588E+00
 0.12092281897172E+00
 0.12022679632362E+00
 0.11948427011883E+00
 0.11869130842808E+00
 0.11784349087066E+00
 0.11693554376783E+00
 0.11596186194278E+00
 0.11491553653950E+00
 0.11378926994458E+00
 0.11257421304255E+00
 0.11125992813007E+00
 0.10983407701972E+00
 0.10828204002810E+00
 0.10658570641603E+00
 0.10472256520339E+00
 0.10266456459721E+00
 0.10037455097835E+00
 0.97802695003391E-01
 0.94878380917373E-01
 0.91497398948665E-01
 0.87488939388534E-01
 0.82541152202423E-01
 0.75933611323736E-01
 0.64678682378453E-01
 0.10816818031984E-01
 0.91872876989160E-02
 0.80391471653247E-02
 0.71622186931239E-02
 0.64601568408972E-02
 0.58803345276582E-02
 0.53907398205941E-02
 0.49705488794890E-02
 0.46051496251171E-02
 0.42842581701852E-02
 0.40000347617596E-02
 0.37466018562943E-02
 0.35193194039079E-02
 0.33144818142880E-02
 0.31290779639288E-02
 0.29606264364938E-02
 0.28070546201518E-02
 0.26666149565938E-02
 0.25378208609739E-02
 0.24193974856703E-02
 0.23102453884056E-02
 0.22094099771123E-02
 0.21160618580912E-02
 0.20294638602929E-02
 0.19489776282433E-02
 0.18740353039714E-02
 0.18041331693187E-02
 0.17388231421824E-02
 0.16777052884833E-02
 0.16204217428735E-02
 0.15666514958341E-02
 0.15160725900521E-02
 0.14684911575754E-02
 0.14236398185040E-02
 0.13813062280378E-02
 0.13412981110577E-02
 0.13034410088290E-02
 0.12675760884820E-02
 0.12335596300569E-02
 0.12012598552909E-02
 0.11705567419697E-02
 0.11413406014204E-02
 0.11135110555698E-02
 0.10869761331690E-02
 0.10616514440193E-02
 0.10374594597526E-02
 0.10143015328954E-02
 0.99216608587121E-03
 0.97096624174695E-03
 0.95064569556708E-03
 0.93115276902068E-03
 0.91243965399428E-03
 0.89446205185112E-03
 0.87717888010666E-03
 0.86055198994032E-03
 0.84454592469532E-03
 0.82912767925489E-03
 0.81414085478749E-03
 0.79980786282543E-03
 0.78597653586758E-03
 0.77262186460616E-03
 0.75972046021348E-03
 0.74725041983790E-03
 0.73519121487324E-03
 0.72352358663867E-03
 0.71222945325843E-03
 0.70129182161498E-03
 0.69069470482899E-03
 0.68042305166023E-03
 0.67046268044039E-03
 0.66080021700240E-03
 0.65142303873961E-03
 0.64231922126858E-03
 0.63347749359088E-03
 0.62488719127802E-03
 0.61653822015624E-03
 0.60842101583320E-03
 0.60052650219814E-03
 0.59284609640728E-03
 0.58537160626256E-03
 0.57809528752697E-03
 0.57100975844621E-03
 0.56410800026664E-03
 0.55738333472672E-03
 0.55082940013581E-03
 0.54444013289899E-03
 0.53820975251261E-03
 0.53213274494655E-03
 0.52620384500485E-03
 0.52041802127939E-03
 0.51477047156245E-03
 0.50925659535504E-03
 0.50387201131139E-03
 0.49861249474659E-03
 0.49347403202496E-03
 0.48845276014642E-03
 0.48354498053001E-03
 0.47874714764000E-03
 0.47405585998974E-03
 0.46946785251754E-03
 0.46497999176487E-03
 0.46058926726307E-03
 0.45629278502558E-03
 0.45208776616199E-03
 0.44797153564681E-03
 0.44394152172202E-03
 0.43999524795837E-03
 0.43613033151393E-03
 0.43234447716034E-03
 0.42863547367132E-03
 0.42500118940398E-03
 0.42143957022872E-03
 0.41794863477233E-03
 0.41452647160812E-03
 0.41117123622332E-03
 0.40788114829241E-03
 0.40465448843778E-03
 0.40148959634808E-03
 0.39838486750591E-03
 0.39533875146859E-03
 0.39234974911263E-03
 0.38941641137967E-03
 0.38653733606324E-03
 0.38371116666569E-03
 0.38093659078782E-03
 0.37821233753587E-03
 0.37553717637160E-03
 0.37290991611641E-03
 0.37032940202124E-03
 0.36779451579155E-03
 0.36530417321383E-03
 0.36285732329961E-03
 0.36045294705007E-03
 0.35809003955983E-03
 0.35576767431926E-03
 0.35348490595201E-03
 0.35124083092669E-03
 0.34903457275125E-03
 0.34686528056348E-03
 0.34473212798751E-03
 0.34263431229766E-03
 0.34057105375710E-03
 0.33854159479798E-03
 0.33654519883476E-03
 0.33458115015403E-03
 0.33264875291823E-03
 0.33074733009355E-03
 0.32887622385373E-03
 0.32703479362184E-03
 0.32522241671589E-03
 0.32343848638379E-03
 0.32168241320794E-03
 0.31995362251667E-03
 0.31825155562806E-03
 0.31657566691009E-03
 0.31492542688118E-03
 0.31330034449377E-03
 0.31169984480999E-03
