-0.12418575680345E+01
-0.12418575680345E+01
-0.12418575680345E+01
-0.12418575680345E+01
-0.12418575680345E+01
-0.12418575680345E+01
-0.12418575680350E+01
-0.12418575680408E+01
-0.12418575680837E+01
-0.12418575682970E+01
-0.12418575690954E+01
-0.12418575715107E+01
-0.12418575777108E+01
-0.12418575916998E+01
-0.12418576201641E+01
-0.12418573909182E+01
-0.12418574838859E+01
-0.12418573012466E+01
-0.12418569038665E+01
-0.12418566293741E+01
-0.12418564189349E+01
-0.12418559442353E+01
-0.12418555810369E+01
-0.12418549485506E+01
-0.12418544791635E+01
-0.12418537565772E+01
-0.12418529977684E+01
-0.12418525364421E+01
-0.12418522363474E+01
-0.12418518108215E+01
-0.12418518590743E+01
-0.12418519703763E+01
-0.12418527375739E+01
-0.12418537764589E+01
-0.12418556840310E+01
-0.12418583781342E+01
-0.12418616950489E+01
-0.12418663055298E+01
-0.12418721421790E+01
-0.12418790859437E+01
-0.12418878323222E+01
-0.12418983408966E+01
-0.12419108002177E+01
-0.12419251375748E+01
-0.12419421010423E+01
-0.12419616734363E+01
-0.12419840794491E+01
-0.12420095592905E+01
-0.12420380725761E+01
-0.12420704247028E+01
-0.12421066185346E+01
-0.12421469123509E+01
-0.12421915758627E+01
-0.12422406023223E+01
-0.12422948114255E+01
-0.12423542270060E+01
-0.12424191264274E+01
-0.12424897936710E+01
-0.12425665135431E+01
-0.12426492959841E+01
-0.12427389596477E+01
-0.12428355314380E+01
-0.12429392882188E+01
-0.12430505076563E+01
-0.12431694637016E+01
-0.12432964258001E+01
-0.12434316580633E+01
-0.12435751390298E+01
-0.12437276664397E+01
-0.12438892198841E+01
-0.12440600317360E+01
-0.12442403278438E+01
-0.12444303242108E+01
-0.12446302260894E+01
-0.12448402268842E+01
-0.12450602287352E+01
-0.12452909448976E+01
-0.12455322645736E+01
-0.12457843242994E+01
-0.12460472473822E+01
-0.12463211404246E+01
-0.12466060927766E+01
-0.12469021750065E+01
-0.12472091186987E+01
-0.12475275735476E+01
-0.12478572511324E+01
-0.12481981364006E+01
-0.12485501931725E+01
-0.12489133606029E+01
-0.12492875516651E+01
-0.12496723718279E+01
-0.12500682231422E+01
-0.12504746652822E+01
-0.12508914883955E+01
-0.12513184505115E+01
-0.12517552722190E+01
-0.12522013583723E+01
-0.12526568835379E+01
-0.12531211781625E+01
-0.12535937833687E+01
-0.12540741861086E+01
-0.12545618165816E+01
-0.12550557600423E+01
-0.12555558576035E+01
-0.12560610633034E+01
-0.12565705105832E+01
-0.12570832397866E+01
-0.12575979048973E+01
-0.12581138676189E+01
-0.12586295537464E+01
-0.12591435028116E+01
-0.12596539800241E+01
-0.12601590760226E+01
-0.12606572405977E+01
-0.12611459241586E+01
-0.12616225750155E+01
-0.12620840174360E+01
-0.12625275654678E+01
-0.12629492512807E+01
-0.12633445751908E+01
-0.12637092755102E+01
-0.12640375509794E+01
-0.12643227081260E+01
-0.12645578705089E+01
-0.12647337996298E+01
-0.12648405877257E+01
-0.12648661501031E+01
-0.12647954788688E+01
-0.12646113082774E+01
-0.12642923983468E+01
-0.12638115727259E+01
-0.12631355791848E+01
-0.12622213317873E+01
-0.12610133371479E+01
-0.12594362149839E+01
-0.12573858640177E+01
-0.12547105396950E+01
-0.12511807024175E+01
-0.12464110866076E+01
-0.12396801799285E+01
-0.12292885639614E+01
-0.12080482428324E+01
-0.10812353711241E+01
-0.10834478554531E+01
-0.10869835143494E+01
-0.10913415268781E+01
-0.10962981921352E+01
-0.11017352821483E+01
-0.11075841800356E+01
-0.11138029566773E+01
-0.11203647543438E+01
-0.11272528508953E+01
-0.11344565829491E+01
-0.11419700314389E+01
-0.11497904090427E+01
-0.11579173503956E+01
-0.11663523705190E+01
-0.11750984951542E+01
-0.11841599928527E+01
-0.11935421883941E+01
-0.12032513186988E+01
-0.12132944176944E+01
-0.12236792304144E+01
-0.12344141295496E+01
-0.12455080899876E+01
-0.12569704712900E+01
-0.12688111995921E+01
-0.12810405553924E+01
-0.12936691657077E+01
-0.13067079628507E+01
-0.13201681407888E+01
-0.13340611191602E+01
-0.13483985092306E+01
-0.13631920233581E+01
-0.13784536918579E+01
-0.13941954734897E+01
-0.14104294769943E+01
-0.14271678846215E+01
-0.14444229369679E+01
-0.14622069184330E+01
-0.14805321516788E+01
-0.14994109849322E+01
-0.15188557878523E+01
-0.15388789461375E+01
-0.15594928572349E+01
-0.15807099317348E+01
-0.16025425861302E+01
-0.16250032463329E+01
-0.16481043025223E+01
-0.16718582863342E+01
-0.16962776061835E+01
-0.17213747261654E+01
-0.17471621201701E+01
-0.17736522804131E+01
-0.18008577082701E+01
-0.18287909303089E+01
-0.18574644876277E+01
-0.18868909457492E+01
-0.19170828898062E+01
-0.19480529047783E+01
-0.19798136893943E+01
-0.20123778826026E+01
-0.20457581828454E+01
-0.20799673229033E+01
-0.21150180687781E+01
-0.21509232213036E+01
-0.21876956178500E+01
-0.22253481352179E+01
-0.22638936903437E+01
-0.23033452399052E+01
-0.23437157828281E+01
-0.23850183615007E+01
-0.24272660631185E+01
-0.24704720203730E+01
-0.25146494111740E+01
-0.25598114618945E+01
-0.26059714452083E+01
-0.26531426852341E+01
-0.27013385546699E+01
-0.27505724545941E+01
-0.28008579207286E+01
-0.28522083997908E+01
-0.29046375274392E+01
-0.29581589167980E+01
-0.30127862503344E+01
-0.30685332687121E+01
-0.31254137652834E+01
-0.31834415865938E+01
-0.32426306363752E+01
-0.33029948775015E+01
-0.33645483254708E+01
-0.34273050465502E+01
-0.34912791778781E+01
-0.35564849185212E+01
-0.36229364700298E+01
-0.36906481943142E+01
-0.37596344100158E+01
-0.38299095513111E+01
-0.39014880972957E+01
-0.39743845878070E+01
-0.40486136216448E+01
-0.41241898556467E+01
-0.42011280101320E+01
-0.42794428641212E+01
-0.43591492534165E+01
-0.44402620831855E+01
-0.45227963119434E+01
-0.46067669642882E+01
-0.46921891219249E+01
-0.47790779320800E+01
-0.48674486026161E+01
-0.49573164037634E+01
-0.50486966656989E+01
-0.51416047841604E+01
-0.52360562159627E+01
-0.53320664808696E+01
-0.54296511613181E+01
-0.55288259037429E+01
-0.56296064166799E+01
-0.57320084733534E+01
-0.58360479094032E+01
-0.59417406248235E+01
-0.60491025825276E+01
-0.61581498115759E+01
-0.62688984030339E+01
-0.63813645125209E+01
-0.64955643616667E+01
-0.66115142347314E+01
-0.67292304807475E+01
-0.68487295157509E+01
-0.69700278177724E+01
-0.70931419320503E+01
-0.72180884677638E+01
-0.73448840993217E+01
-0.74735455673614E+01
-0.76040896838004E+01
-0.77365333073863E+01
-0.78708933799822E+01
-0.80071869049695E+01
-0.81454309506857E+01
-0.82856426518500E+01
-0.84278392090043E+01
-0.85720378882970E+01
-0.87182560227898E+01
-0.88665110121862E+01
-0.90168203213832E+01
-0.91692014827932E+01
-0.93236720956541E+01
-0.94802498238828E+01
-0.96389524014806E+01
-0.97997976261288E+01
-0.99628033645882E+01
-0.10127987547480E+02
-0.10295368177019E+02
-0.10464963318912E+02
-0.10636791109022E+02
-0.10810869744265E+02
-0.10987217496643E+02
-0.11165853015598E+02
-0.11346794076763E+02
