 0.11438129561176E+01
 0.11438129561176E+01
 0.11438129561176E+01
 0.11438129561176E+01
 0.11438129561176E+01
 0.11438129561183E+01
 0.11438129561323E+01
 0.11438129562692E+01
 0.11438129570457E+01
 0.11438129600696E+01
 0.11438129690315E+01
 0.11438129907064E+01
 0.11438130356089E+01
 0.11438131180858E+01
 0.11438132558354E+01
 0.11438142674091E+01
 0.11438145774368E+01
 0.11438159551176E+01
 0.11438183254625E+01
 0.11438208503969E+01
 0.11438238329502E+01
 0.11438283596819E+01
 0.11438335504772E+01
 0.11438406879866E+01
 0.11438487816991E+01
 0.11438592663956E+01
 0.11438718135699E+01
 0.11438857920266E+01
 0.11439019268679E+01
 0.11439213960226E+01
 0.11439429010303E+01
 0.11439680262138E+01
 0.11439955458739E+01
 0.11440270245318E+01
 0.11440612777260E+01
 0.11440990702035E+01
 0.11441414206427E+01
 0.11441870156018E+01
 0.11442366496401E+01
 0.11442912931955E+01
 0.11443496313722E+01
 0.11444124550542E+01
 0.11444799290374E+01
 0.11445529789454E+01
 0.11446302256505E+01
 0.11447124765027E+01
 0.11447998717769E+01
 0.11448925249626E+01
 0.11449913614925E+01
 0.11450949229889E+01
 0.11452040411200E+01
 0.11453188356879E+01
 0.11454394058317E+01
 0.11455666465296E+01
 0.11456991143595E+01
 0.11458376343332E+01
 0.11459823180744E+01
 0.11461332642432E+01
 0.11462905734211E+01
 0.11464551321840E+01
 0.11466255258998E+01
 0.11468025951021E+01
 0.11469864686432E+01
 0.11471772716125E+01
 0.11473751371140E+01
 0.11475802077154E+01
 0.11477926365326E+01
 0.11480133892136E+01
 0.11482410815817E+01
 0.11484766623767E+01
 0.11487203505779E+01
 0.11489723756847E+01
 0.11492329866819E+01
 0.11495024553907E+01
 0.11497810778971E+01
 0.11500699783888E+01
 0.11503679402739E+01
 0.11506761059845E+01
 0.11509948979552E+01
 0.11513247679422E+01
 0.11516662071223E+01
 0.11520197484099E+01
 0.11523859710755E+01
 0.11527664023682E+01
 0.11531599806720E+01
 0.11535682839497E+01
 0.11539921169551E+01
 0.11544323433210E+01
 0.11548898969094E+01
 0.11553657876941E+01
 0.11558619226017E+01
 0.11563778934748E+01
 0.11569157491061E+01
 0.11574768751037E+01
 0.11580627619307E+01
 0.11586750219454E+01
 0.11593162080230E+01
 0.11599866363058E+01
 0.11606891169488E+01
 0.11614258691183E+01
 0.11621992996670E+01
 0.11630120170160E+01
 0.11638676860983E+01
 0.11647677829261E+01
 0.11657164506619E+01
 0.11667173590644E+01
 0.11677745159275E+01
 0.11688931474529E+01
 0.11700764514127E+01
 0.11713304991608E+01
 0.11726611229969E+01
 0.11740750227444E+01
 0.11755797344838E+01
 0.11771816834274E+01
 0.11788905105904E+01
 0.11807160572602E+01
 0.11826702682758E+01
 0.11847638430869E+01
 0.11870116606741E+01
 0.11894305667856E+01
 0.11920370651946E+01
 0.11948528501819E+01
 0.11979029417443E+01
 0.12012135962673E+01
 0.12048192568452E+01
 0.12087573766883E+01
 0.12130738474138E+01
 0.12178252090091E+01
 0.12230774450789E+01
 0.12289121055776E+01
 0.12354337924433E+01
 0.12427722281717E+01
 0.12510969746203E+01
 0.12606303752264E+01
 0.12716781501419E+01
 0.12846710770147E+01
 0.13002499826377E+01
 0.13194131234248E+01
 0.13438836159004E+01
 0.13770164136406E+01
 0.14270859924260E+01
 0.15315317212281E+01
 0.27130323340762E+01
 0.27305515210900E+01
 0.27252997476385E+01
 0.27067190062441E+01
 0.26795025999678E+01
 0.26464145943265E+01
 0.26092437844349E+01
 0.25692286720593E+01
 0.25272659325744E+01
 0.24840314437428E+01
 0.24400475749709E+01
 0.23957202372257E+01
 0.23513731316228E+01
 0.23072656366276E+01
 0.22636065267657E+01
 0.22205637333600E+01
 0.21782718924400E+01
 0.21368379458220E+01
 0.20963456902068E+01
 0.20568590948673E+01
 0.20184256089739E+01
 0.19810782613368E+01
 0.19448392806465E+01
 0.19097162430303E+01
 0.18757124699690E+01
 0.18428222168010E+01
 0.18110334938880E+01
 0.17803292495047E+01
 0.17506882418333E+01
 0.17220859181432E+01
 0.16944951575232E+01
 0.16678872521267E+01
 0.16422311232653E+01
 0.16174958139864E+01
 0.15936495423586E+01
 0.15706603836653E+01
 0.15484965513620E+01
 0.15271266186369E+01
 0.15065197081753E+01
 0.14866456518365E+01
 0.14674750801537E+01
 0.14489795132123E+01
 0.14311314243102E+01
 0.14139042749757E+01
 0.13972725360014E+01
 0.13812116921837E+01
 0.13656983970755E+01
 0.13507098614998E+01
 0.13362247187393E+01
 0.13222224240599E+01
 0.13086833527154E+01
 0.12955887869694E+01
 0.12829208745666E+01
 0.12706625923271E+01
 0.12587977171434E+01
 0.12473107916735E+01
 0.12361870779745E+01
 0.12254124793610E+01
 0.12149737412171E+01
 0.12048580462243E+01
 0.11950532373509E+01
 0.11855477293417E+01
 0.11763304696447E+01
 0.11673909158607E+01
 0.11587190087488E+01
 0.11503051483273E+01
 0.11421401699497E+01
 0.11342153186365E+01
 0.11265222295090E+01
 0.11190529094061E+01
 0.11117997147252E+01
 0.11047553351338E+01
 0.10979127745233E+01
 0.10912653366429E+01
 0.10848066085712E+01
 0.10785304470646E+01
 0.10724309645710E+01
 0.10665025532049E+01
 0.10607396859030E+01
 0.10551373127512E+01
 0.10496903405037E+01
 0.10443940142643E+01
 0.10392437334322E+01
 0.10342350755137E+01
 0.10293637889256E+01
 0.10246257843322E+01
 0.10200171297314E+01
 0.10155340340990E+01
 0.10111728510826E+01
 0.10069300748605E+01
 0.10028023144269E+01
 0.99878628739591E+00
 0.99487891099548E+00
 0.99107707004074E+00
 0.98737789363956E+00
 0.98377853740877E+00
 0.98027627177565E+00
 0.97686846051596E+00
 0.97355255564740E+00
 0.97032609612953E+00
 0.96718670174775E+00
 0.96413206916089E+00
 0.96115997549668E+00
 0.95826826110750E+00
 0.95545484260087E+00
 0.95271769910521E+00
 0.95005487514432E+00
 0.94746447497734E+00
 0.94494466205704E+00
 0.94249365606830E+00
 0.94010973130487E+00
 0.93779121353835E+00
 0.93553647831386E+00
 0.93334395049000E+00
 0.93121210007097E+00
 0.92913944248996E+00
 0.92712453645878E+00
 0.92516598085417E+00
 0.92326241589274E+00
 0.92141251922895E+00
 0.91961500653317E+00
 0.91786862845302E+00
 0.91617217081809E+00
 0.91452445278697E+00
 0.91292432484402E+00
 0.91137066983485E+00
 0.90986240048835E+00
 0.90839845689251E+00
 0.90697780966193E+00
 0.90559945449399E+00
 0.90426241461761E+00
 0.90296573820669E+00
 0.90170849767558E+00
 0.90048978840330E+00
 0.89930873242480E+00
 0.89816447051657E+00
 0.89705616581909E+00
 0.89598300261376E+00
 0.89494418520398E+00
 0.89393893798526E+00
 0.89296650429479E+00
 0.89202614579135E+00
 0.89111714166754E+00
 0.89023878950649E+00
 0.88939040305278E+00
 0.88857131212595E+00
 0.88778086362242E+00
 0.88701841819017E+00
 0.88628335299279E+00
 0.88557505854246E+00
 0.88489294166564E+00
 0.88423641942841E+00
 0.88360492547057E+00
 0.88299790324252E+00
 0.88241481487555E+00
 0.88185512771462E+00
 0.88131833652051E+00
 0.88080391367836E+00
