 0.00000000000000E+00
 0.00000000000000E+00
-0.25697240368075E-26
 0.98706222348402E-26
 0.15418344220845E-26
-0.10274722015900E-11
 0.39143090069457E-11
-0.21773417806944E-11
-0.18086541899456E-10
 0.21949416860664E-10
-0.15207444743584E-10
-0.33691498026169E-06
-0.18412293670942E-05
 0.51825039511956E-06
 0.18836255340793E-05
 0.58161919250481E-05
-0.65329212931315E-05
-0.27333079486728E-05
-0.24425075262438E-05
-0.25469799313164E-05
-0.10695506448901E-05
 0.35227774817919E-05
-0.67448463960976E-05
 0.34393706025949E-05
-0.13426911891027E-05
 0.27672113246863E-06
 0.22339364663041E-05
 0.17274699737037E-05
-0.91761062325551E-06
 0.15746859637281E-06
 0.40310324133197E-06
-0.17816234205544E-06
 0.44423499160095E-05
 0.72958098941068E-05
 0.11062113471406E-04
 0.17464779811155E-04
 0.16783850222311E-04
 0.27017476834539E-04
 0.29834359632777E-04
 0.40604995620603E-04
 0.52729295713719E-04
 0.64600763811368E-04
 0.78001093859608E-04
 0.96310357892060E-04
 0.11583916092843E-03
 0.14061147471096E-03
 0.16686626052482E-03
 0.19861867610319E-03
 0.23133254023227E-03
 0.26744573957315E-03
 0.31097482261576E-03
 0.35946158116482E-03
 0.41285558240290E-03
 0.46819498009623E-03
 0.53240765508140E-03
 0.60549431887055E-03
 0.68135677859166E-03
 0.76063408742314E-03
 0.84610432827037E-03
 0.94574166496506E-03
 0.10502844625655E-02
 0.11650310766797E-02
 0.12857572777650E-02
 0.14135750506722E-02
 0.15484149121493E-02
 0.16934216117885E-02
 0.18521440760254E-02
 0.20184277703271E-02
 0.21985882836160E-02
 0.23875213861049E-02
 0.25848239538443E-02
 0.27956341644611E-02
 0.30196809676064E-02
 0.32528072353550E-02
 0.35040381914483E-02
 0.37616043979629E-02
 0.40416534159311E-02
 0.43279459165359E-02
 0.46334014087776E-02
 0.49573399212021E-02
 0.52902838555041E-02
 0.56453384976889E-02
 0.60148266742939E-02
 0.64130358750791E-02
 0.68129624255280E-02
 0.72467962301772E-02
 0.76905757088154E-02
 0.81636009546702E-02
 0.86581170755097E-02
 0.91775079057550E-02
 0.97110550717389E-02
 0.10279772236511E-01
 0.10862278207132E-01
 0.11493527654507E-01
 0.12124908245605E-01
 0.12808587610895E-01
 0.13510190109990E-01
 0.14252061380011E-01
 0.15017837831613E-01
 0.15828165522827E-01
 0.16679591546573E-01
 0.17560696212865E-01
 0.18492626423345E-01
 0.19440543013716E-01
 0.20450110250523E-01
 0.21489115222228E-01
 0.22586723295338E-01
 0.23738879766404E-01
 0.24908676713977E-01
 0.26193057565458E-01
 0.27474819516595E-01
 0.28851498444144E-01
 0.30285371039175E-01
 0.31760616301787E-01
 0.33324683189968E-01
 0.34948823390402E-01
 0.36614645491356E-01
 0.38375917245864E-01
 0.40218838668064E-01
 0.42151935539348E-01
 0.44122340925171E-01
 0.46257879881549E-01
 0.48408059811810E-01
 0.50713643326873E-01
 0.53067149738931E-01
 0.55556604752058E-01
 0.58086345377180E-01
 0.60790192644967E-01
 0.63626432795354E-01
 0.66459402213314E-01
 0.69548394808958E-01
 0.72671805054435E-01
 0.75880018960825E-01
 0.79279649496229E-01
 0.82804331439393E-01
 0.86486072267511E-01
 0.90188452104894E-01
 0.94068972897016E-01
 0.98147076412278E-01
 0.10234202155158E+00
 0.10654063526753E+00
 0.11095077627584E+00
 0.11537521963259E+00
 0.11989768564359E+00
 0.12450539139466E+00
 0.12900657976779E+00
 0.13379323360919E+00
 0.13838932815899E+00
 0.14302599412472E+00
 0.14743836067452E+00
 0.15190531145073E+00
 0.15603218701825E+00
 0.15999705849584E+00
 0.16364806624965E+00
 0.16702215548006E+00
 0.16956929212244E+00
 0.17182096342618E+00
 0.17344393441258E+00
 0.17451699594914E+00
 0.17486515926779E+00
 0.17440428574493E+00
 0.17322169477404E+00
 0.17109507486600E+00
 0.16835327057235E+00
 0.16487369532438E+00
 0.16086692862515E+00
 0.15636236897982E+00
 0.15117384600544E+00
 0.14571800403983E+00
 0.14021239513654E+00
 0.13422832575768E+00
 0.12802121540066E+00
 0.12204190023479E+00
 0.11630933731947E+00
 0.11076876204146E+00
 0.10579301337419E+00
 0.10101656172661E+00
 0.96477489452710E-01
 0.92282262207313E-01
 0.88651939955540E-01
 0.85114634209215E-01
 0.82159511080900E-01
 0.79262344142687E-01
 0.76782778226327E-01
 0.74642036271568E-01
 0.72642052412789E-01
 0.70804408420588E-01
 0.69250311877169E-01
 0.67908256709100E-01
 0.66641066912237E-01
 0.65412805986532E-01
 0.64388118410325E-01
 0.63441227362351E-01
 0.62511776218199E-01
 0.61627408883910E-01
 0.60879890715356E-01
 0.60122479497067E-01
 0.59487041001856E-01
 0.58831760310881E-01
 0.58228029126709E-01
 0.57595963872911E-01
 0.57040557868387E-01
 0.56486605740911E-01
 0.55929216385882E-01
 0.55394283089351E-01
 0.54895816277458E-01
 0.54377601977459E-01
 0.53878229531969E-01
 0.53374020588261E-01
 0.52899979492425E-01
 0.52498131374353E-01
 0.52018928855213E-01
 0.51582474048142E-01
 0.51134142253445E-01
 0.50724519757647E-01
 0.50269401072395E-01
 0.49859014338652E-01
 0.49451604189921E-01
 0.49038825380561E-01
 0.48639482645938E-01
 0.48260772355326E-01
 0.47856122952779E-01
 0.47479402465109E-01
 0.47118379381934E-01
 0.46752073041854E-01
 0.46379432990634E-01
 0.46029167472941E-01
 0.45678288679928E-01
 0.45306503583243E-01
 0.45018158025250E-01
 0.44697035028153E-01
 0.44329468236621E-01
 0.44005572685441E-01
 0.43669774577081E-01
 0.43384818025758E-01
 0.43095008813290E-01
 0.42743104549299E-01
 0.42401106782287E-01
 0.42179200605484E-01
 0.41883745801047E-01
 0.41603931940784E-01
 0.41301995334007E-01
 0.41047512905113E-01
 0.40764510177478E-01
 0.40499001632915E-01
 0.40237966655364E-01
 0.39912431023155E-01
 0.39712019953040E-01
 0.39448753580569E-01
 0.39193183390294E-01
 0.38939331589906E-01
 0.38737239577088E-01
 0.38446314281182E-01
 0.38182427801878E-01
 0.38039243836435E-01
 0.37785476788807E-01
 0.37440718759150E-01
 0.37323019154885E-01
 0.37072789105984E-01
 0.36880665507406E-01
 0.36602940104802E-01
 0.36404791204663E-01
 0.36196053987209E-01
 0.35983125081040E-01
 0.35796896853943E-01
 0.35643351439896E-01
 0.35444771158161E-01
 0.35257798837029E-01
 0.34999744849388E-01
 0.34884647990684E-01
 0.34621595331176E-01
 0.34448859999838E-01
 0.34349504453518E-01
 0.34081667404685E-01
 0.33824382391552E-01
 0.33770655869980E-01
 0.33534163462574E-01
 0.33363981680352E-01
 0.33180221137928E-01
 0.32998766926851E-01
 0.32845862516431E-01
 0.32631337508882E-01
 0.32427508479690E-01
 0.32314468192007E-01
 0.32167123296243E-01
 0.32161656786423E-01
 0.31856325067024E-01
 0.31753233613862E-01
 0.31657009184438E-01
 0.31410078069054E-01
 0.31353016111977E-01
 0.31069933712313E-01
 0.31021959763222E-01
 0.30828951957443E-01
 0.30635399880158E-01
 0.30511009534313E-01
 0.30325372076368E-01
 0.30189739027539E-01
 0.30134096196465E-01
 0.29957784977270E-01
