 0.00000000000000E+00
 0.00000000000000E+00
 0.00000000000000E+00
 0.00000000000000E+00
 0.00000000000000E+00
 0.29316543571202E-24
 0.86935876602849E-23
 0.77696200426149E-12
 0.13852296234702E-10
 0.23193641586197E-05
 0.62505583267498E-06
-0.63934604268577E-06
-0.35731089971423E-06
-0.13304430231027E-08
-0.25911599573849E-06
-0.70819366196498E-06
 0.19689502407113E-06
-0.47440968455244E-06
 0.79424902705766E-07
-0.90300515909990E-07
 0.21797350133378E-06
-0.12160650647010E-07
-0.11449663913967E-06
 0.22589334905848E-06
 0.71942599459734E-07
-0.28195563083064E-06
-0.53933065315892E-07
 0.16429555053992E-08
 0.72550795722773E-07
 0.56994407757645E-07
 0.17384701009403E-08
-0.73627539068568E-07
-0.38709168326619E-07
 0.89621994168460E-08
 0.75138705139719E-07
-0.34862459128478E-07
 0.18975419093949E-07
 0.62295478506283E-07
 0.11373451249649E-06
 0.10314718528079E-06
 0.26310385757965E-06
 0.34990136134786E-06
 0.38300032718090E-06
 0.59938314883480E-06
 0.69088989942027E-06
 0.10654545576323E-05
 0.15041697135590E-05
 0.18429237464406E-05
 0.22707398704162E-05
 0.30516956200367E-05
 0.37968947913647E-05
 0.47557570356976E-05
 0.56314471296037E-05
 0.69291486321840E-05
 0.84823087497248E-05
 0.10481678147960E-04
 0.12744989675065E-04
 0.15480265948583E-04
 0.18460563768519E-04
 0.21902083919233E-04
 0.25870037365129E-04
 0.30274428717689E-04
 0.35488752982762E-04
 0.41229730109423E-04
 0.47700841882453E-04
 0.55034696802141E-04
 0.63258889788845E-04
 0.72457473617147E-04
 0.82506183854875E-04
 0.93726792113837E-04
 0.10618328722134E-03
 0.12001484492719E-03
 0.13494511664170E-03
 0.15177096030575E-03
 0.17003167796044E-03
 0.18939356552350E-03
 0.21073306944444E-03
 0.23455535078749E-03
 0.26087134046091E-03
 0.28840871144539E-03
 0.31801720805814E-03
 0.35104618677160E-03
 0.38601288134354E-03
 0.42396702908881E-03
 0.46481535796469E-03
 0.50876641783413E-03
 0.55594700507899E-03
 0.60674027231715E-03
 0.66076588873393E-03
 0.71924696565862E-03
 0.78139898568440E-03
 0.84787054814461E-03
 0.91929438077080E-03
 0.99527540498512E-03
 0.10758692690923E-02
 0.11624304414806E-02
 0.12543819975438E-02
 0.13526200883229E-02
 0.14565246517693E-02
 0.15670185718763E-02
 0.16850480266223E-02
 0.18100851450517E-02
 0.19437288612442E-02
 0.20843758656542E-02
 0.22340802934968E-02
 0.23934892098991E-02
 0.25618630880794E-02
 0.27405256543535E-02
 0.29295329427569E-02
 0.31296915016558E-02
 0.33424852177916E-02
 0.35678288722067E-02
 0.38073176389971E-02
 0.40580270038820E-02
 0.43246033952107E-02
 0.46085911818958E-02
 0.49075868900559E-02
 0.52244018411265E-02
 0.55595552611250E-02
 0.59147660399174E-02
 0.62899084617409E-02
 0.66874675044917E-02
 0.71070968542442E-02
 0.75510198387945E-02
 0.80214477861882E-02
 0.85201656724931E-02
 0.90468850031537E-02
 0.96023995426902E-02
 0.10191897173068E-01
 0.10815325657181E-01
 0.11476020068810E-01
 0.12175411070115E-01
 0.12916710639133E-01
 0.13699757151614E-01
 0.14527297680985E-01
 0.15405531171157E-01
 0.16334250852966E-01
 0.17317080822834E-01
 0.18356118348440E-01
 0.19454960228053E-01
 0.20615360902699E-01
 0.21846982757045E-01
 0.23148313746312E-01
 0.24522169951389E-01
 0.25970681979708E-01
 0.27497904291920E-01
 0.29109519050449E-01
 0.30815161980520E-01
 0.32616749803228E-01
 0.34531225174437E-01
 0.36580280073780E-01
 0.38793651264422E-01
 0.41221330587917E-01
 0.43922199383496E-01
 0.46982304851820E-01
 0.50521444158789E-01
 0.54711054080975E-01
 0.59724599232997E-01
 0.65636026866092E-01
 0.72322660162267E-01
 0.79415386430494E-01
 0.86409056438164E-01
 0.92793248388806E-01
 0.98220133609073E-01
 0.10253927125205E+00
 0.10579216149509E+00
 0.10815809234608E+00
 0.10986216307819E+00
 0.11110773719586E+00
 0.11206621162214E+00
 0.11284658138487E+00
 0.11355115038588E+00
 0.11423416825452E+00
 0.11492849823490E+00
 0.11564513859584E+00
 0.11640140768926E+00
 0.11718209735236E+00
 0.11800480183271E+00
 0.11885678632564E+00
 0.11973959890601E+00
 0.12064824010288E+00
 0.12156714013168E+00
 0.12250717393577E+00
 0.12345721153526E+00
 0.12441108523608E+00
 0.12536840503431E+00
 0.12633331151013E+00
 0.12729061526245E+00
 0.12824545383067E+00
 0.12920034130425E+00
 0.13014816327279E+00
 0.13109016273755E+00
 0.13202560275527E+00
 0.13294639267920E+00
 0.13386485646020E+00
 0.13476943765528E+00
 0.13566252882048E+00
 0.13654695847406E+00
 0.13742190499026E+00
 0.13828423160910E+00
 0.13913243343955E+00
 0.13997495385421E+00
 0.14080379741191E+00
 0.14161691236694E+00
 0.14242729198973E+00
 0.14322075140315E+00
 0.14400499175349E+00
 0.14477575208675E+00
 0.14554056201110E+00
 0.14628994885837E+00
 0.14702829580844E+00
 0.14775814039797E+00
 0.14847878225945E+00
 0.14918487428406E+00
 0.14988322783004E+00
 0.15057257242064E+00
 0.15125037947339E+00
 0.15192043510673E+00
 0.15257905217551E+00
 0.15322934374234E+00
 0.15386841999274E+00
 0.15450024596723E+00
 0.15512337630201E+00
 0.15573828136146E+00
 0.15634382983076E+00
 0.15693963029280E+00
 0.15752874063431E+00
 0.15810969295963E+00
 0.15868043857978E+00
 0.15924617420108E+00
 0.15980366158819E+00
 0.16035251758551E+00
 0.16089577110489E+00
 0.16143000706818E+00
 0.16195762621395E+00
 0.16247821894418E+00
 0.16299242223223E+00
 0.16349961112850E+00
 0.16400050707893E+00
 0.16449403142020E+00
 0.16498162520295E+00
 0.16546281500378E+00
 0.16593794233023E+00
 0.16640682102631E+00
 0.16687015292742E+00
 0.16732750064557E+00
 0.16777920811021E+00
 0.16822528556756E+00
 0.16866565264414E+00
 0.16910081470099E+00
 0.16953028505805E+00
 0.16995471013321E+00
 0.17037410431914E+00
 0.17078813052783E+00
 0.17119744703686E+00
 0.17160167115062E+00
 0.17200124201823E+00
 0.17239608746034E+00
 0.17278626687093E+00
 0.17317189877474E+00
 0.17355290785875E+00
 0.17392943205183E+00
 0.17430178197774E+00
 0.17466954922074E+00
 0.17503360477434E+00
 0.17539329903560E+00
 0.17574891976318E+00
 0.17610046563570E+00
 0.17644826971891E+00
 0.17679205266091E+00
 0.17713216546433E+00
 0.17746864017739E+00
 0.17780099894567E+00
 0.17812975184114E+00
 0.17845536191078E+00
 0.17877715967863E+00
 0.17909538429541E+00
 0.17941032683988E+00
 0.17972250718014E+00
 0.18003045383978E+00
 0.18033576200959E+00
 0.18063704138313E+00
 0.18093575950178E+00
 0.18123132948164E+00
 0.18152395461839E+00
 0.18181364104073E+00
 0.18209974286040E+00
 0.18238369641301E+00
 0.18266438199611E+00
 0.18294191401850E+00
 0.18321733608217E+00
 0.18348970245944E+00
 0.18375967148113E+00
 0.18402597398562E+00
 0.18429040814240E+00
 0.18455206288061E+00
 0.18481193901273E+00
 0.18506886021676E+00
 0.18532247388982E+00
 0.18557408329917E+00
