 0.00000000000000E+00
 0.00000000000000E+00
 0.00000000000000E+00
 0.38545860552113E-26
 0.31585991151489E-25
 0.26321659292907E-25
-0.22026206029779E-26
-0.47033154707326E-24
 0.43643100175382E-12
-0.12395058180473E-10
 0.24121059688517E-11
-0.72783996978726E-11
 0.29911382607996E-10
 0.18065656136973E-10
 0.53291141988644E-11
-0.21235040778721E-10
 0.14131935022218E-10
 0.18505917100885E-10
 0.48653662439959E-10
-0.88049098218205E-11
-0.12277456305231E-10
 0.58850563803515E-10
-0.10517141130789E-09
-0.31374416833354E-10
 0.60011220941001E-09
-0.87672928896838E-09
 0.60325650991774E-09
 0.65662652529422E-09
 0.20882316793292E-08
 0.33889383480960E-08
 0.59957211701273E-08
 0.10680818600814E-07
 0.18265025433270E-07
 0.30232761809713E-07
 0.48582506350572E-07
 0.75938111791733E-07
 0.11585569874861E-06
 0.17277490647740E-06
 0.25235555082966E-06
 0.36145414114153E-06
 0.50857473289384E-06
 0.70375772370579E-06
 0.95901225819636E-06
 0.12883076800513E-05
 0.17088489230536E-05
 0.22359597511585E-05
 0.28936729113807E-05
 0.37045746376050E-05
 0.46949030056635E-05
 0.58877113124133E-05
 0.73373032324299E-05
 0.90484390888425E-05
 0.11076046371951E-04
 0.13445823770427E-04
 0.16236139902143E-04
 0.19458361613927E-04
 0.23183153935642E-04
 0.27453888061767E-04
 0.32275477004861E-04
 0.37884000598530E-04
 0.44144059797543E-04
 0.51217962668514E-04
 0.59152746669158E-04
 0.68006346218196E-04
 0.77970379727227E-04
 0.88919776163004E-04
 0.10104142189489E-03
 0.11449620113028E-03
 0.13013333223958E-03
 0.14450086657508E-03
 0.16351543453303E-03
 0.18382136413834E-03
 0.20388605092462E-03
 0.22522840602166E-03
 0.25046040325645E-03
 0.27934401766107E-03
 0.31010728311570E-03
 0.34146963882636E-03
 0.37390159936415E-03
 0.40907229619136E-03
 0.44881681185569E-03
 0.49280116594351E-03
 0.53702906851369E-03
 0.58621945485395E-03
 0.63735210116222E-03
 0.69255012298955E-03
 0.75146906320690E-03
 0.81418629559083E-03
 0.88099206724686E-03
 0.95185276882408E-03
 0.10273648870575E-02
 0.11072549394616E-02
 0.11921419843027E-02
 0.12820683617710E-02
 0.13772650370597E-02
 0.14779296717430E-02
 0.15844818983216E-02
 0.16970189156877E-02
 0.18157406217481E-02
 0.19413283884223E-02
 0.20736987007728E-02
 0.22130468533716E-02
 0.23602222157503E-02
 0.25149865045151E-02
 0.26781400104207E-02
 0.28497633109541E-02
 0.30300633788727E-02
 0.32199835760011E-02
 0.34196338850937E-02
 0.36294372057419E-02
 0.38493660361326E-02
 0.40807005971018E-02
 0.43235863701339E-02
 0.45801381395838E-02
 0.48437369096367E-02
 0.51249851005643E-02
 0.54217740715743E-02
 0.57306815440212E-02
 0.60510926971635E-02
 0.63871682729346E-02
 0.67386311143476E-02
 0.71107594992347E-02
 0.75012794566602E-02
 0.79134346576391E-02
 0.83411706899712E-02
 0.87859747924500E-02
 0.92464515945580E-02
 0.97276947978056E-02
 0.10238600077740E-01
 0.10776325269976E-01
 0.11328712251051E-01
 0.11912478933164E-01
 0.12517022858815E-01
 0.13149585109591E-01
 0.13809695618248E-01
 0.14498941583950E-01
 0.15217668663494E-01
 0.15967378850829E-01
 0.16748732162025E-01
 0.17561865157924E-01
 0.18407436570845E-01
 0.19287705025461E-01
 0.20204745323234E-01
 0.21150067635260E-01
 0.22144416893913E-01
 0.23173418037495E-01
 0.24233891617216E-01
 0.25324855084254E-01
 0.26450810078134E-01
 0.27618830934994E-01
 0.28827464945323E-01
 0.30077967286170E-01
 0.31356064289771E-01
 0.32652873201355E-01
 0.33965937436528E-01
 0.35298980916849E-01
 0.36660542710352E-01
 0.38038394660625E-01
 0.39393075120548E-01
 0.40754815946520E-01
 0.42094008630652E-01
 0.43404648083233E-01
 0.44675609345199E-01
 0.45892539224900E-01
 0.47045816212346E-01
 0.48124271020651E-01
 0.49118652399956E-01
 0.50018819683133E-01
 0.50818683354403E-01
 0.51512856096747E-01
 0.52098578341558E-01
 0.52576019681698E-01
 0.52946344799229E-01
 0.53212241623900E-01
 0.53377683670994E-01
 0.53448929633614E-01
 0.53430267162065E-01
 0.53330218388655E-01
 0.53152629103575E-01
 0.52904183698196E-01
 0.52592241563369E-01
 0.52220028274566E-01
 0.51795022856563E-01
 0.51321101125182E-01
 0.50803048488748E-01
 0.50245845757988E-01
 0.49654071248789E-01
 0.49029510973644E-01
 0.48377447406654E-01
 0.47701038320044E-01
 0.47010169260309E-01
 0.46293503953416E-01
 0.45564170300249E-01
 0.44837069896329E-01
 0.44097520473230E-01
 0.43340561744175E-01
 0.42588843800222E-01
 0.41857030756569E-01
 0.41111806735067E-01
 0.40378725567896E-01
 0.39651809157397E-01
 0.38936282867070E-01
 0.38233706481379E-01
 0.37544050629768E-01
 0.36870077871400E-01
 0.36211538834929E-01
 0.35569085690327E-01
 0.34944287416377E-01
 0.34336451549366E-01
 0.33746801761673E-01
 0.33174760295549E-01
 0.32620615026341E-01
 0.32084004153366E-01
 0.31564761396127E-01
 0.31062586248265E-01
 0.30577124690501E-01
 0.30107858333775E-01
 0.29654309208726E-01
 0.29217410696247E-01
 0.28792063853877E-01
 0.28381620305718E-01
 0.27988658565613E-01
 0.27609601017006E-01
 0.27236160872433E-01
 0.26874003011218E-01
 0.26531887902657E-01
 0.26203004008490E-01
 0.25873019713275E-01
 0.25560846281572E-01
 0.25257604105154E-01
 0.24963238753736E-01
 0.24677904231054E-01
 0.24401056819927E-01
 0.24132285940350E-01
 0.23871273913837E-01
 0.23617976812178E-01
 0.23371778928975E-01
 0.23132437087672E-01
 0.22899714840217E-01
 0.22673181884627E-01
 0.22452704062424E-01
 0.22238030097793E-01
 0.22028831978668E-01
 0.21824948783229E-01
 0.21626184082992E-01
 0.21432314578353E-01
 0.21243066010504E-01
 0.21058365022969E-01
 0.20877955210062E-01
 0.20701684536646E-01
 0.20529435841884E-01
 0.20361000473498E-01
 0.20196296806535E-01
 0.20035122416488E-01
 0.19877365122948E-01
 0.19722934447217E-01
 0.19571718691225E-01
 0.19423537066864E-01
 0.19278336902782E-01
 0.19135995520381E-01
 0.18996430094995E-01
 0.18859539281965E-01
 0.18725217361719E-01
 0.18593393910269E-01
 0.18464021674744E-01
 0.18336985901193E-01
 0.18212217809764E-01
 0.18089642066057E-01
 0.17969202424081E-01
 0.17850838655376E-01
 0.17734477557527E-01
 0.17620051070444E-01
 0.17507514700510E-01
 0.17396799570180E-01
 0.17287897637022E-01
 0.17180717616178E-01
 0.17075207263257E-01
 0.16971357345660E-01
 0.16869063386635E-01
 0.16768363526223E-01
 0.16669172926666E-01
 0.16571410319950E-01
 0.16475097131689E-01
 0.16380230477499E-01
 0.16286694856751E-01
 0.16194463146998E-01
 0.16103478008877E-01
 0.16013829191827E-01
 0.15925381265226E-01
 0.15838119072684E-01
 0.15752093941016E-01
 0.15667195275309E-01
 0.15583390449617E-01
 0.15500707423510E-01
 0.15419070878742E-01
 0.15338467563158E-01
 0.15258926002281E-01
 0.15180260420990E-01
 0.15102733187892E-01
 0.15026080651240E-01
