 0.00000000000000E+00
 0.00000000000000E+00
 0.00000000000000E+00
 0.38545860552113E-26
 0.31585991151489E-25
 0.26321659292907E-25
-0.22026206029779E-26
-0.47033154707326E-24
-0.36068998816947E-23
-0.62563317947941E-22
-0.16483234368446E-21
-0.70826397676915E-21
-0.58695106997894E-21
-0.28708299858376E-20
-0.41904044705560E-20
-0.33921122727397E-19
-0.46502112959450E-19
-0.16036355570012E-18
-0.19951075535926E-18
-0.13054721619809E-18
-0.55626468136611E-18
-0.96701641628214E-18
-0.16346781854369E-17
-0.11733132517557E-17
-0.17452712281060E-17
-0.21066080699316E-17
-0.12950856893616E-17
-0.64099373879273E-17
-0.15365557400787E-17
-0.45797897475122E-17
-0.60291913851294E-17
-0.12571213411668E-16
-0.22676782799333E-11
-0.89153085088856E-12
 0.52112271095824E-12
 0.73322007510879E-12
-0.36256235722629E-11
 0.39916367312517E-11
 0.55034319684943E-11
-0.36569117357013E-11
 0.67846303480221E-11
-0.54056622306679E-11
-0.58432866683913E-11
 0.12876422978252E-10
 0.38995603153442E-11
 0.10397470293660E-10
 0.12854728100747E-10
-0.11212662105404E-10
 0.55746366846955E-11
 0.82532901005696E-12
 0.14486005350981E-10
 0.18582886325480E-11
-0.89597095299611E-11
-0.18419626465799E-11
-0.70120879510292E-13
 0.26485472270026E-12
 0.17458732847907E-10
 0.84614949057602E-11
 0.40940713869657E-11
 0.10408414057348E-10
 0.13382229243178E-11
-0.14440871330032E-10
 0.41842662948660E-11
-0.22727008577067E-11
-0.75076858571581E-11
-0.30168981249623E-11
-0.90465933662249E-11
 0.19168468984968E-11
-0.55117348048211E-11
 0.10477329931858E-10
-0.17273381173237E-11
 0.14194982680241E-11
-0.34357838380873E-11
 0.40735001129227E-11
 0.29225529906308E-10
-0.11692618338063E-10
-0.48705747928757E-11
-0.11603886978849E-10
-0.10578416721833E-10
-0.17402408860698E-11
 0.16198415296383E-12
-0.45617000308563E-11
-0.37747465210959E-12
-0.77723405508194E-11
 0.48868736057926E-12
 0.44270878703746E-11
 0.50148153111613E-11
-0.55808710225233E-12
-0.40368310146780E-11
 0.43119475794308E-11
-0.26739813144784E-12
-0.33329692737509E-11
 0.17864490347486E-11
 0.25393645277556E-11
 0.10390597793582E-11
-0.36666638409672E-11
-0.20575115694921E-11
 0.15243286308774E-11
 0.37793540249666E-12
 0.88866101629254E-12
-0.23051962981264E-12
 0.20036806829183E-11
-0.19835445057004E-11
-0.22094078777543E-11
 0.51706136991389E-11
-0.38055124165241E-11
-0.29632916107753E-11
 0.16194738017088E-11
-0.71415376702134E-12
-0.10940954319713E-11
-0.27147303996414E-11
-0.34873680783917E-11
-0.60215875666885E-11
-0.13477397451415E-11
 0.67086473741014E-12
-0.39537095260554E-11
 0.65503117295756E-12
-0.21541598918053E-11
 0.36362200032666E-11
 0.45250474794008E-11
 0.41424851937377E-12
-0.59106486458802E-12
-0.50301745835356E-12
 0.10083273975141E-11
 0.26144540946034E-10
-0.66676495247640E-11
-0.22689627687943E-11
 0.35935258364804E-12
-0.27123255454347E-11
 0.15463155639105E-11
 0.18321100133036E-11
-0.12527003999826E-12
 0.42242793850340E-11
 0.29274237758220E-11
 0.48505348146375E-11
 0.73844209522037E-12
-0.28484243114681E-11
-0.82879003807338E-12
-0.54539542259288E-11
-0.30934342414922E-10
-0.29156892837369E-11
-0.38235999686940E-11
 0.90267818998950E-11
 0.71678545146390E-11
 0.24124680148580E-10
 0.23792064777988E-10
 0.29960996316616E-12
-0.92936655689552E-11
 0.47297198854098E-11
 0.15387301371793E-11
 0.30422392238354E-11
-0.29320660866372E-11
-0.15987245576844E-11
-0.68654379714391E-11
 0.42443667449727E-12
-0.28667973091831E-11
-0.14334463069975E-10
 0.34835055928134E-11
-0.12115716180063E-10
-0.37743250432392E-11
-0.12054517104018E-12
 0.67165271611133E-10
-0.19728019260111E-11
 0.36088777022951E-11
 0.42837091684777E-11
 0.16196355605212E-10
 0.31647120064316E-10
-0.10560524508626E-08
 0.22140554141131E-09
-0.19754056157372E-09
-0.83590008170764E-09
 0.66449136297554E-10
 0.28010746781118E-11
-0.24545322913116E-09
-0.11441089054552E-09
-0.73173450934148E-10
-0.93427109777195E-10
 0.43480355747186E-10
 0.80436398851875E-09
 0.21750653240574E-10
-0.11322741239712E-10
-0.34350645344921E-10
 0.34824745589873E-10
 0.19171909598314E-10
 0.12424175344414E-10
-0.39205658726131E-10
-0.33663498796533E-09
-0.15569021361214E-09
 0.32639067845554E-09
 0.43709638181123E-09
-0.42180463609347E-09
 0.26576049548029E-09
-0.14089302491738E-08
-0.66727287595026E-09
 0.14844851971391E-08
-0.13231165014558E-09
 0.16530984527835E-09
 0.18845468877935E-10
 0.19092504129428E-08
-0.31895398565654E-08
 0.70992228902485E-10
 0.71666016678295E-11
-0.45654534385595E-11
 0.65241322765644E-11
-0.24370586844820E-10
 0.76631197361392E-09
-0.13933107157199E-09
-0.53229415849244E-10
-0.24068537279224E-09
-0.51182969227601E-08
 0.13406392211847E-09
 0.73996796197458E-10
-0.57268765322713E-08
-0.50304452120590E-09
-0.12201839349941E-09
-0.25008536172204E-08
-0.29147135566572E-07
-0.40561684583035E-08
-0.12895392197674E-08
 0.46585512350957E-09
-0.29139461408245E-08
 0.22116313942838E-10
-0.66387675738223E-09
 0.11167798414307E-09
 0.75404818320436E-10
-0.13734273002354E-08
-0.16936041423739E-08
-0.16888152748533E-08
 0.40335591667697E-09
 0.34711265414434E-10
 0.14137288484812E-08
-0.16319927604798E-09
-0.18260806002455E-08
-0.28458423782566E-09
 0.12163740210772E-09
 0.13586368835062E-08
 0.10819030768277E-08
 0.86312345993834E-09
-0.52677339335806E-08
 0.20071598125482E-10
 0.13987241758245E-08
-0.39362932184343E-09
-0.11304827417355E-08
-0.97852913971852E-09
-0.34203702405081E-09
-0.15973890583890E-09
-0.60026381038462E-09
-0.11839480479426E-10
 0.92690921552225E-11
-0.21695821156873E-10
-0.68205554292121E-09
 0.21608742897022E-09
-0.45442151423307E-10
 0.20439487611393E-13
-0.19276470746910E-10
-0.14247322883013E-09
 0.67816283610908E-08
-0.14309681315567E-09
 0.24974946778760E-09
 0.29633723363507E-09
-0.14503245658143E-10
 0.96847675221085E-12
-0.11350521542350E-11
 0.17751809769022E-08
 0.28896807673937E-11
 0.11173714627838E-11
 0.41473490637409E-09
 0.68067497749908E-11
 0.10793620411978E-09
 0.14302459539329E-09
-0.40935330887441E-09
-0.13806490641076E-09
 0.32328830588214E-12
-0.12143132225948E-08
-0.60130872859782E-10
 0.19703740113459E-11
 0.31997870278045E-10
-0.90106525331271E-12
-0.71898956270095E-10
 0.37240441660525E-09
 0.10392474387668E-08
 0.13562902866267E-09
 0.28746586502104E-10
 0.31067517379069E-10
 0.71997431724112E-10
 0.15195955038217E-10
 0.94891959243424E-10
 0.11782791521617E-09
-0.13853253483505E-09
-0.11038031644098E-09
-0.77748983411134E-08
 0.27210274377437E-09
-0.23570531100104E-09
 0.12851932677619E-09
 0.90799318297047E-08
-0.60905184680836E-10
-0.26417005440320E-10
 0.20087077922269E-10
 0.42540110837943E-11
-0.28947662790267E-10
