 0.00000000000000E+00
 0.00000000000000E+00
 0.00000000000000E+00
 0.00000000000000E+00
 0.00000000000000E+00
 0.46906469713923E-25
 0.26431727307018E-23
 0.14259566793033E-21
-0.36776519016834E-11
 0.60408232945203E-06
-0.13547675035359E-05
 0.80308331730610E-07
 0.58416970835755E-07
 0.47274288618525E-06
-0.35240186036585E-06
 0.24008047503451E-06
-0.43220922758208E-07
 0.27293412450888E-07
-0.31512577058901E-07
-0.22182331200458E-06
-0.20912487049870E-06
-0.17742961315919E-07
-0.29330113863528E-08
 0.59056054062159E-07
-0.65036638787096E-07
-0.41061767846698E-07
-0.23889712917744E-08
-0.41006402786091E-07
 0.22210921162986E-07
-0.12753597749304E-06
-0.19705384044649E-07
-0.24842915743129E-07
-0.52452838944644E-08
 0.42529142400816E-07
-0.20025996705864E-07
-0.21783764343326E-08
-0.12447736207133E-07
 0.46644257288283E-08
 0.28040090232521E-07
 0.31036862237461E-07
 0.30719499834691E-07
 0.40381054779467E-07
 0.17443672258186E-07
 0.70854206486674E-07
 0.95732584517834E-07
 0.93488345659915E-07
 0.15193666369662E-06
 0.21300871011298E-06
 0.26985687508088E-06
 0.38793606838127E-06
 0.49296580847888E-06
 0.64680377283292E-06
 0.86762423447037E-06
 0.10863129977691E-05
 0.13739739889933E-05
 0.17105179802355E-05
 0.21199747399577E-05
 0.26172425011026E-05
 0.32342896486436E-05
 0.39453923153335E-05
 0.47807435235024E-05
 0.57729485850083E-05
 0.69032812717611E-05
 0.82101653874202E-05
 0.97423185077887E-05
 0.11485349868856E-04
 0.13449512451113E-04
 0.15716731145684E-04
 0.18277628172213E-04
 0.21175824230224E-04
 0.24440702706050E-04
 0.28109812855868E-04
 0.32211033256319E-04
 0.36769435169229E-04
 0.41849685698423E-04
 0.47497826308737E-04
 0.53721773505031E-04
 0.60601309717280E-04
 0.68134332187417E-04
 0.76527369307260E-04
 0.85617724408747E-04
 0.95465207221888E-04
 0.10635752210021E-03
 0.11829160087697E-03
 0.13123338045995E-03
 0.14521848968067E-03
 0.16040436630196E-03
 0.17687490003084E-03
 0.19467222133150E-03
 0.21386035827305E-03
 0.23455765109660E-03
 0.25684887815857E-03
 0.28087906418227E-03
 0.30667886223179E-03
 0.33432554601160E-03
 0.36399108966932E-03
 0.39574197358542E-03
 0.42976216598836E-03
 0.46608467090478E-03
 0.50493167525011E-03
 0.54632240165063E-03
 0.59052617355033E-03
 0.63761870375320E-03
 0.68775051349543E-03
 0.74108659841660E-03
 0.79791628268217E-03
 0.85824310943218E-03
 0.92231681521645E-03
 0.99038029292948E-03
 0.10626189310256E-02
 0.11392172797842E-02
 0.12205108190596E-02
 0.13065749301640E-02
 0.13977582128041E-02
 0.14943443323692E-02
 0.15964961159190E-02
 0.17045924842097E-02
 0.18191284957788E-02
 0.19403299356261E-02
 0.20682150209166E-02
 0.22035193102057E-02
 0.23464815625633E-02
 0.24976230929577E-02
 0.26572094545907E-02
 0.28257147082758E-02
 0.30037804659553E-02
 0.31918389759219E-02
 0.33902850995513E-02
 0.35997921438859E-02
 0.38208937895526E-02
 0.40544412964477E-02
 0.43007916871194E-02
 0.45609196011422E-02
 0.48353620805535E-02
 0.51250706560371E-02
 0.54307725477334E-02
 0.57532733271625E-02
 0.60939778067444E-02
 0.64536457373170E-02
 0.68331230283172E-02
 0.72336924009302E-02
 0.76566189347629E-02
 0.81031298444606E-02
 0.85745671162652E-02
 0.90724454926218E-02
 0.95982614393665E-02
 0.10153520883384E-01
 0.10739944087720E-01
 0.11359332471193E-01
 0.12014201845252E-01
 0.12705933966640E-01
 0.13437003181202E-01
 0.14209986168543E-01
 0.15027391894117E-01
 0.15892649385212E-01
 0.16809452255007E-01
 0.17782917975487E-01
 0.18818601408061E-01
 0.19923784462092E-01
 0.21109401137408E-01
 0.22387647495084E-01
 0.23773572849044E-01
 0.25285516529419E-01
 0.26940582282860E-01
 0.28750896750287E-01
 0.30719771321410E-01
 0.32833715596461E-01
 0.35066498239201E-01
 0.37375889829717E-01
 0.39714478033815E-01
 0.42035005385485E-01
 0.44297064900923E-01
 0.46471180120477E-01
 0.48538157495531E-01
 0.50487829851903E-01
 0.52316457932942E-01
 0.54025698210526E-01
 0.55620128425132E-01
 0.57106701884998E-01
 0.58491852680762E-01
 0.59783694628229E-01
 0.60989420808101E-01
 0.62115596468933E-01
 0.63168594223058E-01
 0.64154164450497E-01
 0.65078442024272E-01
 0.65945261381445E-01
 0.66759042101179E-01
 0.67524239327723E-01
 0.68243959868892E-01
 0.68921360696774E-01
 0.69559178571780E-01
 0.70160249118676E-01
 0.70726749258785E-01
 0.71260839610987E-01
 0.71764728115710E-01
 0.72240072781617E-01
 0.72688644141496E-01
 0.73111377246648E-01
 0.73510132510414E-01
 0.73886619509349E-01
 0.74241107375679E-01
 0.74575218777243E-01
 0.74890105769179E-01
 0.75186191931534E-01
 0.75465146227521E-01
 0.75727180554549E-01
 0.75973052023684E-01
 0.76204420642048E-01
 0.76420859765289E-01
 0.76623303725632E-01
 0.76812927851569E-01
 0.76989862345625E-01
 0.77154683815288E-01
 0.77307573424386E-01
 0.77449851223437E-01
 0.77581283680338E-01
 0.77702835459786E-01
 0.77814274603893E-01
 0.77916550504120E-01
 0.78009894545671E-01
 0.78094455927752E-01
 0.78170987042376E-01
 0.78239436226516E-01
 0.78300260065115E-01
 0.78353711344446E-01
 0.78400122057012E-01
 0.78439844009479E-01
 0.78472914791954E-01
 0.78499746136633E-01
 0.78520627713587E-01
 0.78535599385714E-01
 0.78545021565896E-01
 0.78549009459577E-01
 0.78547772576240E-01
 0.78541607540945E-01
 0.78530631848881E-01
 0.78514993356058E-01
 0.78494830657280E-01
 0.78470380862915E-01
 0.78441816951305E-01
 0.78409235068285E-01
 0.78372812459078E-01
 0.78332609389416E-01
 0.78288851956123E-01
 0.78241625052010E-01
 0.78191086142994E-01
 0.78137274136931E-01
 0.78080402312294E-01
 0.78020527040849E-01
 0.77957771183667E-01
 0.77892232812200E-01
 0.77824001208957E-01
 0.77753200911042E-01
 0.77679887439537E-01
 0.77604175849915E-01
 0.77526140368240E-01
 0.77445877918617E-01
 0.77363454637257E-01
 0.77278951788555E-01
 0.77192447996389E-01
 0.77104014638549E-01
 0.77013718035934E-01
 0.76921632789446E-01
 0.76827817695401E-01
 0.76732339440117E-01
 0.76635249365993E-01
 0.76536627485548E-01
 0.76436528876980E-01
 0.76334989441705E-01
 0.76232067648894E-01
 0.76127843251643E-01
 0.76022328692727E-01
 0.75915597656566E-01
 0.75807692054330E-01
 0.75698666328319E-01
 0.75588512699378E-01
 0.75477357056645E-01
 0.75365192703989E-01
 0.75252055952524E-01
 0.75138001458450E-01
 0.75023075917144E-01
 0.74907298073686E-01
 0.74790709162841E-01
 0.74673352386143E-01
 0.74555240101053E-01
 0.74436435675087E-01
 0.74316927821593E-01
 0.74196780695527E-01
 0.74076027304498E-01
 0.73954685198211E-01
 0.73832781272599E-01
 0.73710333140475E-01
 0.73587377542164E-01
 0.73463957028395E-01
 0.73340081638717E-01
 0.73215771097950E-01
 0.73091019158923E-01
 0.72965929845941E-01
 0.72840467441322E-01
