 0.00000000000000E+00
 0.00000000000000E+00
 0.00000000000000E+00
 0.00000000000000E+00
 0.00000000000000E+00
 0.18762587885569E-24
 0.55638961025824E-23
 0.39501701829356E-21
 0.62700964938625E-12
-0.20262393511087E-06
-0.20072045475105E-06
 0.13430481006071E-06
-0.34628161056467E-06
-0.91778887239930E-07
 0.19000132825571E-06
-0.68990172674612E-07
 0.17729152343402E-06
 0.16993202517874E-06
-0.85152940946367E-07
-0.95882983075627E-07
-0.21574253972922E-07
 0.32514572430288E-07
-0.27057379576309E-07
-0.19465602179525E-07
 0.49799547102362E-07
-0.77147488834654E-07
-0.30741591891891E-07
 0.35593732450526E-07
 0.96596964033039E-08
 0.10131924016207E-07
 0.60175806312865E-07
 0.69833939322182E-07
-0.11228248866455E-07
 0.44298895219970E-07
 0.69762994562168E-07
-0.78548311523126E-08
 0.23240184818496E-07
 0.24328556097220E-07
-0.46169058302189E-07
-0.57633704934681E-07
 0.32931009855930E-07
-0.31696340943301E-08
 0.23531144652824E-07
 0.10481353229961E-07
 0.82898073675804E-07
 0.13545912742945E-06
 0.10333155698629E-06
 0.28230977937192E-06
 0.28662581617303E-06
 0.34751374119096E-06
 0.49926981591849E-06
 0.66372753271363E-06
 0.86752940251121E-06
 0.10874257107040E-05
 0.13909205321622E-05
 0.17624711699552E-05
 0.21964479048604E-05
 0.27255685844122E-05
 0.33720617751620E-05
 0.41048160346686E-05
 0.49681844900877E-05
 0.59856061040212E-05
 0.71945459313652E-05
 0.85901122216796E-05
 0.10166348680840E-04
 0.12007743592066E-04
 0.14148579436260E-04
 0.16564063964184E-04
 0.19378330724044E-04
 0.22562658350019E-04
 0.26094759246823E-04
 0.30060624038423E-04
 0.34632169951264E-04
 0.39698264435823E-04
 0.45373499720386E-04
 0.51585550704441E-04
 0.58681336114020E-04
 0.66180581133637E-04
 0.74935272744818E-04
 0.84380306352782E-04
 0.94536042384706E-04
 0.10593650750023E-03
 0.11896086659560E-03
 0.13235617910970E-03
 0.14745781481149E-03
 0.16387473452869E-03
 0.18190408786169E-03
 0.20117642339339E-03
 0.22236244807932E-03
 0.24524753734963E-03
 0.27021966814273E-03
 0.29717581131322E-03
 0.32631592393691E-03
 0.35769431257514E-03
 0.39149329478030E-03
 0.42828531229498E-03
 0.46771183613826E-03
 0.51003053203171E-03
 0.55554053724328E-03
 0.60468696851477E-03
 0.65716877751113E-03
 0.71354729690053E-03
 0.77421063645842E-03
 0.83850444787334E-03
 0.90773794987322E-03
 0.98204977072033E-03
 0.10609924554240E-02
 0.11460430656708E-02
 0.12360643054017E-02
 0.13326659786735E-02
 0.14354999871045E-02
 0.15451434031228E-02
 0.16622111600372E-02
 0.17871030564632E-02
 0.19195490957914E-02
 0.20602568695368E-02
 0.22111210408310E-02
 0.23712579257605E-02
 0.25411821358350E-02
 0.27218976348381E-02
 0.29145223419091E-02
 0.31188041163888E-02
 0.33363461727188E-02
 0.35672601381716E-02
 0.38123723924802E-02
 0.40729954766203E-02
 0.43492988748218E-02
 0.46431013931122E-02
 0.49548758326875E-02
 0.52866069255693E-02
 0.56370901156429E-02
 0.60105685299950E-02
 0.64074660505122E-02
 0.68272013365061E-02
 0.72725190831558E-02
 0.77464880713416E-02
 0.82488193372478E-02
 0.87827161385818E-02
 0.93489397297136E-02
 0.99489751509820E-02
 0.10586608196213E-01
 0.11263746680274E-01
 0.11982126728203E-01
 0.12744767016070E-01
 0.13554354469561E-01
 0.14412261324688E-01
 0.15323220670515E-01
 0.16291669519160E-01
 0.17319839047454E-01
 0.18410296996210E-01
 0.19567970438004E-01
 0.20796862598703E-01
 0.22102164315519E-01
 0.23489856885980E-01
 0.24967881519886E-01
 0.26549996856160E-01
 0.28245494196387E-01
 0.30068891642244E-01
 0.32051673980028E-01
 0.34221722770352E-01
 0.36608953823021E-01
 0.39265251060306E-01
 0.42229495848144E-01
 0.45524366719523E-01
 0.49145112324318E-01
 0.53031281010707E-01
 0.57080897690704E-01
 0.61164255445491E-01
 0.65150013450523E-01
 0.68942573277652E-01
 0.72487354655279E-01
 0.75770696745575E-01
 0.78811013735839E-01
 0.81633339860497E-01
 0.84266611277924E-01
 0.86737525589241E-01
 0.89071686646965E-01
 0.91295708053002E-01
 0.93416901568796E-01
 0.95450585777005E-01
 0.97406332251506E-01
 0.99294631739136E-01
 0.10111744376328E+00
 0.10287686156425E+00
 0.10458595061995E+00
 0.10624513553314E+00
 0.10785373756662E+00
 0.10941607496114E+00
 0.11093803672141E+00
 0.11241854666641E+00
 0.11385678329166E+00
 0.11526122777154E+00
 0.11663186732652E+00
 0.11797014112274E+00
 0.11927020175330E+00
 0.12054012077821E+00
 0.12178535582631E+00
 0.12299975145386E+00
 0.12418450959209E+00
 0.12534601315090E+00
 0.12648002166395E+00
 0.12759186508469E+00
 0.12867895180281E+00
 0.12974376117005E+00
 0.13078969761000E+00
 0.13180839691176E+00
 0.13280869500094E+00
 0.13379276963308E+00
 0.13475625573675E+00
 0.13569804016795E+00
 0.13662416387194E+00
 0.13753346692011E+00
 0.13842419160535E+00
 0.13930124859248E+00
 0.14016291185505E+00
 0.14100416506960E+00
 0.14183566533570E+00
 0.14264936114175E+00
 0.14344974366775E+00
 0.14423742110133E+00
 0.14501058060387E+00
 0.14577117044653E+00
 0.14652063646210E+00
 0.14725770275435E+00
 0.14798104406484E+00
 0.14869329740738E+00
 0.14939372603281E+00
 0.15008485752356E+00
 0.15076430279641E+00
 0.15143321479856E+00
 0.15209133330740E+00
 0.15273978872975E+00
 0.15337896391650E+00
 0.15400735641915E+00
 0.15462730007702E+00
 0.15523838051369E+00
 0.15584025433203E+00
 0.15643320966430E+00
 0.15701768370565E+00
 0.15759432315828E+00
 0.15816229220208E+00
 0.15872245241019E+00
 0.15927505761486E+00
 0.15981983799879E+00
 0.16035719384605E+00
 0.16088736196910E+00
 0.16141034408904E+00
 0.16192574131628E+00
 0.16243485937591E+00
 0.16293697286378E+00
 0.16343268586244E+00
 0.16392203474169E+00
 0.16440476307571E+00
 0.16488125714393E+00
 0.16535194185678E+00
 0.16581641288982E+00
 0.16627519911149E+00
 0.16672807260783E+00
 0.16717536050709E+00
 0.16761708763449E+00
 0.16805337718267E+00
 0.16848435746976E+00
 0.16891006826540E+00
 0.16933067461457E+00
 0.16974624172955E+00
 0.17015680730358E+00
 0.17056240703323E+00
 0.17096328923755E+00
 0.17135949416584E+00
 0.17175117360931E+00
 0.17213798471596E+00
 0.17252065274929E+00
 0.17289883189081E+00
 0.17327250408127E+00
 0.17364217365975E+00
 0.17400770273272E+00
 0.17436892357460E+00
 0.17472624899848E+00
 0.17507938971200E+00
 0.17542905032967E+00
 0.17577436969505E+00
 0.17611629604189E+00
 0.17645454603532E+00
 0.17678887715772E+00
 0.17711981158242E+00
 0.17744676216579E+00
 0.17777051326442E+00
 0.17809094837351E+00
 0.17840828598772E+00
 0.17872165811598E+00
 0.17903222559960E+00
 0.17933934474527E+00
 0.17964321431260E+00
 0.17994415387556E+00
 0.18024177473513E+00
 0.18053655412814E+00
 0.18082857413961E+00
 0.18111703648080E+00
 0.18140325002307E+00
 0.18168665174097E+00
