 0.00000000000000E+00
 0.00000000000000E+00
 0.00000000000000E+00
 0.00000000000000E+00
 0.00000000000000E+00
-0.97025094473855E-26
-0.57704542750165E-24
-0.43381168577110E-22
 0.16059990837092E-11
-0.32728162550699E-06
 0.64599466669731E-06
 0.11723789541361E-06
-0.25644620951848E-06
-0.60084286388032E-06
 0.21284683920778E-06
-0.43805176901059E-06
 0.98310432121737E-07
-0.11533480570885E-06
 0.18790360731691E-06
 0.45552162371982E-06
 0.37448556175298E-06
 0.17492035313493E-06
-0.92528326205614E-09
-0.15638623407177E-06
 0.13315950306809E-06
 0.56227474540246E-07
 0.16142041361945E-07
 0.10273879166361E-06
-0.73780628570482E-07
 0.39722895822517E-06
 0.98615909782870E-07
 0.43221469738035E-07
-0.53793854846288E-07
-0.16398383393432E-06
 0.15630176879659E-06
-0.10811286047549E-07
 0.17690938273237E-06
 0.41577385964398E-07
-0.16561833462348E-06
-0.10712687874863E-06
 0.11768782826495E-07
-0.37833163452503E-07
 0.14765834479762E-06
-0.46007310922859E-07
-0.71862189481597E-07
 0.25804105580307E-06
 0.16407785930608E-06
 0.14351409174685E-06
 0.40496180963886E-06
 0.29981715635456E-06
 0.51824795157471E-06
 0.83578575665315E-06
 0.67084192639495E-06
 0.10237210695321E-05
 0.12810522466525E-05
 0.16646623542883E-05
 0.22642903406225E-05
 0.28389649837856E-05
 0.33424572567062E-05
 0.40224848484100E-05
 0.48069682401573E-05
 0.55236834614821E-05
 0.67411469408329E-05
 0.82078530486722E-05
 0.93939540311800E-05
 0.11113824255460E-04
 0.13423362365935E-04
 0.15644397338941E-04
 0.18411813731893E-04
 0.21412448786418E-04
 0.24599384715816E-04
 0.28140793690402E-04
 0.32124968866810E-04
 0.36994903720474E-04
 0.42053156985377E-04
 0.47314932338595E-04
 0.54033507026828E-04
 0.60484723141092E-04
 0.69367636976119E-04
 0.75485591746279E-04
 0.84721170172848E-04
 0.96944873559804E-04
 0.10777500670609E-03
 0.11915955178816E-03
 0.13084265504574E-03
 0.14579867550418E-03
 0.16133200279736E-03
 0.17744923955579E-03
 0.19524137190407E-03
 0.21491070297441E-03
 0.23604780215289E-03
 0.25959193698412E-03
 0.28179553483445E-03
 0.30762740864570E-03
 0.33560918042405E-03
 0.36592876606796E-03
 0.39845308332481E-03
 0.43104422026341E-03
 0.46981915819456E-03
 0.50788789941186E-03
 0.55216930062062E-03
 0.59614392585288E-03
 0.64448949997924E-03
 0.69520411137633E-03
 0.75155656696859E-03
 0.80696217351095E-03
 0.86954700565030E-03
 0.93728989890044E-03
 0.10070521792054E-02
 0.10821587478488E-02
 0.11625621758548E-02
 0.12444254959154E-02
 0.13367204858245E-02
 0.14317106515398E-02
 0.15309674471711E-02
 0.16416801799235E-02
 0.17609734859190E-02
 0.18759489230318E-02
 0.20002443706048E-02
 0.21459429982420E-02
 0.22874677473047E-02
 0.24432507093727E-02
 0.26028184118479E-02
 0.27776237440487E-02
 0.29631810723405E-02
 0.31578235019071E-02
 0.33588902042875E-02
 0.35811999365514E-02
 0.38168402762087E-02
 0.40674987975036E-02
 0.43229055576601E-02
 0.46093799647803E-02
 0.48989530216294E-02
 0.52183480547897E-02
 0.55448317284104E-02
 0.59046327073150E-02
 0.62920465148589E-02
 0.66835368195040E-02
 0.70966943309761E-02
 0.75570036912126E-02
 0.80382112212076E-02
 0.85409499831727E-02
 0.90835389611094E-02
 0.96628853385697E-02
 0.10269279692737E-01
 0.10903415564672E-01
 0.11590305416911E-01
 0.12319450525579E-01
 0.13100915291913E-01
 0.13891844676133E-01
 0.14773087753905E-01
 0.15689435168755E-01
 0.16656550481485E-01
 0.17707068629190E-01
 0.18847904075585E-01
 0.20112632178277E-01
 0.21496489568639E-01
 0.23098039377737E-01
 0.25004733498935E-01
 0.27242696768514E-01
 0.29994719588474E-01
 0.33347451891275E-01
 0.37260522432010E-01
 0.41651418138705E-01
 0.46273490006557E-01
 0.50578794079849E-01
 0.54121233222366E-01
 0.56393334174348E-01
 0.57322807612560E-01
 0.56943958226435E-01
 0.55601574344448E-01
 0.53616201767172E-01
 0.51253430511714E-01
 0.48733614152150E-01
 0.46193495051372E-01
 0.43727587600627E-01
 0.41410467390806E-01
 0.39252963960227E-01
 0.37249239050560E-01
 0.35459007124507E-01
 0.33800690283806E-01
 0.32272321437455E-01
 0.30882147388841E-01
 0.29623611041574E-01
 0.28502106797048E-01
 0.27410125682816E-01
 0.26440783938269E-01
 0.25556133236675E-01
 0.24724645509422E-01
 0.23961076888905E-01
 0.23230140354500E-01
 0.22586178699025E-01
 0.21984901083244E-01
 0.21438794007540E-01
 0.20930487958476E-01
 0.20433473085958E-01
 0.19969088559770E-01
 0.19495701272543E-01
 0.19116260095826E-01
 0.18755320151539E-01
 0.18345470969051E-01
 0.18011050327045E-01
 0.17703975763703E-01
 0.17373087354820E-01
 0.17107902732306E-01
 0.16793161308686E-01
 0.16541392765391E-01
 0.16326859275922E-01
 0.16033684809177E-01
 0.15810558469694E-01
 0.15617433430849E-01
 0.15375693461624E-01
 0.15155372346138E-01
 0.14950222326322E-01
 0.14814909537448E-01
 0.14613757169126E-01
 0.14436213010988E-01
 0.14242372460369E-01
 0.14094526079303E-01
 0.13940360203353E-01
 0.13783218583374E-01
 0.13663961741050E-01
 0.13484979180592E-01
 0.13353803684185E-01
 0.13206086785036E-01
 0.13085970113492E-01
 0.12957959100486E-01
 0.12824684714001E-01
 0.12721924762946E-01
 0.12605376070568E-01
 0.12471584033028E-01
 0.12372364486332E-01
 0.12250455678874E-01
 0.12152771817799E-01
 0.12060430621241E-01
 0.11954432753479E-01
 0.11844741440217E-01
 0.11751085759583E-01
 0.11666969126202E-01
 0.11575386242203E-01
 0.11479840388877E-01
 0.11388071050104E-01
 0.11297360263241E-01
 0.11219280976296E-01
 0.11135864235412E-01
 0.11051658953803E-01
 0.10966195095642E-01
 0.10897803655401E-01
 0.10820574619055E-01
 0.10745163910219E-01
 0.10671036086653E-01
 0.10595526529904E-01
 0.10526522559256E-01
 0.10455456516818E-01
 0.10386002178185E-01
 0.10318634972325E-01
 0.10251906865162E-01
 0.10185197358983E-01
 0.10120190358663E-01
 0.10057275812209E-01
 0.99941439677991E-02
 0.99316024415482E-02
 0.98706449355554E-02
 0.98101719447333E-02
 0.97519102861701E-02
 0.96932245897120E-02
 0.96385684381718E-02
 0.95806937016863E-02
 0.95226113771320E-02
 0.94703464345833E-02
 0.94148287339280E-02
 0.93603435156511E-02
 0.93082808768005E-02
 0.92560727006844E-02
 0.92051050073756E-02
 0.91490356651845E-02
 0.91066560637845E-02
 0.90550462404426E-02
 0.90037809212160E-02
 0.89587693883758E-02
 0.89110748081823E-02
 0.88636444573562E-02
 0.88187549055175E-02
 0.87688652661667E-02
 0.87218510403517E-02
 0.86795037479768E-02
 0.86295183605405E-02
 0.85920852359027E-02
 0.85504777193116E-02
 0.85061503590402E-02
 0.84625525797386E-02
 0.84168992983874E-02
 0.83784050674806E-02
 0.83416019885546E-02
 0.83005052828219E-02
 0.82548472356333E-02
 0.82159850919990E-02
 0.81854476418898E-02
 0.81387864470348E-02
 0.80970608404815E-02
