 0.00000000000000E+00
 0.00000000000000E+00
 0.00000000000000E+00
 0.16307327361481E-25
 0.45030210925366E-25
-0.88948564790847E-24
 0.44251262670292E-22
-0.11107452028257E-21
 0.14548031930236E-21
-0.66025090141680E-10
 0.98091652645397E-07
-0.23839074508284E-07
 0.55104578181795E-07
-0.35374884248931E-07
 0.58588917478644E-09
-0.10358477345232E-07
 0.26418850507132E-07
 0.36919831604802E-08
-0.35133466010364E-08
 0.41431001416016E-08
-0.13560485551816E-08
-0.20010221925147E-07
 0.65440293603879E-09
 0.14336436483217E-08
-0.72157220229820E-08
-0.12405509768554E-08
 0.23599697777473E-08
-0.71833666537709E-08
-0.17588925558643E-08
 0.20031703020903E-07
-0.83649399672512E-09
 0.50310896557364E-08
 0.23707066636849E-08
 0.10668634987597E-09
 0.68659471158633E-08
-0.17552197570031E-08
-0.55054509561894E-08
 0.45752400316134E-08
 0.35185477774203E-08
-0.47953990793050E-08
 0.11777175313746E-09
 0.25132775202095E-08
 0.86507543907913E-09
 0.58497539583561E-08
 0.68881795151657E-08
 0.11950556064443E-07
 0.10040217658803E-07
 0.11808281502398E-07
 0.39632436937008E-07
 0.30838577651010E-07
 0.42932029955373E-07
 0.48085623494353E-07
 0.76103086873029E-07
 0.11583358919629E-06
 0.16170872142056E-06
 0.20379224724662E-06
 0.24211919121138E-06
 0.30773338304455E-06
 0.40437047911639E-06
 0.47652417662791E-06
 0.59915584295862E-06
 0.73231919485252E-06
 0.88370479564071E-06
 0.10685318097757E-05
 0.12960814096339E-05
 0.15430406551953E-05
 0.18309315422481E-05
 0.21575528944009E-05
 0.25427476368052E-05
 0.29783223378981E-05
 0.34709899021727E-05
 0.40345269871519E-05
 0.46617005570845E-05
 0.53814959589682E-05
 0.61783747394360E-05
 0.70704713877418E-05
 0.80613511509574E-05
 0.91681327823284E-05
 0.10391469949285E-04
 0.11728008282008E-04
 0.13167347818386E-04
 0.14861027393937E-04
 0.16656778508383E-04
 0.18630379418235E-04
 0.20792860481448E-04
 0.23125144675829E-04
 0.25717936936986E-04
 0.28512001549546E-04
 0.31555774263903E-04
 0.34833414136277E-04
 0.38404055379976E-04
 0.42255187491591E-04
 0.46435601063176E-04
 0.50921420727429E-04
 0.55757109471773E-04
 0.60957874812271E-04
 0.66561449784180E-04
 0.72585087899357E-04
 0.79032326439144E-04
 0.85949211905958E-04
 0.93367818031853E-04
 0.10129820544128E-03
 0.10977676988565E-03
 0.11882923975823E-03
 0.12852009023952E-03
 0.13882854759138E-03
 0.14985123342297E-03
 0.16155620096010E-03
 0.17407064862964E-03
 0.18731587875672E-03
 0.20153669586525E-03
 0.21642105731585E-03
 0.23250998152122E-03
 0.24949234916458E-03
 0.26754526756375E-03
 0.28667752937794E-03
 0.30699682849128E-03
 0.32856589987212E-03
 0.35138295754425E-03
 0.37559516388204E-03
 0.40128906180718E-03
 0.42847633635015E-03
 0.45726310218047E-03
 0.48774803511774E-03
 0.52001906474753E-03
 0.55416742158538E-03
 0.59025200744229E-03
 0.62848374344706E-03
 0.66882272470330E-03
 0.71133406828646E-03
 0.75650625337577E-03
 0.80400069200187E-03
 0.85412327706438E-03
 0.90704339157474E-03
 0.96264457742001E-03
 0.10212872215698E-02
 0.10828053230477E-02
 0.11475608167583E-02
 0.12149618462995E-02
 0.12860886016700E-02
 0.13601203364507E-02
 0.14371146616335E-02
 0.15170620878690E-02
 0.15998384863435E-02
 0.16846321721639E-02
 0.17727431662657E-02
 0.18632608440662E-02
 0.19568293623420E-02
 0.20544651214771E-02
 0.21610624168882E-02
 0.22811131577364E-02
 0.24249809304259E-02
 0.26060897704446E-02
 0.28433306518628E-02
 0.31505649191537E-02
 0.35358732797071E-02
 0.39944954613703E-02
 0.45103457406861E-02
 0.50610396155160E-02
 0.56244320543217E-02
 0.61823525908184E-02
 0.67229336890934E-02
 0.72389898858925E-02
 0.77274034173622E-02
 0.81874222733246E-02
 0.86196916570593E-02
 0.90260237228438E-02
 0.94081233975568E-02
 0.97678209368119E-02
 0.10107102859589E-01
 0.10427681289120E-01
 0.10731181763215E-01
 0.11018523416820E-01
 0.11291844813200E-01
 0.11551010900815E-01
 0.11797676699250E-01
 0.12032605534973E-01
 0.12256580756457E-01
 0.12470081169354E-01
 0.12673765921519E-01
 0.12867953899226E-01
 0.13053366018651E-01
 0.13230294985073E-01
 0.13399197610911E-01
 0.13560220437370E-01
 0.13713978760939E-01
 0.13860682382840E-01
 0.14000704905085E-01
 0.14134218288195E-01
 0.14261509882329E-01
 0.14382879836580E-01
 0.14498512068997E-01
 0.14608719471169E-01
 0.14713812557148E-01
 0.14813707633430E-01
 0.14908861742779E-01
 0.14999352275049E-01
 0.15085424782509E-01
 0.15167221302275E-01
 0.15244874653504E-01
 0.15318633602252E-01
 0.15388606904379E-01
 0.15454975580894E-01
 0.15517867367205E-01
 0.15577344946716E-01
 0.15633679426713E-01
 0.15686919774377E-01
 0.15737189694220E-01
 0.15784584250975E-01
 0.15829285115996E-01
 0.15871274332484E-01
 0.15910769210795E-01
 0.15947854647039E-01
 0.15982524274063E-01
 0.16014943129746E-01
 0.16045236213466E-01
 0.16073424535061E-01
 0.16099550252174E-01
 0.16123788652423E-01
 0.16146165260983E-01
 0.16166719492540E-01
 0.16185547792835E-01
 0.16202709212095E-01
 0.16218207155809E-01
 0.16232199620186E-01
 0.16244698696749E-01
 0.16255744778231E-01
 0.16265413584358E-01
 0.16273716247568E-01
 0.16280733391246E-01
 0.16286514208331E-01
 0.16291106139595E-01
 0.16294502510404E-01
 0.16296813749771E-01
 0.16298017386944E-01
 0.16298158067238E-01
 0.16297325326200E-01
 0.16295520721272E-01
 0.16292756150045E-01
 0.16289093736964E-01
 0.16284554586578E-01
 0.16279186701398E-01
 0.16272966155860E-01
 0.16265998162304E-01
 0.16258242118382E-01
 0.16249771843175E-01
 0.16240563985366E-01
 0.16230705430242E-01
 0.16220161320359E-01
 0.16208973694812E-01
 0.16197180307933E-01
 0.16184785128890E-01
 0.16171833706693E-01
 0.16158312456931E-01
 0.16144248666052E-01
 0.16129656290311E-01
 0.16114604296853E-01
 0.16099053844657E-01
 0.16083016031006E-01
 0.16066534839065E-01
 0.16049637003470E-01
 0.16032313664284E-01
 0.16014577193371E-01
 0.15996458871420E-01
 0.15977964071854E-01
 0.15959095691764E-01
 0.15939896088016E-01
 0.15920354792734E-01
 0.15900471837460E-01
 0.15880306049048E-01
 0.15859805388199E-01
 0.15839039033198E-01
 0.15817962010772E-01
 0.15796639305706E-01
 0.15775046296883E-01
 0.15753212168618E-01
 0.15731122902274E-01
 0.15708818591000E-01
 0.15686278590038E-01
 0.15663536819285E-01
 0.15640582168157E-01
 0.15617417963918E-01
 0.15594089475932E-01
 0.15570561445127E-01
 0.15546853746349E-01
 0.15522990899709E-01
 0.15498973560595E-01
 0.15474787375169E-01
 0.15450457253862E-01
 0.15425998519134E-01
 0.15401394211162E-01
 0.15376657895161E-01
 0.15351802159646E-01
 0.15326840234973E-01
 0.15301753133400E-01
 0.15276562760075E-01
 0.15251284706044E-01
 0.15225904154722E-01
 0.15200422370753E-01
 0.15174857954871E-01
