 0.00000000000000E+00
 0.00000000000000E+00
 0.00000000000000E+00
-0.18790206414937E-26
-0.82354131673809E-26
 0.12786525660606E-22
-0.12484333030517E-22
 0.67842245454794E-22
-0.15774455290602E-21
 0.96081481217495E-10
 0.36202252006893E-07
-0.71341581750114E-08
 0.14445739221128E-07
-0.40349418161294E-07
-0.55012943744975E-07
 0.15631993795015E-07
-0.10578762406990E-07
 0.13559205700284E-08
 0.13387251822825E-07
-0.16083713989791E-07
-0.49329618879483E-08
 0.16057330727611E-07
 0.39026919344608E-07
-0.44383092463450E-08
 0.42627183846520E-08
-0.22739188068536E-07
 0.12356458782305E-07
-0.95570380284107E-08
-0.19583249431398E-07
 0.28361510607802E-07
-0.27459986072309E-07
-0.53978284444608E-08
-0.16606988199968E-07
 0.82584042298839E-08
-0.44225382131735E-08
-0.13733481774263E-07
-0.15962326888794E-07
 0.32893113186697E-07
-0.31332439968116E-07
 0.37412048701131E-08
-0.46878223068396E-07
-0.45274070035984E-07
 0.17699937514690E-07
 0.66441421605156E-07
 0.52587126180359E-07
 0.51484968745480E-07
 0.32708536235213E-07
-0.12711645054081E-06
 0.16853966022966E-06
 0.30063113316661E-06
 0.41638286119148E-06
-0.64667256377579E-07
 0.25390328501430E-06
-0.21818297398666E-07
 0.27321254604068E-06
 0.66387340044106E-06
 0.62513926393482E-06
 0.66726902748978E-06
 0.10238747919481E-05
 0.14138878276826E-05
 0.13440936599647E-05
 0.17178474305965E-05
 0.22991678690848E-05
 0.27410660361932E-05
 0.33834352303118E-05
 0.43605652919464E-05
 0.49762923489448E-05
 0.61390927294809E-05
 0.73986587326623E-05
 0.86134525443235E-05
 0.10490602979562E-04
 0.11722339645337E-04
 0.13954156816284E-04
 0.16216276362284E-04
 0.19079389026067E-04
 0.22601225905540E-04
 0.25473822190250E-04
 0.29049445097447E-04
 0.32611922009214E-04
 0.35017245126086E-04
 0.44346984825089E-04
 0.49715140107349E-04
 0.56738335340380E-04
 0.64463909431779E-04
 0.71646506914433E-04
 0.80939007669207E-04
 0.90618459006791E-04
 0.10378228209170E-03
 0.11367867435151E-03
 0.12676951721353E-03
 0.14127297696640E-03
 0.15871756692518E-03
 0.17540264384674E-03
 0.19546701350209E-03
 0.21519636688990E-03
 0.23759630073474E-03
 0.26140645773759E-03
 0.28729429029384E-03
 0.31824510003718E-03
 0.35040433823266E-03
 0.38351443927901E-03
 0.42254700333468E-03
 0.46256928305635E-03
 0.50515124441028E-03
 0.55190345876959E-03
 0.59915718685152E-03
 0.65547974486580E-03
 0.71464310163209E-03
 0.78083937503181E-03
 0.84270445067618E-03
 0.92591925391363E-03
 0.99884133453030E-03
 0.10811883847652E-02
 0.11728215395543E-02
 0.12742232638419E-02
 0.13798057210830E-02
 0.14889328226392E-02
 0.16140632132630E-02
 0.17373671118981E-02
 0.18895803030682E-02
 0.20316543178675E-02
 0.21880589286557E-02
 0.23652469840090E-02
 0.25476148124188E-02
 0.27364618638441E-02
 0.29622223375156E-02
 0.31731412735871E-02
 0.33715113697244E-02
 0.36920994711247E-02
 0.39454986680875E-02
 0.42252629352415E-02
 0.45281668216965E-02
 0.48498202274363E-02
 0.51816614165439E-02
 0.54997136544802E-02
 0.59146345086741E-02
 0.62467929761668E-02
 0.66865049556745E-02
 0.70520704378558E-02
 0.74140798308278E-02
 0.77728128015491E-02
 0.81268165066901E-02
 0.82920867741726E-02
 0.86457872012275E-02
 0.88419084993094E-02
 0.89117892839789E-02
 0.89085573378254E-02
 0.93139501863613E-02
 0.98918444530553E-02
 0.10968989544885E-01
 0.13173848118704E-01
 0.17482338211713E-01
 0.24524081653399E-01
 0.35156947686859E-01
 0.49161434587808E-01
 0.63523466283909E-01
 0.76023114433371E-01
 0.85173123897620E-01
 0.90036391154829E-01
 0.91585673059677E-01
 0.90869280805268E-01
 0.88101378973335E-01
 0.84849796252343E-01
 0.80939567907295E-01
 0.77292136695001E-01
 0.73257724568218E-01
 0.69790089866975E-01
 0.66409380103375E-01
 0.63312909852470E-01
 0.60465817670325E-01
 0.57931489928559E-01
 0.55600641563438E-01
 0.53441467409391E-01
 0.51483035480472E-01
 0.49654308844367E-01
 0.48006904632257E-01
 0.46543173129693E-01
 0.45112459120709E-01
 0.43805765527652E-01
 0.42586137248767E-01
 0.41483948196045E-01
 0.40476738340557E-01
 0.39458173524235E-01
 0.38624595966404E-01
 0.37712271520382E-01
 0.36937423581134E-01
 0.36211672676255E-01
 0.35615389421809E-01
 0.34885343790321E-01
 0.34278943068510E-01
 0.33637151184942E-01
 0.33182712999268E-01
 0.32717309789658E-01
 0.32156694714103E-01
 0.31653028595219E-01
 0.31204174970209E-01
 0.30870095926852E-01
 0.30397874950519E-01
 0.30087515307351E-01
 0.29663514571967E-01
 0.29453298653388E-01
 0.28993220725092E-01
 0.28749906094530E-01
 0.28479389809683E-01
 0.28175638661982E-01
 0.27913500322687E-01
 0.27632379074955E-01
 0.27478113361314E-01
 0.27215492995764E-01
 0.26946577747233E-01
 0.26704864617991E-01
 0.26477875543638E-01
 0.26365760005506E-01
 0.26150711085913E-01
 0.25918692188050E-01
 0.25820117564800E-01
 0.25650374821278E-01
 0.25449222508201E-01
 0.25305197415264E-01
 0.25168180200638E-01
 0.25071316652563E-01
 0.24920357865500E-01
 0.24694645503065E-01
 0.24642696266350E-01
 0.24507244333805E-01
 0.24359263672606E-01
 0.24249307643499E-01
 0.24163825540768E-01
 0.24018214695518E-01
 0.23892677721012E-01
 0.23794042006109E-01
 0.23695263214975E-01
 0.23602274963313E-01
 0.23519405260845E-01
 0.23393715999223E-01
 0.23318489797513E-01
 0.23224860007946E-01
 0.23144234547531E-01
 0.23046163472339E-01
 0.22948421384563E-01
 0.22891146176152E-01
 0.22819400828086E-01
 0.22748703527111E-01
 0.22703810181544E-01
 0.22597535484222E-01
 0.22513966072946E-01
 0.22481748489366E-01
 0.22396837358962E-01
 0.22338149731952E-01
 0.22275992728849E-01
 0.22142080793475E-01
 0.22132261906629E-01
 0.22090721186683E-01
 0.21973519047436E-01
 0.21940444297151E-01
 0.21917449393042E-01
 0.21855250227135E-01
 0.21795495940357E-01
 0.21715714300481E-01
 0.21676878772013E-01
 0.21668249013491E-01
 0.21643327824630E-01
 0.21529429183752E-01
 0.21492862206062E-01
 0.21433940514420E-01
 0.21353996697830E-01
 0.21349451873163E-01
 0.21300033346250E-01
 0.21257085564158E-01
 0.21215596999117E-01
 0.21131555332437E-01
 0.21156905333269E-01
 0.21037296457091E-01
 0.21052323496297E-01
 0.20985491368503E-01
 0.21010794356842E-01
 0.20924927766355E-01
 0.20882900544880E-01
 0.20853719154900E-01
 0.20816787877636E-01
 0.20771744240803E-01
 0.20724580294615E-01
 0.20694261556922E-01
 0.20667470763677E-01
 0.20629324834418E-01
 0.20577555561223E-01
 0.20548597049532E-01
 0.20550777732848E-01
 0.20525935277795E-01
 0.20448711426608E-01
 0.20447449995370E-01
 0.20385505585066E-01
 0.20386132922263E-01
 0.20336456228307E-01
 0.20317245425469E-01
 0.20256794762203E-01
 0.20229078750160E-01
 0.20213539217012E-01
 0.20229797180775E-01
 0.20165189878939E-01
