 0.00000000000000E+00
 0.00000000000000E+00
 0.00000000000000E+00
-0.65229309445924E-25
-0.48032224987057E-25
-0.27796426497139E-25
 0.12171066485537E-25
 0.39870499256834E-24
 0.17191179660700E-13
 0.15333821360391E-10
-0.16469892060643E-10
 0.24215435344688E-10
-0.33020977435290E-10
-0.34368331222560E-10
-0.29982387182769E-10
 0.15276361831053E-10
-0.18945005231197E-11
 0.50803598370881E-11
-0.41009255992929E-10
 0.90576035280313E-11
 0.90671396341932E-11
-0.15603276040819E-10
 0.10968514548332E-09
 0.17046530886771E-09
-0.58418297351617E-10
 0.46524619607901E-09
 0.36660038237743E-09
 0.93393922042806E-09
 0.16140177185386E-08
 0.32778659437203E-08
 0.60610595892794E-08
 0.10713310782207E-07
 0.18302572991743E-07
 0.30279344497205E-07
 0.48632184318934E-07
 0.76039343393354E-07
 0.11598897496710E-06
 0.17293641873214E-06
 0.25252929380899E-06
 0.36168021840278E-06
 0.50881547197178E-06
 0.70407654188930E-06
 0.95940900587086E-06
 0.12887629894479E-05
 0.17082440335787E-05
 0.22365821124322E-05
 0.28944322068670E-05
 0.37054546686117E-05
 0.46959301882468E-05
 0.58951503979732E-05
 0.73336338395446E-05
 0.90500203843412E-05
 0.11076288040147E-04
 0.13458402340756E-04
 0.16238354701897E-04
 0.19464155979888E-04
 0.23185779875825E-04
 0.27456741033251E-04
 0.32336418462105E-04
 0.37877229757450E-04
 0.44151956682350E-04
 0.51220903418299E-04
 0.59155176664810E-04
 0.68030918896498E-04
 0.77914184009986E-04
 0.88897636711733E-04
 0.10106006475373E-03
 0.11448000185822E-03
 0.12922446184379E-03
 0.14550544796219E-03
 0.16322217416625E-03
 0.18260747606186E-03
 0.20379351272026E-03
 0.22683561430357E-03
 0.25172778169080E-03
 0.27865952385710E-03
 0.30781618867333E-03
 0.33937353775874E-03
 0.37344003429537E-03
 0.41008777571910E-03
 0.44939981307935E-03
 0.49149674743084E-03
 0.53666548023930E-03
 0.58495067153437E-03
 0.63657360698498E-03
 0.69165640634671E-03
 0.75037638487059E-03
 0.81291214540270E-03
 0.87943999862011E-03
 0.95015353153563E-03
 0.10252343879698E-02
 0.11049027999051E-02
 0.11893535084920E-02
 0.12788062445752E-02
 0.13734890916028E-02
 0.14736343689214E-02
 0.15794850480128E-02
 0.16912946210835E-02
 0.18093280106976E-02
 0.19338490695734E-02
 0.20651525296619E-02
 0.22035371045572E-02
 0.23492958172676E-02
 0.25027596176649E-02
 0.26642552923761E-02
 0.28341322097166E-02
 0.30127550871494E-02
 0.32004890331161E-02
 0.33977330778460E-02
 0.36048950815249E-02
 0.38224075507033E-02
 0.40506990794511E-02
 0.42902356529604E-02
 0.45414793255500E-02
 0.48050189382961E-02
 0.50812461533264E-02
 0.53707538314361E-02
 0.56741597783803E-02
 0.59920639904859E-02
 0.63250372539087E-02
 0.66737178481556E-02
 0.70387229475421E-02
 0.74208297812273E-02
 0.78207096800877E-02
 0.82392508959589E-02
 0.86772367207899E-02
 0.91355376041407E-02
 0.96149773138358E-02
 0.10116308111264E-01
 0.10640535142041E-01
 0.11188794284220E-01
 0.11761986217537E-01
 0.12361284347991E-01
 0.12987761117327E-01
 0.13642600426586E-01
 0.14327019137415E-01
 0.15042301568265E-01
 0.15789775983353E-01
 0.16570836043266E-01
 0.17386932906312E-01
 0.18239571218251E-01
 0.19130295895324E-01
 0.20060717688577E-01
 0.21032583055608E-01
 0.22047478819971E-01
 0.23107327652292E-01
 0.24213989755806E-01
 0.25369363091347E-01
 0.26575308976141E-01
 0.27833719520518E-01
 0.29146628593884E-01
 0.30515946076323E-01
 0.31943785803935E-01
 0.33432122704100E-01
 0.34982767744781E-01
 0.36597353826248E-01
 0.38277306788191E-01
 0.40023925418284E-01
 0.41838495179304E-01
 0.43721437032282E-01
 0.45673069251101E-01
 0.47693049818777E-01
 0.49780445866955E-01
 0.51933633893362E-01
 0.54150187759072E-01
 0.56426853697292E-01
 0.58759500885430E-01
 0.61143148987095E-01
 0.63571965085240E-01
 0.66039354708898E-01
 0.68538049766395E-01
 0.71060247363858E-01
 0.73597785989287E-01
 0.76142315238935E-01
 0.78685474560586E-01
 0.81219054789107E-01
 0.83735178790978E-01
 0.86226391331560E-01
 0.88685816725784E-01
 0.91107180262075E-01
 0.93484872877873E-01
 0.95813980599569E-01
 0.98090253931137E-01
 0.10031011094537E+00
 0.10247059006867E+00
 0.10456931286055E+00
 0.10660443052311E+00
 0.10857459620721E+00
 0.11047887821789E+00
 0.11231674418184E+00
 0.11408796868636E+00
 0.11579274269192E+00
 0.11743139231606E+00
 0.11900448955022E+00
 0.12051294755571E+00
 0.12195777086091E+00
 0.12333996996640E+00
 0.12466072878319E+00
 0.12592164569692E+00
 0.12712411744176E+00
 0.12826966664809E+00
 0.12935987445740E+00
 0.13039637871152E+00
 0.13138085864562E+00
 0.13231499566037E+00
 0.13320049801628E+00
 0.13403906880440E+00
 0.13483239536572E+00
 0.13558216475732E+00
 0.13629002468956E+00
 0.13695760716574E+00
 0.13758650714839E+00
 0.13817828016278E+00
 0.13873444458434E+00
 0.13925647259812E+00
 0.13974578957560E+00
 0.14020377729769E+00
 0.14063176640300E+00
 0.14103103489448E+00
 0.14140283146444E+00
 0.14174832460808E+00
 0.14206864452339E+00
 0.14236489533026E+00
 0.14263814781041E+00
 0.14288936416517E+00
 0.14311945541607E+00
 0.14332935895381E+00
 0.14352002165934E+00
 0.14369219777069E+00
 0.14384670014979E+00
 0.14398428467001E+00
 0.14410567132333E+00
 0.14421155000513E+00
 0.14430257664784E+00
 0.14437937801163E+00
 0.14444255059301E+00
 0.14449266587186E+00
 0.14453026794415E+00
 0.14455587622133E+00
 0.14456998719727E+00
 0.14457307403675E+00
 0.14456558915269E+00
 0.14454796499630E+00
 0.14452061454948E+00
 0.14448393271173E+00
 0.14443829696474E+00
 0.14438406895024E+00
 0.14432159384330E+00
 0.14425120289755E+00
 0.14417321272053E+00
 0.14408792662726E+00
 0.14399563551344E+00
 0.14389661775449E+00
 0.14379114073765E+00
 0.14367946052757E+00
 0.14356182287904E+00
 0.14343846353577E+00
 0.14330960919346E+00
 0.14317547700615E+00
 0.14303627591107E+00
 0.14289220649151E+00
 0.14274346164917E+00
 0.14259022682507E+00
 0.14243268021155E+00
 0.14227099323145E+00
 0.14210533096392E+00
 0.14193585224174E+00
 0.14176270993396E+00
 0.14158605112855E+00
 0.14140601762934E+00
 0.14122274609026E+00
 0.14103636802964E+00
 0.14084701027308E+00
 0.14065479514393E+00
 0.14045984035610E+00
 0.14026225972127E+00
 0.14006216292594E+00
 0.13985965566027E+00
 0.13965484011299E+00
 0.13944781461647E+00
 0.13923867437280E+00
 0.13902751129606E+00
 0.13881441390815E+00
 0.13859946775234E+00
 0.13838275560524E+00
 0.13816435754130E+00
 0.13794435056641E+00
 0.13772280913793E+00
 0.13749980549775E+00
 0.13727540922973E+00
 0.13704968751320E+00
 0.13682270568488E+00
 0.13659452664767E+00
 0.13636521128610E+00
 0.13613481828647E+00
 0.13590340476474E+00
 0.13567102559664E+00
 0.13543773438572E+00
 0.13520358202504E+00
 0.13496861895272E+00
