 0.00000000000000E+00
 0.00000000000000E+00
 0.00000000000000E+00
-0.13940602798978E-24
-0.56822122159688E-24
-0.39459807055339E-24
 0.45520335670132E-25
 0.38966142520750E-23
 0.21505301026042E-11
-0.18205224790738E-10
-0.60208137177910E-11
-0.13090494345082E-11
-0.85794281524324E-11
-0.43463099180457E-11
-0.13912675657379E-10
-0.20958204283510E-10
 0.82507916210849E-11
-0.13353644297751E-10
-0.31026937079585E-11
-0.10122958273566E-10
-0.16188479082347E-10
 0.11325013908213E-10
 0.59714544667039E-10
-0.13992352777734E-09
 0.36697626742126E-10
 0.45713143340391E-09
 0.36186416274180E-09
 0.77067068881368E-09
 0.17004982586746E-08
 0.31224824406339E-08
 0.60113665590548E-08
 0.10661354255580E-07
 0.18240890585961E-07
 0.30201234240864E-07
 0.48534740485492E-07
 0.75910308092717E-07
 0.11583443049610E-06
 0.17275034299527E-06
 0.25231218169097E-06
 0.36142686241084E-06
 0.50852475851658E-06
 0.70374767531596E-06
 0.95904787051039E-06
 0.12883757003062E-05
 0.17081496434227E-05
 0.22362361907082E-05
 0.28941655441936E-05
 0.37053478465557E-05
 0.46960892626327E-05
 0.58943963013145E-05
 0.73352418606168E-05
 0.90567304180401E-05
 0.11079222220214E-04
 0.13461306741981E-04
 0.16246559424842E-04
 0.19475215607214E-04
 0.23202535636287E-04
 0.27480780708306E-04
 0.32355926978882E-04
 0.37920486765468E-04
 0.44207776183082E-04
 0.51296773950525E-04
 0.59250088154982E-04
 0.68162979306061E-04
 0.78082267912980E-04
 0.89106507822961E-04
 0.10132655631366E-03
 0.11480886051315E-03
 0.12979694852152E-03
 0.14582463861578E-03
 0.16378664373015E-03
 0.18358869306932E-03
 0.20488136214510E-03
 0.22784705585264E-03
 0.25266281649943E-03
 0.27996353218209E-03
 0.30973961517506E-03
 0.34196332360308E-03
 0.37657143112414E-03
 0.41360574954831E-03
 0.45316308687721E-03
 0.49586186776110E-03
 0.54195030025081E-03
 0.59094409462235E-03
 0.64360632123621E-03
 0.69978872861823E-03
 0.75975759323170E-03
 0.82369489991556E-03
 0.89181660775615E-03
 0.96429485342010E-03
 0.10413762687843E-02
 0.11232933286358E-02
 0.12102216473135E-02
 0.13024547468677E-02
 0.14002282228709E-02
 0.15037934318968E-02
 0.16134548078735E-02
 0.17294711657903E-02
 0.18521324612390E-02
 0.19817720108968E-02
 0.21187351184072E-02
 0.22633216040040E-02
 0.24158822771496E-02
 0.25767943628668E-02
 0.27464742120268E-02
 0.29252854319580E-02
 0.31136539584998E-02
 0.33120171769425E-02
 0.35208684353099E-02
 0.37406746238547E-02
 0.39719051913240E-02
 0.42150821652251E-02
 0.44707864218043E-02
 0.47397521032637E-02
 0.50218858359925E-02
 0.53185454166540E-02
 0.56304595785664E-02
 0.59580077498343E-02
 0.63016711423348E-02
 0.66622908629401E-02
 0.70404085379033E-02
 0.74372602064625E-02
 0.78538454842270E-02
 0.82911347830118E-02
 0.87500558015229E-02
 0.92310640637504E-02
 0.97354032021489E-02
 0.10263386223630E-01
 0.10816587153073E-01
 0.11396567043333E-01
 0.12004932307119E-01
 0.12641504009494E-01
 0.13308910615214E-01
 0.14007726532189E-01
 0.14739454982835E-01
 0.15505609183864E-01
 0.16307754011693E-01
 0.17147403051456E-01
 0.18026244506724E-01
 0.18945871935173E-01
 0.19907971938644E-01
 0.20914278638667E-01
 0.21966886986548E-01
 0.23066792106634E-01
 0.24217302512472E-01
 0.25419871246791E-01
 0.26675808756539E-01
 0.27987015372959E-01
 0.29355107594461E-01
 0.30782358442957E-01
 0.32271144331656E-01
 0.33822970321942E-01
 0.35439619964240E-01
 0.37121809890759E-01
 0.38870006144173E-01
 0.40684380468682E-01
 0.42564827956863E-01
 0.44512671998141E-01
 0.46527417837853E-01
 0.48604727421169E-01
 0.50743957290959E-01
 0.52941374599590E-01
 0.55192876397549E-01
 0.57493346027307E-01
 0.59836800862437E-01
 0.62216587533987E-01
 0.64625461971139E-01
 0.67055815990536E-01
 0.69499716591846E-01
 0.71949214013271E-01
 0.74396632848129E-01
 0.76834786757946E-01
 0.79257031311431E-01
 0.81657398025593E-01
 0.84030718144252E-01
 0.86372706275589E-01
 0.88679670216620E-01
 0.90948660498736E-01
 0.93177299460158E-01
 0.95363767272796E-01
 0.97506640924146E-01
 0.99604700476901E-01
 0.10165737719525E+00
 0.10366382867165E+00
 0.10562377365011E+00
 0.10753700591891E+00
 0.10940338488111E+00
 0.11122301561279E+00
 0.11299593699400E+00
 0.11472246174581E+00
 0.11640329751026E+00
 0.11803850844376E+00
 0.11962882516029E+00
 0.12117565319150E+00
 0.12267987171826E+00
 0.12414127971688E+00
 0.12556097600221E+00
 0.12694108521550E+00
 0.12828380887776E+00
 0.12958803900802E+00
 0.13085628837009E+00
 0.13208969770021E+00
 0.13328950793783E+00
 0.13445710249420E+00
 0.13559375161943E+00
 0.13670069576375E+00
 0.13777926135696E+00
 0.13883052861723E+00
 0.13985571664510E+00
 0.14085593781809E+00
 0.14183224345924E+00
 0.14278564203758E+00
 0.14371708208532E+00
 0.14462746776894E+00
 0.14551765254879E+00
 0.14638846377856E+00
 0.14724061716133E+00
 0.14807484399872E+00
 0.14889188721664E+00
 0.14969220763057E+00
 0.15047640935031E+00
 0.15124532962292E+00
 0.15199952662439E+00
 0.15273914844561E+00
 0.15346443102811E+00
 0.15417617962661E+00
 0.15487529711423E+00
 0.15556183787305E+00
 0.15623570246285E+00
 0.15689769015307E+00
 0.15754811199620E+00
 0.15818727678459E+00
 0.15881547528538E+00
 0.15943304601676E+00
 0.16004024956105E+00
 0.16063736803321E+00
 0.16122467114150E+00
 0.16180241512646E+00
 0.16237084327503E+00
 0.16293018794735E+00
 0.16348068180031E+00
 0.16402254231463E+00
 0.16455598003155E+00
 0.16508120042027E+00
 0.16559839530736E+00
 0.16610776018143E+00
 0.16660947593951E+00
 0.16710372110648E+00
 0.16759066962180E+00
 0.16807048214142E+00
 0.16854332378809E+00
 0.16900935027839E+00
 0.16946871215697E+00
 0.16992155774902E+00
 0.17036802706184E+00
 0.17080825677756E+00
 0.17124238413800E+00
 0.17167053780050E+00
 0.17209284343635E+00
 0.17250942467653E+00
 0.17292039994805E+00
 0.17332588444311E+00
 0.17372599218038E+00
 0.17412083115608E+00
 0.17451050709884E+00
 0.17489512519126E+00
 0.17527478622101E+00
 0.17564958624580E+00
 0.17601962368604E+00
 0.17638498874280E+00
 0.17674577273820E+00
 0.17710206349789E+00
 0.17745394679637E+00
 0.17780150767020E+00
 0.17814482673153E+00
 0.17848398211071E+00
 0.17881905145132E+00
 0.17915011451844E+00
 0.17947724043591E+00
 0.17980050291096E+00
 0.18011997062020E+00
 0.18043571163393E+00
 0.18074779631095E+00
 0.18105628733615E+00
 0.18136124739973E+00
 0.18166274226636E+00
 0.18196082747374E+00
 0.18225556673050E+00
 0.18254701487830E+00
 0.18283523261387E+00
 0.18312027161382E+00
 0.18340218522898E+00
 0.18368102883279E+00
 0.18395685361842E+00
 0.18422971118162E+00
 0.18449964763692E+00
 0.18476671177320E+00
 0.18503095187033E+00
 0.18529241556033E+00
 0.18555114400811E+00
