 0.00000000000000E+00
 0.00000000000000E+00
 0.00000000000000E+00
 0.75160825659747E-26
 0.45336272262983E-25
 0.45336272262983E-25
-0.75160825659747E-26
-0.85463853196810E-24
-0.87950130239479E-12
 0.73383871957906E-11
 0.20311446513891E-11
-0.14646486384671E-11
 0.13105926877892E-11
 0.91800221143390E-12
 0.50293008906125E-12
 0.13026341990651E-10
-0.11728903193074E-10
 0.78206094267140E-11
 0.61118648869979E-12
 0.19606410452330E-10
 0.23267776274928E-10
 0.32260866413327E-11
-0.74706193648655E-10
 0.29629861774522E-09
-0.15838873627670E-09
-0.41046146120827E-09
 0.40366567306409E-09
 0.10790161373333E-08
 0.15073678042840E-08
 0.40718383974261E-08
 0.62555964756039E-08
 0.10979641831176E-07
 0.18652618808103E-07
 0.30746191389827E-07
 0.49270706524859E-07
 0.76875196638611E-07
 0.11701846170317E-06
 0.17422925737656E-06
 0.25414526065712E-06
 0.36362087167673E-06
 0.51115424732594E-06
 0.70686865003294E-06
 0.96268334651912E-06
 0.12926086072336E-05
 0.17113267307739E-05
 0.22416466412124E-05
 0.29002358255853E-05
 0.37121014659984E-05
 0.47035307434231E-05
 0.59130006475723E-05
 0.73485821315718E-05
 0.90191456496075E-05
 0.11099436777259E-04
 0.13497874464303E-04
 0.16258681144839E-04
 0.19497706351287E-04
 0.23216551460642E-04
 0.27476834737647E-04
 0.32434936356138E-04
 0.37960814700711E-04
 0.44233371814783E-04
 0.51317776952614E-04
 0.59331533466032E-04
 0.68123124509501E-04
 0.78119946869386E-04
 0.89146041301599E-04
 0.10130364596990E-03
 0.11485731818101E-03
 0.12678011760308E-03
 0.14939353121441E-03
 0.16635423760286E-03
 0.17972827087519E-03
 0.19967397478277E-03
 0.22583722715876E-03
 0.25811852346802E-03
 0.28640215836526E-03
 0.31255545222406E-03
 0.33950899861417E-03
 0.37125224751833E-03
 0.41002119695358E-03
 0.45652635253098E-03
 0.50038654373623E-03
 0.54026412331141E-03
 0.59523066107181E-03
 0.64526999591570E-03
 0.70174979206291E-03
 0.76198572579184E-03
 0.82649974112082E-03
 0.89469657719140E-03
 0.96800144461754E-03
 0.10457723012832E-02
 0.11279185422998E-02
 0.12159594512471E-02
 0.13089841324577E-02
 0.14076904376929E-02
 0.15127563427357E-02
 0.16233769717847E-02
 0.17406149551700E-02
 0.18653330063699E-02
 0.19971443848411E-02
 0.21356415577481E-02
 0.22823411411698E-02
 0.24374910026671E-02
 0.26018724793612E-02
 0.27740380365504E-02
 0.29563041358154E-02
 0.31487553888231E-02
 0.33520872757941E-02
 0.35653377241070E-02
 0.37894208726950E-02
 0.40263330107301E-02
 0.42760361649902E-02
 0.45375353707440E-02
 0.48015819915067E-02
 0.51096994255698E-02
 0.54224663135536E-02
 0.57315164568678E-02
 0.60533749020734E-02
 0.64008159276954E-02
 0.67741299116544E-02
 0.71828567155523E-02
 0.76106832612372E-02
 0.80482164459341E-02
 0.84936534266097E-02
 0.89453006389422E-02
 0.94260781883409E-02
 0.99293175938850E-02
 0.10493386307094E-01
 0.11088671695044E-01
 0.11689398006970E-01
 0.12280235205697E-01
 0.12963436451813E-01
 0.13627946657962E-01
 0.14338191623218E-01
 0.15084813124475E-01
 0.15864910620880E-01
 0.16675771725792E-01
 0.17522415301504E-01
 0.18398819906636E-01
 0.19310927362923E-01
 0.20261147841418E-01
 0.21253631700646E-01
 0.22261158732027E-01
 0.23373882153648E-01
 0.24459052611996E-01
 0.25542624629675E-01
 0.26682175102827E-01
 0.27866532335041E-01
 0.29126988742128E-01
 0.30435947638947E-01
 0.31733465828754E-01
 0.33026498316647E-01
 0.34277870874745E-01
 0.35517053381757E-01
 0.36770767536798E-01
 0.38062309660301E-01
 0.39391518936460E-01
 0.40592114397597E-01
 0.41624957858155E-01
 0.42741515978536E-01
 0.43720289292424E-01
 0.44602708058329E-01
 0.45364627544157E-01
 0.46004775961664E-01
 0.46522491944046E-01
 0.46914910808427E-01
 0.47180732633257E-01
 0.47325115874134E-01
 0.47357147134165E-01
 0.47293661768555E-01
 0.47147536716136E-01
 0.46927143056207E-01
 0.46647138782788E-01
 0.46323004598030E-01
 0.45964734888109E-01
 0.45566784439861E-01
 0.45143965052399E-01
 0.44694691224380E-01
 0.44220618546014E-01
 0.43721387466701E-01
 0.43192744835578E-01
 0.42648789923877E-01
 0.42057095442071E-01
 0.41452681407875E-01
 0.40823514404409E-01
 0.40160722175055E-01
 0.39476815886825E-01
 0.38766252320518E-01
 0.38049824484241E-01
 0.37325698404161E-01
 0.36558009129229E-01
 0.35829719337616E-01
 0.35151756797039E-01
 0.34418725436646E-01
 0.33624316740280E-01
 0.32923303415639E-01
 0.32330678092758E-01
 0.31722048313060E-01
 0.30999868501286E-01
 0.30461417244315E-01
 0.29907554890248E-01
 0.29381263046779E-01
 0.28894150621384E-01
 0.28436644866496E-01
 0.28009779987305E-01
 0.27616938925421E-01
 0.27246630777001E-01
 0.26911292078380E-01
 0.26601074862728E-01
 0.26313234023077E-01
 0.26048478426458E-01
 0.25801908083828E-01
 0.25576049867769E-01
 0.25365981530997E-01
 0.25172095309158E-01
 0.24988100126119E-01
 0.24820546159891E-01
 0.24662809270853E-01
 0.24503081394258E-01
 0.24367740717177E-01
 0.24269158853525E-01
 0.24143851670233E-01
 0.23986940947837E-01
 0.23848119243224E-01
 0.23774560938526E-01
 0.23711500944184E-01
 0.23577861865529E-01
 0.23449555283297E-01
 0.23375483990060E-01
 0.23292533004165E-01
 0.23204587832309E-01
 0.23117561644881E-01
 0.23036120217642E-01
 0.22952915262936E-01
 0.22873285926147E-01
 0.22796180867862E-01
 0.22720284834385E-01
 0.22645645794860E-01
 0.22572459722141E-01
 0.22501413643153E-01
 0.22431317722221E-01
 0.22362570705116E-01
 0.22294946969127E-01
 0.22228342317994E-01
 0.22163614004312E-01
 0.22099485988428E-01
 0.22036623759268E-01
 0.21974678731077E-01
 0.21913465144119E-01
 0.21853931249982E-01
 0.21795163510890E-01
 0.21737264115376E-01
 0.21680467642833E-01
 0.21624210248325E-01
 0.21569059302009E-01
 0.21515273584848E-01
 0.21462051954094E-01
 0.21409695607865E-01
 0.21358128888642E-01
 0.21307464943886E-01
 0.21257508916570E-01
 0.21208460520636E-01
 0.21160067740872E-01
 0.21112478979314E-01
 0.21065946814566E-01
 0.21019960037180E-01
 0.20974549721635E-01
 0.20930115710359E-01
 0.20886014993454E-01
 0.20842651823575E-01
 0.20800087285148E-01
 0.20758359167134E-01
 0.20717226115976E-01
 0.20676500256683E-01
 0.20636317945419E-01
 0.20597077611699E-01
 0.20558745764360E-01
 0.20520057997029E-01
 0.20482385682261E-01
 0.20445166595658E-01
 0.20408700821732E-01
 0.20373090739797E-01
 0.20337502677226E-01
 0.20302553484206E-01
 0.20268327543911E-01
 0.20233953273518E-01
 0.20200977211922E-01
 0.20167896716828E-01
 0.20135703751957E-01
 0.20103454999077E-01
 0.20071729990277E-01
 0.20040755219920E-01
 0.20010279075374E-01
 0.19979992773697E-01
 0.19949573751450E-01
 0.19920149996211E-01
 0.19891339947358E-01
 0.19863177944407E-01
 0.19835102715106E-01
 0.19808043559286E-01
