 0.00000000000000E+00
 0.00000000000000E+00
 0.00000000000000E+00
 0.81536636807405E-26
 0.00000000000000E+00
 0.89469747787668E-25
 0.85771830334030E-24
 0.28519133586065E-22
-0.94878469110236E-23
-0.24478656100868E-12
-0.42761903728948E-06
-0.39746796524138E-06
-0.11068698223085E-05
-0.13532695565535E-05
 0.24103227041218E-06
-0.95828470718723E-07
 0.46618549456621E-06
-0.41672814691714E-10
 0.77023685209221E-07
 0.24307366377650E-06
 0.52944211435638E-07
-0.29834877543107E-06
-0.16202900212729E-08
 0.18106567766064E-06
-0.11524659923796E-07
 0.42574663951733E-07
 0.66477423347033E-07
-0.15184935455008E-07
 0.52108099501031E-07
 0.25256667573267E-07
-0.76543907369893E-07
 0.65904417439190E-07
 0.70966847143570E-07
 0.25631204049053E-07
 0.72048683316531E-07
-0.84979115510285E-08
-0.18396514506942E-07
 0.13846698755325E-07
-0.16908517549089E-07
-0.55316292374161E-08
-0.30868577507421E-07
 0.30322889128678E-07
 0.19765366793447E-07
 0.76052036901975E-07
 0.49735182006315E-07
 0.10776353520205E-06
 0.14761420713251E-06
 0.19424635630459E-06
 0.29734195846208E-06
 0.36284097594351E-06
 0.46028310305260E-06
 0.62605241877720E-06
 0.83104303352687E-06
 0.10452801613536E-05
 0.13227745075733E-05
 0.16546363973544E-05
 0.20517156238142E-05
 0.25546818835556E-05
 0.31385262862262E-05
 0.38076557199036E-05
 0.46494334014177E-05
 0.55933733021471E-05
 0.66979125325486E-05
 0.79991828387528E-05
 0.94589121382810E-05
 0.11186566447934E-04
 0.13126466262222E-04
 0.15319329790097E-04
 0.17836571020405E-04
 0.20683948581867E-04
 0.23861938401452E-04
 0.27481717662316E-04
 0.31463801914346E-04
 0.35924608994755E-04
 0.40933865160795E-04
 0.46423509978722E-04
 0.52562309300458E-04
 0.59291250374565E-04
 0.66721462268725E-04
 0.74862752536713E-04
 0.83855309099176E-04
 0.93597725181359E-04
 0.10416338202449E-03
 0.11584868676219E-03
 0.12858276435657E-03
 0.14230791263170E-03
 0.15723733386807E-03
 0.17339613575863E-03
 0.19087182227145E-03
 0.20972271003387E-03
 0.23009276025193E-03
 0.25196442487693E-03
 0.27552467675634E-03
 0.30088033117446E-03
 0.32800273959326E-03
 0.35715012343982E-03
 0.38826351907650E-03
 0.42164066669397E-03
 0.45729103178084E-03
 0.49537000304680E-03
 0.53594412586167E-03
 0.57930239598491E-03
 0.62542476558257E-03
 0.67457223967571E-03
 0.72683770262721E-03
 0.78242603918923E-03
 0.84136478398174E-03
 0.90408430604016E-03
 0.97059494723680E-03
 0.10411510562249E-02
 0.11158523418335E-02
 0.11950963814635E-02
 0.12789833257050E-02
 0.13677599546707E-02
 0.14616251504326E-02
 0.15610403316449E-02
 0.16661626238040E-02
 0.17771512916388E-02
 0.18944985457584E-02
 0.20183798706028E-02
 0.21491433075065E-02
 0.22871515279099E-02
 0.24328506325441E-02
 0.25866745188428E-02
 0.27488954206397E-02
 0.29199882825229E-02
 0.31002189976655E-02
 0.32904046980556E-02
 0.34906789100801E-02
 0.37019007910176E-02
 0.39243398567560E-02
 0.41589090458106E-02
 0.44058956676764E-02
 0.46660078172121E-02
 0.49398612145890E-02
 0.52286873323537E-02
 0.55328173947087E-02
 0.58530890302784E-02
 0.61903085038732E-02
 0.65455754071357E-02
 0.69196378362021E-02
 0.73140508952170E-02
 0.77290918376157E-02
 0.81661655945945E-02
 0.86267662663264E-02
 0.91124508055534E-02
 0.96238780573308E-02
 0.10162562630105E-01
 0.10730640924527E-01
 0.11329076229222E-01
 0.11960045593059E-01
 0.12625001975236E-01
 0.13325889688791E-01
 0.14064998643248E-01
 0.14844765053056E-01
 0.15666166584695E-01
 0.16532574679583E-01
 0.17446311161308E-01
 0.18409419615073E-01
 0.19424794051134E-01
 0.20494465816687E-01
 0.21621294374484E-01
 0.22807301673985E-01
 0.24054308731992E-01
 0.25364752706984E-01
 0.26739505673363E-01
 0.28179874314820E-01
 0.29684232581876E-01
 0.31250344505340E-01
 0.32875961554893E-01
 0.34560759934570E-01
 0.36298164585929E-01
 0.38083253146502E-01
 0.39898518322842E-01
 0.41738565536322E-01
 0.43588535879765E-01
 0.45435606419343E-01
 0.47266887354075E-01
 0.49071838175883E-01
 0.50836666530690E-01
 0.52547783345159E-01
 0.54197962028332E-01
 0.55779531946091E-01
 0.57286901147304E-01
 0.58716292840757E-01
 0.60067897687685E-01
 0.61341457017412E-01
 0.62538342208665E-01
 0.63660895472090E-01
 0.64712452551149E-01
 0.65696454466568E-01
 0.66617161047948E-01
 0.67477696924779E-01
 0.68281779125418E-01
 0.69033686114107E-01
 0.69736314840250E-01
 0.70393483812297E-01
 0.71007918413909E-01
 0.71582027708652E-01
 0.72119240048499E-01
 0.72622413314009E-01
 0.73092087822997E-01
 0.73532757409917E-01
 0.73944446876264E-01
 0.74329985053895E-01
 0.74690050141393E-01
 0.75026811854827E-01
 0.75341716183497E-01
 0.75636076640222E-01
 0.75910750665703E-01
 0.76167000670443E-01
 0.76405316444076E-01
 0.76627831452623E-01
 0.76833905689772E-01
 0.77025816425334E-01
 0.77203659051057E-01
 0.77367809321469E-01
 0.77519345497604E-01
 0.77658769230533E-01
 0.77786850435732E-01
 0.77903970473751E-01
 0.78010637234223E-01
 0.78107171036334E-01
 0.78194640003729E-01
 0.78272601090452E-01
 0.78342206481507E-01
 0.78403302280560E-01
 0.78456739053486E-01
 0.78502401719354E-01
 0.78541213704400E-01
 0.78572029163771E-01
 0.78597331768399E-01
 0.78615610343295E-01
 0.78627982599569E-01
 0.78634520791942E-01
 0.78635243985398E-01
 0.78630673883877E-01
 0.78620774702992E-01
 0.78606134884152E-01
 0.78586306392296E-01
 0.78562207327069E-01
 0.78533587446284E-01
 0.78500584725668E-01
 0.78463739012852E-01
 0.78423140270207E-01
 0.78378356094779E-01
 0.78329978197815E-01
 0.78278420897377E-01
 0.78223163264277E-01
 0.78164924474422E-01
 0.78103184718340E-01
 0.78038972002371E-01
 0.77971590310127E-01
 0.77901457966035E-01
 0.77828635685021E-01
 0.77753473139020E-01
 0.77675710301358E-01
 0.77595475918380E-01
 0.77512870189264E-01
 0.77428382589819E-01
 0.77341509603835E-01
 0.77252986456555E-01
 0.77162185966918E-01
 0.77069465853565E-01
 0.76975136933085E-01
 0.76878813305925E-01
 0.76781100198585E-01
 0.76681636486201E-01
 0.76580617607362E-01
 0.76478219206419E-01
 0.76374292618490E-01
 0.76268837877625E-01
 0.76162267099783E-01
 0.76054442306944E-01
 0.75945399492261E-01
 0.75835235683586E-01
 0.75723921200147E-01
 0.75611421500622E-01
 0.75498190539709E-01
 0.75383623824272E-01
 0.75268254862176E-01
 0.75152008426986E-01
 0.75035122210274E-01
 0.74917208153190E-01
 0.74798381090235E-01
 0.74678966040985E-01
 0.74558766359655E-01
 0.74437926272655E-01
 0.74316260456154E-01
 0.74194218215213E-01
 0.74071491945517E-01
 0.73948231327772E-01
 0.73824462847808E-01
 0.73700157626943E-01
 0.73575232339611E-01
 0.73450154546643E-01
 0.73324392438440E-01
 0.73198216087471E-01
 0.73071795934019E-01
 0.72945009123138E-01
