 0.00000000000000E+00
 0.00000000000000E+00
 0.00000000000000E+00
 0.17425753498722E-25
 0.00000000000000E+00
 0.20763930593363E-24
 0.44189646988092E-23
 0.40010843414218E-22
 0.41230387536544E-21
-0.15097201743117E-12
-0.58382545408589E-07
-0.82596839153979E-07
-0.61675425786143E-07
 0.46822582665231E-06
-0.30912230276131E-06
-0.47918682775242E-07
 0.13932642562199E-06
 0.19196766004869E-06
-0.99389618339838E-07
-0.17726273767183E-07
-0.15603581780991E-06
-0.14405704366894E-06
-0.10375423041683E-06
-0.24394903124846E-06
 0.20903245073115E-07
-0.19406820258213E-07
 0.11608090662552E-07
-0.10898121057490E-06
 0.17549265170377E-06
-0.10400492258399E-06
 0.42800689878473E-07
-0.64218475772439E-08
-0.39147675113211E-07
-0.97555752695682E-08
-0.79775240702741E-07
 0.22526258581185E-08
-0.86438665315810E-07
 0.52063275699751E-07
-0.88737877499273E-07
 0.25777387603620E-07
 0.30601565134489E-07
 0.16873880562917E-07
 0.38376726585428E-07
-0.74598001694975E-08
 0.83945430609608E-07
 0.10313487882253E-06
 0.15749374155517E-06
 0.26495504398145E-06
 0.28927934627369E-06
 0.40559609892884E-06
 0.48648777319742E-06
 0.64695241566767E-06
 0.83615030555272E-06
 0.10483472517729E-05
 0.13028708004177E-05
 0.17243886029798E-05
 0.21510108116327E-05
 0.26617220824741E-05
 0.32025385996830E-05
 0.39443375745234E-05
 0.48332471559699E-05
 0.57846338510690E-05
 0.69682651493996E-05
 0.84045160137959E-05
 0.98951745403123E-05
 0.11739646865824E-04
 0.13900566650264E-04
 0.16225107209751E-04
 0.18981804461175E-04
 0.22044135921900E-04
 0.25552776150684E-04
 0.29473801943286E-04
 0.33774206043683E-04
 0.38722364031507E-04
 0.44282353134890E-04
 0.50479436009970E-04
 0.57278254681244E-04
 0.64837025770365E-04
 0.73277796060169E-04
 0.82673104006677E-04
 0.92682908614027E-04
 0.10365568746301E-03
 0.11605760572321E-03
 0.12987810927260E-03
 0.14454470317469E-03
 0.16050558776597E-03
 0.17804440981125E-03
 0.19715232172136E-03
 0.21778490679719E-03
 0.24038581136796E-03
 0.26485689674370E-03
 0.29126695040419E-03
 0.31975958392604E-03
 0.35060143729857E-03
 0.38404521636556E-03
 0.41984281618037E-03
 0.45843027453644E-03
 0.50003412933297E-03
 0.54463377709289E-03
 0.59286951340476E-03
 0.64430953431575E-03
 0.69922131684056E-03
 0.75858169207781E-03
 0.82194338028634E-03
 0.88934371881427E-03
 0.96172339980548E-03
 0.10391248957052E-02
 0.11214478415545E-02
 0.12092492309649E-02
 0.13031843061330E-02
 0.14032037071138E-02
 0.15101482007120E-02
 0.16236501353351E-02
 0.17449904779192E-02
 0.18733249332398E-02
 0.20102272375199E-02
 0.21552614788910E-02
 0.23102383018187E-02
 0.24738218935574E-02
 0.26488816559307E-02
 0.28327755346958E-02
 0.30301902550773E-02
 0.32392028605017E-02
 0.34603458128604E-02
 0.36936357757508E-02
 0.39427994921028E-02
 0.42071379934560E-02
 0.44867187925060E-02
 0.47822888419120E-02
 0.50959048676915E-02
 0.54299993564177E-02
 0.57812870267786E-02
 0.61541630295278E-02
 0.65497973260028E-02
 0.69678947891075E-02
 0.74106258615884E-02
 0.78797005237475E-02
 0.83756827877303E-02
 0.89016685993364E-02
 0.94595214408462E-02
 0.10049644044585E-01
 0.10671916348567E-01
 0.11331761951609E-01
 0.12031078074168E-01
 0.12771849656506E-01
 0.13557376839385E-01
 0.14386864509324E-01
 0.15267046158399E-01
 0.16198119581881E-01
 0.17182819183617E-01
 0.18227703392451E-01
 0.19333659114887E-01
 0.20503051763186E-01
 0.21742915134806E-01
 0.23055644786733E-01
 0.24446741076916E-01
 0.25920651383878E-01
 0.27478972822832E-01
 0.29131485356812E-01
 0.30871480291314E-01
 0.32719401089916E-01
 0.34669053463628E-01
 0.36728259070109E-01
 0.38898306253833E-01
 0.41185652069127E-01
 0.43587206509096E-01
 0.46101917089632E-01
 0.48726621995611E-01
 0.51469375883858E-01
 0.54331705520018E-01
 0.57296358258303E-01
 0.60344571021001E-01
 0.63427779176996E-01
 0.66566584748773E-01
 0.69703262373066E-01
 0.72861722495662E-01
 0.75984132130807E-01
 0.79061609791128E-01
 0.82084984830863E-01
 0.85008402092313E-01
 0.87816949578898E-01
 0.90518702822611E-01
 0.93106675267200E-01
 0.95574934530775E-01
 0.97935186707779E-01
 0.10018400116028E+00
 0.10233426116384E+00
 0.10438787869822E+00
 0.10635233407124E+00
 0.10823775076446E+00
 0.11004256313989E+00
 0.11177997524612E+00
 0.11345009422707E+00
 0.11506049937005E+00
 0.11661180816512E+00
 0.11811768205690E+00
 0.11956604596935E+00
 0.12097577518440E+00
 0.12233687204900E+00
 0.12366411097538E+00
 0.12494580187272E+00
 0.12619608831663E+00
 0.12741147410656E+00
 0.12858995945595E+00
 0.12974530933018E+00
 0.13086844654248E+00
 0.13196002546768E+00
 0.13302902700800E+00
 0.13407113475194E+00
 0.13508754817932E+00
 0.13608543388653E+00
 0.13705630078489E+00
 0.13800866600724E+00
 0.13894011451577E+00
 0.13985255453425E+00
 0.14074560454947E+00
 0.14161669045365E+00
 0.14247543722176E+00
 0.14331514478823E+00
 0.14413782199787E+00
 0.14494341617808E+00
 0.14574054816136E+00
 0.14651393397510E+00
 0.14727484076789E+00
 0.14802682844581E+00
 0.14876044316760E+00
 0.14948627891245E+00
 0.15019555536681E+00
 0.15089436586102E+00
 0.15158140109415E+00
 0.15225606346375E+00
 0.15292168434755E+00
 0.15357388510534E+00
 0.15421575776902E+00
 0.15484909996955E+00
 0.15546935773397E+00
 0.15608408831414E+00
 0.15668418328766E+00
 0.15727646521097E+00
 0.15786111008420E+00
 0.15843870487125E+00
 0.15900871744794E+00
 0.15956355371749E+00
 0.16011947539877E+00
 0.16065665190879E+00
 0.16119230939958E+00
 0.16171749531849E+00
 0.16223839510957E+00
 0.16275187969833E+00
 0.16325598819836E+00
 0.16375601281170E+00
 0.16424678484412E+00
 0.16473160193546E+00
 0.16521083762082E+00
 0.16568002686116E+00
 0.16614789877892E+00
 0.16660544148910E+00
 0.16705864868485E+00
 0.16750712457522E+00
 0.16795030101561E+00
 0.16838553423392E+00
 0.16881628498980E+00
 0.16924203753725E+00
 0.16966215602456E+00
 0.17007655251767E+00
 0.17048556690629E+00
 0.17089072119846E+00
 0.17129129015577E+00
 0.17168610270492E+00
 0.17207674828236E+00
 0.17246283304357E+00
 0.17284510217776E+00
 0.17321975812772E+00
 0.17359149468665E+00
 0.17395835379677E+00
 0.17432240238154E+00
 0.17468215334130E+00
 0.17503674232880E+00
 0.17538799409183E+00
 0.17573737746327E+00
 0.17607883646916E+00
 0.17641817274420E+00
 0.17675644596898E+00
 0.17708821592990E+00
 0.17741755518574E+00
 0.17774064161740E+00
 0.17806104351936E+00
 0.17837925633558E+00
 0.17869574176129E+00
 0.17900358080776E+00
 0.17931448809796E+00
 0.17961865966432E+00
 0.17991969803115E+00
 0.18021812548586E+00
 0.18051498008141E+00
 0.18080567759470E+00
 0.18109469976100E+00
 0.18138213106889E+00
 0.18166465690827E+00
 0.18194478240681E+00
