 0.00000000000000E+00
 0.00000000000000E+00
 0.00000000000000E+00
-0.93951032074683E-27
 0.00000000000000E+00
-0.24918349807685E-25
-0.74131629568504E-24
-0.88674649891497E-23
-0.11181127313262E-21
 0.12070247953400E-12
 0.10416984348042E-07
 0.85565661996713E-07
 0.17148127121844E-06
-0.47620743338228E-06
 0.25448039950246E-07
 0.27964055785589E-07
-0.48792180731304E-07
-0.27166845784051E-06
 0.94229666828660E-07
-0.45161597238465E-08
 0.28765217218272E-06
 0.11117178218546E-06
 0.33852794193804E-06
 0.44939276499702E-06
-0.94825054039384E-07
-0.25538502917649E-07
-0.18304313942952E-07
 0.35885784134822E-06
-0.40682264012352E-06
 0.36181010715752E-06
-0.11748539393497E-06
-0.13317836495936E-06
 0.23389497642053E-06
-0.73349163377805E-07
 0.39300161961674E-06
-0.17099912865783E-07
 0.43562601341308E-06
-0.11697033692918E-06
 0.57209170808200E-06
-0.38429820983849E-07
-0.11139557836878E-06
 0.53356402247225E-07
 0.28710390718033E-07
 0.31038550674156E-06
 0.12263112755575E-06
 0.44255957522795E-07
 0.87082821608228E-07
-0.19467670706307E-06
 0.26565661307602E-06
 0.15317365102220E-06
 0.59163931010839E-06
 0.68429249951310E-06
 0.78274956303308E-06
 0.12953617824402E-05
 0.18239436718593E-05
 0.13564923068161E-05
 0.19764280854661E-05
 0.24032065025316E-05
 0.37387303368363E-05
 0.41896805686741E-05
 0.47013923885439E-05
 0.65069460455471E-05
 0.75874866378917E-05
 0.79396929429555E-05
 0.10614662490273E-04
 0.12438829620112E-04
 0.13134307154660E-04
 0.16678086950467E-04
 0.18766837184284E-04
 0.21857560129007E-04
 0.24655030481940E-04
 0.28726633282220E-04
 0.35301669188180E-04
 0.40262260225821E-04
 0.44569556313389E-04
 0.49851152250718E-04
 0.58187420436948E-04
 0.66245872301876E-04
 0.73835101376066E-04
 0.78551590186418E-04
 0.90982792992208E-04
 0.10775799038208E-03
 0.11860180936374E-03
 0.12668193160100E-03
 0.14484362247566E-03
 0.16193304854858E-03
 0.17942371246498E-03
 0.19815502311825E-03
 0.22285528028521E-03
 0.24235620813083E-03
 0.26559799819778E-03
 0.29190633471650E-03
 0.32416397380911E-03
 0.35518902307391E-03
 0.38432198044538E-03
 0.42334022975334E-03
 0.46494024668622E-03
 0.50435925691844E-03
 0.55385351985143E-03
 0.59267473141367E-03
 0.64541161529810E-03
 0.71128741223337E-03
 0.76177148024406E-03
 0.82261692301095E-03
 0.90185273977596E-03
 0.97269753771939E-03
 0.10502722304222E-02
 0.11408179216910E-02
 0.12424895532360E-02
 0.13385085158790E-02
 0.14449819936823E-02
 0.15421070361346E-02
 0.16662762915372E-02
 0.17706949541748E-02
 0.19106418030635E-02
 0.20550744379091E-02
 0.22282123879546E-02
 0.23607353658606E-02
 0.25572457018685E-02
 0.27088586695542E-02
 0.29711841176658E-02
 0.31414608488985E-02
 0.33218720151934E-02
 0.35832701388349E-02
 0.38970943054325E-02
 0.41363926864164E-02
 0.43858895994178E-02
 0.46853044697561E-02
 0.50430297768116E-02
 0.54018169325695E-02
 0.56767823603063E-02
 0.61319573204009E-02
 0.65466161454261E-02
 0.69740281804324E-02
 0.74626160970501E-02
 0.80014969178669E-02
 0.84893600707710E-02
 0.91321032764007E-02
 0.97081059207691E-02
 0.10276053223612E-01
 0.10875730018217E-01
 0.11705484375120E-01
 0.12569665949141E-01
 0.13372818815934E-01
 0.14257672481556E-01
 0.15066413340694E-01
 0.16128372569676E-01
 0.17097667470418E-01
 0.18199659807075E-01
 0.19498942202599E-01
 0.20629845924693E-01
 0.21974004039133E-01
 0.23540330275110E-01
 0.25108651072106E-01
 0.26681731252977E-01
 0.28380714794405E-01
 0.30050339783096E-01
 0.32046198195655E-01
 0.33888922861279E-01
 0.36452194285095E-01
 0.38482247567709E-01
 0.40897700198451E-01
 0.43308058973354E-01
 0.45888528897213E-01
 0.48408575082296E-01
 0.51129877499818E-01
 0.54089970205552E-01
 0.57794725956126E-01
 0.61071612678195E-01
 0.62976803550565E-01
 0.63955244741116E-01
 0.64331762829194E-01
 0.66518580218298E-01
 0.67429151349672E-01
 0.69855250569888E-01
 0.69618243231663E-01
 0.69372044210973E-01
 0.67979775330657E-01
 0.64102603480058E-01
 0.60946977052334E-01
 0.58665300191119E-01
 0.55909115715237E-01
 0.52836430216673E-01
 0.50438202865982E-01
 0.47680944808031E-01
 0.45688098102857E-01
 0.43513369921659E-01
 0.41823674189521E-01
 0.40385228308999E-01
 0.38660986400163E-01
 0.37773450989475E-01
 0.36723883389311E-01
 0.35763441035381E-01
 0.34923306494889E-01
 0.34671801290382E-01
 0.33506453728114E-01
 0.33335140816108E-01
 0.32352469732676E-01
 0.32166765185711E-01
 0.31145662844756E-01
 0.31115799606545E-01
 0.30586028331664E-01
 0.29810864776760E-01
 0.29992591967267E-01
 0.29009310574898E-01
 0.28772710999330E-01
 0.28764488405203E-01
 0.28268836433512E-01
 0.28148336786269E-01
 0.27917485255966E-01
 0.27103072531156E-01
 0.27312650832094E-01
 0.26869414524554E-01
 0.26604726572645E-01
 0.26262291994561E-01
 0.26041992814118E-01
 0.26208225847194E-01
 0.25614417382020E-01
 0.25449139760370E-01
 0.25362107688417E-01
 0.25450445133885E-01
 0.24533502286582E-01
 0.25137248874889E-01
 0.25350949318830E-01
 0.24747013097220E-01
 0.25082628097989E-01
 0.24388285520624E-01
 0.24571944127258E-01
 0.24326919759706E-01
 0.24223623549605E-01
 0.24085764515355E-01
 0.23715301253817E-01
 0.23729039562887E-01
 0.23479926875218E-01
 0.23358331730592E-01
 0.23580703220282E-01
 0.22817870916715E-01
 0.23395854677788E-01
 0.23351597449004E-01
 0.23269744752249E-01
 0.22914841243960E-01
 0.22060564398872E-01
 0.22912596468832E-01
 0.21618974191203E-01
 0.22613327604242E-01
 0.22477623167351E-01
 0.22729448182331E-01
 0.22488936394680E-01
 0.22163741015543E-01
 0.22294239279206E-01
 0.21848062021122E-01
 0.21910417372146E-01
 0.21858803811568E-01
 0.21495029644678E-01
 0.22087613447502E-01
 0.21562006588211E-01
 0.21762551670432E-01
 0.22010019729237E-01
 0.21686959989216E-01
 0.21286555199450E-01
 0.21492835916105E-01
 0.21521581123495E-01
 0.21473174264904E-01
 0.21250667549351E-01
 0.21403967245554E-01
 0.21431198921102E-01
 0.21494165359065E-01
 0.20947109379573E-01
 0.21081251335382E-01
 0.21031747154634E-01
 0.20750630258769E-01
 0.20419172309865E-01
 0.20723635820894E-01
 0.20852147863768E-01
 0.20961228377382E-01
 0.20848906056041E-01
 0.20714755988124E-01
 0.21058096998625E-01
 0.20766898816074E-01
 0.20247610525152E-01
 0.20816069663243E-01
 0.20852099835585E-01
 0.20168393239489E-01
 0.20240201607213E-01
 0.19941316648326E-01
 0.20402933751127E-01
 0.20602322153647E-01
 0.20626153229863E-01
 0.19972768159781E-01
 0.20880010087599E-01
 0.20065098504746E-01
 0.20192612928804E-01
 0.20156156379116E-01
 0.20232993771108E-01
 0.19748521673119E-01
 0.20144921277282E-01
 0.20156207885068E-01
 0.19762379853330E-01
 0.20040066663439E-01
 0.20113339253942E-01
