 0.00000000000000E+00
 0.00000000000000E+00
 0.64243100920189E-27
 0.48182325690142E-27
-0.22334984618981E-26
-0.13160829646454E-25
-0.12384079950949E-24
-0.35228755094507E-23
-0.78695997418794E-22
-0.22097836075197E-21
 0.67306540337820E-21
 0.15694911101176E-11
 0.34741362998889E-06
 0.36657064634836E-05
 0.92495805385352E-06
-0.58775126457789E-05
-0.15739767263946E-05
-0.26378494801083E-05
 0.89964629308908E-07
 0.35631787508432E-06
-0.24141526570237E-05
-0.11807464709620E-05
 0.27350178641395E-05
 0.40257897845870E-06
 0.35841501844735E-06
-0.27704425121922E-05
 0.67220350452358E-06
-0.44639741032208E-06
-0.16564641401995E-05
 0.17015621929514E-05
-0.13288153356053E-05
-0.22805949083240E-05
-0.22446699797377E-05
 0.65768085030773E-06
 0.54898093680586E-06
 0.12029592135937E-05
 0.50873230328726E-07
-0.29548460867145E-05
-0.13977517633770E-07
-0.32047252785326E-06
 0.26260207439935E-06
 0.13146498804180E-05
-0.62556377182259E-06
 0.43789000035822E-06
 0.23393223459181E-05
-0.50183761494744E-06
 0.74559930090663E-06
 0.66846931482925E-06
-0.97211944446909E-06
 0.74128834754541E-07
-0.21322612132848E-06
 0.33127580859605E-06
 0.12962473755259E-05
 0.15660560845739E-05
 0.52854604601926E-06
 0.59286178668802E-06
 0.14187291158536E-05
 0.14283736353950E-05
 0.35339804702394E-05
 0.39051436037947E-05
 0.43098994445218E-05
 0.65810782401865E-05
 0.71577878190482E-05
 0.66255359240526E-05
 0.84481243593519E-05
 0.10059528178895E-04
 0.12601990366398E-04
 0.14028978065735E-04
 0.15063345109478E-04
 0.20614164348415E-04
 0.22007420682260E-04
 0.25632475757805E-04
 0.27648840899978E-04
 0.34295025543503E-04
 0.37232701836085E-04
 0.41362451836364E-04
 0.48298750333182E-04
 0.54472712721591E-04
 0.61977529351620E-04
 0.69419044693817E-04
 0.78683956424492E-04
 0.85740024213539E-04
 0.97208041652914E-04
 0.11047003504061E-03
 0.12248851139003E-03
 0.13235075231737E-03
 0.14971984201506E-03
 0.16476272608037E-03
 0.17971619556715E-03
 0.19644989274311E-03
 0.21759388255578E-03
 0.24140644420865E-03
 0.26197143657218E-03
 0.28706620401076E-03
 0.31251451151640E-03
 0.33738322911117E-03
 0.36896720454872E-03
 0.40050445029463E-03
 0.43947437704306E-03
 0.47447409474291E-03
 0.51186692193306E-03
 0.55678954986657E-03
 0.60534319456840E-03
 0.65031457444088E-03
 0.69887828175867E-03
 0.75435800101909E-03
 0.81407852189801E-03
 0.87147077301270E-03
 0.94136610014449E-03
 0.10106609171674E-02
 0.10880514128104E-02
 0.11549778757636E-02
 0.12409661234261E-02
 0.13251933774723E-02
 0.14176166579570E-02
 0.15137946621715E-02
 0.16272658292351E-02
 0.17358879098892E-02
 0.18582565096744E-02
 0.19679030661666E-02
 0.21028271011277E-02
 0.22302451559529E-02
 0.23697478920475E-02
 0.25316917261503E-02
 0.26870730516535E-02
 0.28623505554242E-02
 0.30527324090449E-02
 0.32424929569643E-02
 0.34266632262380E-02
 0.36309409844822E-02
 0.38677823948320E-02
 0.40981037567299E-02
 0.43401079060873E-02
 0.45973156491055E-02
 0.48693886845174E-02
 0.51590490162488E-02
 0.54557421721781E-02
 0.57686931657279E-02
 0.61110745306878E-02
 0.64778050870009E-02
 0.68198260410644E-02
 0.72123581344320E-02
 0.76477361965850E-02
 0.80585283920755E-02
 0.85115448980504E-02
 0.89813520845080E-02
 0.94891008726670E-02
 0.99910971242245E-02
 0.10561193017391E-01
 0.11110979261406E-01
 0.11737949924528E-01
 0.12368911368126E-01
 0.13038117459994E-01
 0.13751592325735E-01
 0.14516460796735E-01
 0.15187924264725E-01
 0.16001802286463E-01
 0.16836299847228E-01
 0.17710628887204E-01
 0.18568288441712E-01
 0.19439140890811E-01
 0.20396807809818E-01
 0.21330584626597E-01
 0.22352200970387E-01
 0.23340937250088E-01
 0.24294701379428E-01
 0.25236536955977E-01
 0.26267444117010E-01
 0.27174193010401E-01
 0.28015035543403E-01
 0.28874775203368E-01
 0.29647727013430E-01
 0.30409655021852E-01
 0.31101457668620E-01
 0.31636626745464E-01
 0.32159977893203E-01
 0.32474706683879E-01
 0.32884151697958E-01
 0.33082942445778E-01
 0.33232795931362E-01
 0.33265407629928E-01
 0.33299511204498E-01
 0.33233467501062E-01
 0.33065786719418E-01
 0.32881621016497E-01
 0.32616889222163E-01
 0.32262674821484E-01
 0.31862591808229E-01
 0.31422279626682E-01
 0.30944228040053E-01
 0.30392168435999E-01
 0.29835689942110E-01
 0.29232745427329E-01
 0.28583563883070E-01
 0.27982064429917E-01
 0.27349726921775E-01
 0.26715505590982E-01
 0.25982522264269E-01
 0.25403586493750E-01
 0.24824184625244E-01
 0.24205267350934E-01
 0.23519676461160E-01
 0.22771231741520E-01
 0.22283322522065E-01
 0.21767391184320E-01
 0.21223015712781E-01
 0.20813629813623E-01
 0.20246289225338E-01
 0.19809812569138E-01
 0.19397220807024E-01
 0.18956857387112E-01
 0.18481819071827E-01
 0.18176209454360E-01
 0.17712467888432E-01
 0.17513067676430E-01
 0.16990035292469E-01
 0.16727950893943E-01
 0.16529092748162E-01
 0.16129970004763E-01
 0.15980389102566E-01
 0.15722497688656E-01
 0.15447092952766E-01
 0.15168099934809E-01
 0.14875316006775E-01
 0.14736271544792E-01
 0.14516319706479E-01
 0.14218788432203E-01
 0.14089304298499E-01
 0.13920114243304E-01
 0.13803156619787E-01
 0.13648031163462E-01
 0.13408823287955E-01
 0.13280292321609E-01
 0.13145872659805E-01
 0.13107276236865E-01
 0.12817500020413E-01
 0.12665042107301E-01
 0.12663409692560E-01
 0.12302424834582E-01
 0.12269098092019E-01
 0.12218299920022E-01
 0.12115932333695E-01
 0.11891787402427E-01
 0.11835906900811E-01
 0.11689435120510E-01
 0.11611272733354E-01
 0.11472261292470E-01
 0.11619231215291E-01
 0.11293614906330E-01
 0.11225328670437E-01
 0.11077889867788E-01
 0.11050047835343E-01
 0.10782060747384E-01
 0.10861925634272E-01
 0.10777909408837E-01
 0.10517688594716E-01
 0.10546227666724E-01
 0.10485657610950E-01
 0.10439570581025E-01
 0.10317430097235E-01
 0.10295678820940E-01
 0.10290895536273E-01
 0.10111550478424E-01
 0.10047858908420E-01
 0.10027967014128E-01
 0.98675125775413E-02
 0.98885881498547E-02
 0.96410290625347E-02
 0.95967443669896E-02
 0.96328083955493E-02
 0.95199882888325E-02
 0.95999845185706E-02
 0.95018284386017E-02
 0.93642638761097E-02
 0.93692011181436E-02
 0.93132446607755E-02
 0.91241586085943E-02
 0.91318992063531E-02
 0.91079448707286E-02
 0.91265198922503E-02
 0.89645171012329E-02
 0.88607592166479E-02
 0.87677248264192E-02
 0.88456889405166E-02
 0.86846102794576E-02
 0.86649581695988E-02
 0.86584017639993E-02
 0.87248300878268E-02
 0.86451807166071E-02
 0.84203577398339E-02
 0.86541264724203E-02
 0.84292295662547E-02
 0.84788978817084E-02
 0.84359044308478E-02
 0.84061688329700E-02
 0.82894245225952E-02
 0.82241937783360E-02
 0.82030160080713E-02
 0.81379960783587E-02
 0.81136431061626E-02
