 0.00000000000000E+00
 0.00000000000000E+00
 0.00000000000000E+00
 0.77309288856426E-27
 0.00000000000000E+00
 0.14479575042286E-25
 0.21221464756878E-24
 0.88478207293566E-24
 0.41062166846886E-22
 0.29850870711659E-21
-0.39626100289975E-07
-0.31722880257553E-06
 0.27935651442660E-06
 0.13907660535350E-06
 0.29750657966762E-06
 0.18931538118505E-06
-0.22626616176707E-06
-0.35012456013048E-07
-0.91259245898842E-07
-0.71241949799502E-07
-0.17641633862702E-06
 0.14838580987910E-07
 0.82194384196591E-07
 0.82304191119251E-07
 0.18383461347420E-07
 0.90359305595194E-07
 0.75684946556722E-07
-0.32066701407428E-06
 0.18408005641055E-07
-0.16805021785807E-06
 0.27128759038759E-06
 0.28469661443797E-06
 0.48457412292930E-07
 0.20795026963792E-06
 0.12321400497864E-06
-0.39982166753347E-07
-0.19733144358551E-06
 0.78695935190612E-07
-0.43971996574966E-07
-0.60619620967855E-07
 0.21914010619805E-06
-0.10252357108427E-06
 0.10191981268719E-06
-0.83165157367488E-07
 0.15520684380748E-06
-0.14593092245176E-07
-0.75131145741697E-07
 0.12620484491060E-06
-0.15524639437978E-06
 0.45659918821797E-07
-0.31338044782243E-07
-0.11603459891921E-06
 0.23339540981480E-06
 0.53129047268301E-07
 0.17269395177078E-06
 0.22088873114474E-06
 0.24552853619391E-06
 0.33581269765465E-06
 0.31917931070729E-06
 0.39139934509128E-06
 0.64279320791957E-06
 0.76587810797688E-06
 0.68398492460889E-06
 0.10066988484454E-05
 0.12983785537477E-05
 0.13955421401009E-05
 0.17628991780448E-05
 0.19480561754371E-05
 0.22774998901272E-05
 0.26771043292160E-05
 0.34087178336667E-05
 0.35706520970362E-05
 0.46992898816434E-05
 0.49399416499853E-05
 0.59264847054938E-05
 0.67561925811406E-05
 0.76506004681810E-05
 0.86532392963209E-05
 0.95049928681098E-05
 0.11643362306768E-04
 0.12630906551534E-04
 0.14187404264798E-04
 0.14856104314329E-04
 0.18863250676892E-04
 0.18209676166697E-04
 0.22346140057596E-04
 0.24581170671090E-04
 0.27592705010706E-04
 0.29890076660676E-04
 0.33319975343613E-04
 0.37065026444650E-04
 0.41323691941248E-04
 0.45620986491083E-04
 0.48646364916076E-04
 0.54082261157631E-04
 0.58824430597021E-04
 0.64840635679952E-04
 0.70414118734686E-04
 0.76709340499082E-04
 0.83400193962517E-04
 0.90121162336829E-04
 0.97513783314309E-04
 0.10573804289700E-03
 0.11700893515367E-03
 0.12434225494490E-03
 0.13433054643119E-03
 0.14611200998842E-03
 0.15671190898065E-03
 0.16990768326052E-03
 0.18238134062032E-03
 0.19677992459019E-03
 0.21009378201427E-03
 0.22387447201955E-03
 0.24266476479843E-03
 0.26059195374184E-03
 0.27852787212628E-03
 0.29960406463674E-03
 0.32085768870338E-03
 0.34530533487203E-03
 0.36590719829126E-03
 0.39195889724568E-03
 0.41705847154041E-03
 0.44642932749630E-03
 0.47360900767333E-03
 0.50614967342333E-03
 0.53577796830505E-03
 0.57198327641639E-03
 0.60825779214880E-03
 0.65299371283859E-03
 0.69168094367628E-03
 0.73543663783718E-03
 0.78584493394248E-03
 0.82846384154533E-03
 0.87387300593291E-03
 0.93550603640728E-03
 0.98615871867843E-03
 0.10576240129179E-02
 0.11291419243681E-02
 0.11898735499715E-02
 0.12619053906260E-02
 0.13420822671838E-02
 0.14227947735508E-02
 0.15091753901906E-02
 0.15917588985737E-02
 0.16942574837240E-02
 0.17862457148184E-02
 0.18804400097178E-02
 0.20183199434403E-02
 0.21277470110457E-02
 0.22578587124280E-02
 0.23959259041266E-02
 0.25346296882439E-02
 0.26687226609589E-02
 0.28550145275118E-02
 0.30152758764799E-02
 0.31731910393306E-02
 0.33766876338182E-02
 0.35872529294719E-02
 0.37899882037589E-02
 0.40035225767163E-02
 0.42387440632449E-02
 0.44525059828333E-02
 0.47152879183961E-02
 0.49865383038303E-02
 0.52629368705246E-02
 0.55536013651917E-02
 0.58357096988088E-02
 0.61359858878382E-02
 0.64299758649603E-02
 0.67453375548122E-02
 0.70405875969835E-02
 0.73510652579708E-02
 0.75717340989108E-02
 0.78270208779320E-02
 0.81300042001326E-02
 0.81885967739746E-02
 0.84443204580102E-02
 0.86235259237855E-02
 0.88472482441129E-02
 0.84873010256602E-02
 0.86517502244082E-02
 0.85796699536913E-02
 0.84311119530629E-02
 0.82602275946752E-02
 0.80742533795338E-02
 0.78393158222878E-02
 0.75626476348012E-02
 0.73806728463599E-02
 0.70867372338334E-02
 0.68333480724264E-02
 0.65752275701394E-02
 0.63533075142894E-02
 0.60719731564116E-02
 0.58460394495534E-02
 0.56730861719542E-02
 0.54344667027039E-02
 0.52700045005098E-02
 0.50993029303837E-02
 0.49040028123807E-02
 0.47978968694007E-02
 0.46950099242475E-02
 0.44823637804218E-02
 0.43747753209562E-02
 0.42605589445090E-02
 0.41197755947260E-02
 0.40739004922325E-02
 0.39819922496926E-02
 0.38982450381943E-02
 0.38035007266538E-02
 0.37017056047398E-02
 0.36185399136858E-02
 0.35683675423447E-02
 0.34874809930026E-02
 0.34490592861012E-02
 0.33866443893049E-02
 0.33112041641407E-02
 0.32927204168851E-02
 0.32020301587333E-02
 0.31877036526187E-02
 0.31246131007391E-02
 0.31020468206189E-02
 0.30474612376419E-02
 0.30430319995831E-02
 0.29980929496244E-02
 0.29222144107841E-02
 0.28758130363906E-02
 0.28252667238264E-02
 0.28197497588819E-02
 0.28112352354054E-02
 0.27195497542934E-02
 0.27083751607792E-02
 0.27155703241008E-02
 0.26931896656390E-02
 0.26842492395861E-02
 0.25902630551036E-02
 0.25759906316948E-02
 0.25834451900450E-02
 0.25363051792131E-02
 0.24890355157834E-02
 0.24682979844025E-02
 0.24503768908907E-02
 0.24467012443266E-02
 0.24244815509619E-02
 0.24131043508694E-02
 0.24077888530723E-02
 0.23508946215255E-02
 0.23617468582034E-02
 0.23718076437769E-02
 0.22928939271077E-02
 0.22644859780859E-02
 0.22517271096027E-02
 0.22854058412874E-02
 0.22369786585871E-02
 0.22464976608428E-02
 0.21851608028258E-02
 0.21697161832688E-02
 0.21533045328754E-02
 0.21373879719324E-02
 0.21608206835327E-02
 0.21152063655606E-02
 0.21465273358752E-02
 0.21029342447718E-02
 0.21237959281397E-02
 0.20786773558911E-02
 0.20663185008320E-02
 0.20619339975448E-02
 0.20417078476945E-02
 0.20282214350277E-02
 0.20022020260074E-02
 0.19651031138512E-02
 0.19903455137660E-02
 0.19581360216022E-02
 0.19824246797192E-02
 0.19826072938650E-02
 0.19255031242860E-02
 0.19205865774660E-02
 0.19533408337791E-02
 0.18955853329474E-02
 0.19037658227306E-02
 0.18851612010557E-02
 0.19050744306031E-02
 0.19177184315939E-02
 0.18314427138538E-02
 0.18418997094580E-02
 0.18060070819206E-02
 0.18250137943786E-02
 0.17972402697883E-02
 0.18019779870438E-02
 0.17947651838261E-02
 0.17759188211198E-02
 0.17897607283950E-02
 0.17977408871065E-02
 0.17515012640985E-02
 0.17316475463832E-02
 0.17410197924052E-02
 0.17645890693745E-02
 0.17092334317947E-02
 0.17009189751421E-02
 0.17019011006819E-02
 0.16868650261114E-02
