 0.00000000000000E+00
 0.00000000000000E+00
 0.00000000000000E+00
-0.65229309445924E-25
-0.48032224987057E-25
-0.27796426497139E-25
 0.12171066485537E-25
 0.39870499256834E-24
 0.10014949517192E-22
 0.15524015115817E-21
 0.62167760424878E-11
-0.27902888724512E-11
-0.76382713768126E-11
 0.10136754797861E-11
-0.68103955095307E-10
-0.47758868800271E-10
 0.10510650677444E-10
 0.19007344005525E-10
-0.32638115008499E-11
 0.23733974177729E-10
-0.99687788427199E-11
-0.45118036706068E-11
 0.23936677484172E-11
 0.38693288349858E-10
-0.14561453217941E-09
 0.13969672441305E-08
 0.11084414441546E-08
-0.10018691834793E-08
 0.78284554271313E-09
 0.14414288841286E-09
 0.12206790024051E-08
 0.10318212251927E-09
 0.99539407202287E-09
 0.15194846208147E-08
 0.26598183632453E-08
 0.45054104441389E-08
 0.74183818998565E-08
 0.11884230245623E-07
 0.18581559232329E-07
 0.28398090625229E-07
 0.42484339032921E-07
 0.62340921159571E-07
 0.89828527480252E-07
 0.12726467364927E-06
 0.17748984491476E-06
 0.24393557646761E-06
 0.33068349642677E-06
 0.44257116181304E-06
 0.58524871268638E-06
 0.76523105721811E-06
 0.99003159168264E-06
 0.12681829542523E-05
 0.16089311379293E-05
 0.20243410446882E-05
 0.25252900472700E-05
 0.31254884024932E-05
 0.38397567274975E-05
 0.46841811492288E-05
 0.56752050557289E-05
 0.68358226124572E-05
 0.81824025038562E-05
 0.97403159890683E-05
 0.11531785692996E-04
 0.13583200239583E-04
 0.15921866010564E-04
 0.18577093091785E-04
 0.21579830420832E-04
 0.24962933514396E-04
 0.28761339472550E-04
 0.33011001952800E-04
 0.37751671159518E-04
 0.43023305069838E-04
 0.48868909130787E-04
 0.55331268755458E-04
 0.62458372536283E-04
 0.70281978837974E-04
 0.78930212827748E-04
 0.88312136617451E-04
 0.98625082703957E-04
 0.10990002708604E-03
 0.12210384892949E-03
 0.13526976957567E-03
 0.14960582030107E-03
 0.16522549763724E-03
 0.18219110181206E-03
 0.20034149858032E-03
 0.21996137766604E-03
 0.24102105540568E-03
 0.26367885286055E-03
 0.28799859991639E-03
 0.31406875210293E-03
 0.34198428564517E-03
 0.37183603208132E-03
 0.40373861420508E-03
 0.43778602301331E-03
 0.47408976563957E-03
 0.51276655957179E-03
 0.55393361407706E-03
 0.59771240573439E-03
 0.64423399700363E-03
 0.69363091913979E-03
 0.74604450885914E-03
 0.80161079975212E-03
 0.86049509834239E-03
 0.92284462463010E-03
 0.98882233060811E-03
 0.10586041776604E-02
 0.11323647514448E-02
 0.12102906529887E-02
 0.12925731528395E-02
 0.13794169252370E-02
 0.14710295708814E-02
 0.15676258769405E-02
 0.16694507309929E-02
 0.17767251809792E-02
 0.18897057733775E-02
 0.20086512371042E-02
 0.21338350229080E-02
 0.22655371545403E-02
 0.24040592668464E-02
 0.25497011592358E-02
 0.27027928121516E-02
 0.28636821046259E-02
 0.30327242768618E-02
 0.32102430879222E-02
 0.33966356794488E-02
 0.35924061103282E-02
 0.37978930972310E-02
 0.40134802464372E-02
 0.42395613598640E-02
 0.44768301048914E-02
 0.47258440361857E-02
 0.49871335058336E-02
 0.52608777500885E-02
 0.55480140026652E-02
 0.58490070035248E-02
 0.61645282469131E-02
 0.64952606077975E-02
 0.68418897455008E-02
 0.72051451483732E-02
 0.75858001250433E-02
 0.79846540353966E-02
 0.84025384681517E-02
 0.88403389433476E-02
 0.92989864367657E-02
 0.97794023150029E-02
 0.10282606515572E-01
 0.10809628783291E-01
 0.11361531799773E-01
 0.11939450585547E-01
 0.12544551841037E-01
 0.13177957522515E-01
 0.13841004282735E-01
 0.14534732300093E-01
 0.15260581061997E-01
 0.16019777624402E-01
 0.16813421267340E-01
 0.17642570024355E-01
 0.18508668578394E-01
 0.19413029842212E-01
 0.20355993508628E-01
 0.21338513408121E-01
 0.22361075088301E-01
 0.23423925695705E-01
 0.24526972029437E-01
 0.25669693244390E-01
 0.26851097741999E-01
 0.28069735681623E-01
 0.29323547096509E-01
 0.30609918365662E-01
 0.31925652429803E-01
 0.33267055815717E-01
 0.34629918693087E-01
 0.36009668452565E-01
 0.37401426980555E-01
 0.38800172523886E-01
 0.40200836970236E-01
 0.41598439727994E-01
 0.42988188588420E-01
 0.44365594795539E-01
 0.45726507327367E-01
 0.47067193317496E-01
 0.48384348270397E-01
 0.49675112705686E-01
 0.50937032364299E-01
 0.52168107947699E-01
 0.53366682332271E-01
 0.54531463899901E-01
 0.55661479418542E-01
 0.56756034103135E-01
 0.57814661299390E-01
 0.58837128794006E-01
 0.59823400321227E-01
 0.60773541514497E-01
 0.61687806490893E-01
 0.62566575714359E-01
 0.63410271767772E-01
 0.64219416922642E-01
 0.64994693845677E-01
 0.65736739988104E-01
 0.66446135469821E-01
 0.67123839642310E-01
 0.67770573956811E-01
 0.68387165965944E-01
 0.68974459136520E-01
 0.69533317791791E-01
 0.70064620321218E-01
 0.70569250544440E-01
 0.71048092619680E-01
 0.71502035053338E-01
 0.71931953401709E-01
 0.72338731271646E-01
 0.72723218978025E-01
 0.73086273758798E-01
 0.73428723213348E-01
 0.73751380020922E-01
 0.74055039901027E-01
 0.74340472901661E-01
 0.74608431907190E-01
 0.74859639485250E-01
 0.75094797843788E-01
 0.75314585375567E-01
 0.75519652392230E-01
 0.75710626529738E-01
 0.75888107586073E-01
 0.76052688795250E-01
 0.76204888486753E-01
 0.76345319809339E-01
 0.76474369334559E-01
 0.76592585961529E-01
 0.76700451642185E-01
 0.76798391015509E-01
 0.76886826248687E-01
 0.76966163481493E-01
 0.77036787550519E-01
 0.77099066628637E-01
 0.77153352317710E-01
 0.77199979084418E-01
 0.77239268482842E-01
 0.77271523838207E-01
 0.77297038242050E-01
 0.77316088763920E-01
 0.77328942170414E-01
 0.77335851414870E-01
 0.77337058862194E-01
 0.77332796317066E-01
 0.77323284871736E-01
 0.77308736261812E-01
 0.77289352456477E-01
 0.77265327126814E-01
 0.77236845497482E-01
 0.77204084914238E-01
 0.77167214596122E-01
 0.77126397639888E-01
 0.77081789541092E-01
 0.77033539408180E-01
 0.76981790491161E-01
 0.76926679942395E-01
 0.76868339534757E-01
 0.76806895584674E-01
 0.76742469460112E-01
 0.76675177529987E-01
 0.76605131621634E-01
 0.76532439510614E-01
 0.76457204313489E-01
 0.76379525435685E-01
 0.76299498459032E-01
 0.76217215177598E-01
 0.76132764235020E-01
 0.76046230678448E-01
 0.75957696445569E-01
 0.75867240508515E-01
 0.75774938942303E-01
 0.75680864862734E-01
 0.75585088883866E-01
 0.75487679193922E-01
 0.75388701270084E-01
 0.75288218512153E-01
 0.75186291783334E-01
 0.75082980154367E-01
 0.74978340183692E-01
 0.74872426935279E-01
 0.74765293271701E-01
 0.74656990270321E-01
 0.74547567206820E-01
 0.74437071981329E-01
 0.74325550488497E-01
 0.74213047023025E-01
 0.74099604816400E-01
 0.73985265524188E-01
 0.73870068833534E-01
 0.73754053952122E-01
 0.73637258269589E-01
 0.73519717988564E-01
 0.73401468356865E-01
 0.73282543089598E-01
 0.73162975443902E-01
 0.73042796625288E-01
 0.72922037651754E-01
 0.72800728086690E-01
