 0.00000000000000E+00
 0.00000000000000E+00
 0.00000000000000E+00
 0.38545860552113E-26
 0.31585991151489E-25
 0.26321659292907E-25
-0.22026206029779E-26
-0.47033154707326E-24
-0.36068998816947E-23
-0.62563317947941E-22
-0.45682132176120E-11
 0.14057525558642E-11
 0.21408752649782E-11
 0.77184881538399E-11
 0.46455530799057E-10
 0.42259155660971E-10
-0.19266708164638E-10
-0.27980600977464E-10
-0.71265391956358E-13
-0.35387076248630E-10
 0.34054903895152E-11
 0.46608348746884E-11
-0.19343425469003E-11
-0.15619371025645E-09
 0.73251244118023E-09
-0.18752387097741E-08
 0.70434039564998E-09
 0.36721148904688E-08
-0.21422610804097E-08
 0.14762243819933E-08
-0.36078565655440E-08
 0.21937908416588E-08
-0.11707227996465E-09
 0.15244418149700E-08
 0.26570146481258E-08
 0.45021614843854E-08
 0.73987883256024E-08
 0.11873864423116E-07
 0.18569090383806E-07
 0.28363800713103E-07
 0.42468129945444E-07
 0.62309226360403E-07
 0.89778848325754E-07
 0.12720539501087E-06
 0.17742446656295E-06
 0.24384412372690E-06
 0.33058565364770E-06
 0.44246085923204E-06
 0.58510675105977E-06
 0.76505894416800E-06
 0.98982077101819E-06
 0.12679355822644E-05
 0.16087971162394E-05
 0.20239840135626E-05
 0.25248799067451E-05
 0.31249960668340E-05
 0.38391721041068E-05
 0.46834986080626E-05
 0.56814146648356E-05
 0.68350343922872E-05
 0.81814175011692E-05
 0.97396518768715E-05
 0.11530491952897E-04
 0.13579267348016E-04
 0.15917281569724E-04
 0.18572453401704E-04
 0.21577235561803E-04
 0.24960151151436E-04
 0.28755835802468E-04
 0.33012420347968E-04
 0.37739874837065E-04
 0.43023380879368E-04
 0.48839066907522E-04
 0.55335513125353E-04
 0.62495346040685E-04
 0.70996563110237E-04
 0.78087676710256E-04
 0.89032142474322E-04
 0.99216114702626E-04
 0.10855309343275E-03
 0.12045306044062E-03
 0.13590508457384E-03
 0.15168614279083E-03
 0.16632727514206E-03
 0.18064375303645E-03
 0.20088332402809E-03
 0.21898701990507E-03
 0.24116010552651E-03
 0.26385696593374E-03
 0.28819038672936E-03
 0.31428353443711E-03
 0.34221867184606E-03
 0.37218172568309E-03
 0.40410543363440E-03
 0.43819984809135E-03
 0.47461952997005E-03
 0.51338095132388E-03
 0.55463475658784E-03
 0.59855597307050E-03
 0.64524023317834E-03
 0.69479088600516E-03
 0.74725574446383E-03
 0.80315837528334E-03
 0.86223418979448E-03
 0.92477465662420E-03
 0.99110109497933E-03
 0.10611997190110E-02
 0.11353026740962E-02
 0.12135870304168E-02
 0.12963765313846E-02
 0.13836857720199E-02
 0.14757345702906E-02
 0.15731573441116E-02
 0.16754711685730E-02
 0.17834833486903E-02
 0.18972709763698E-02
 0.20171019016023E-02
 0.21431366815749E-02
 0.22759642130554E-02
 0.24153571612387E-02
 0.25622962330389E-02
 0.27168349341126E-02
 0.28787924588972E-02
 0.30474811437587E-02
 0.32274329873873E-02
 0.34193487421043E-02
 0.36137243068510E-02
 0.38164169883071E-02
 0.40327486539689E-02
 0.42684668974947E-02
 0.45121081540047E-02
 0.47593657332279E-02
 0.50130345783473E-02
 0.52981957421750E-02
 0.55828048401830E-02
 0.58851364353634E-02
 0.62020633267939E-02
 0.65331394812779E-02
 0.68797976275312E-02
 0.72428869604024E-02
 0.76222124214685E-02
 0.80185404011360E-02
 0.84334872501221E-02
 0.88669764778437E-02
 0.93182371891312E-02
 0.97908206927905E-02
 0.10282795373279E-01
 0.10795299609079E-01
 0.11330265581322E-01
 0.11886762621925E-01
 0.12463573083179E-01
 0.13067857598958E-01
 0.13682169127194E-01
 0.14335403035913E-01
 0.15001561214398E-01
 0.15679395785196E-01
 0.16379642584962E-01
 0.17121305686763E-01
 0.17873641403365E-01
 0.18607550674123E-01
 0.19385076896640E-01
 0.20152786850096E-01
 0.20927797320480E-01
 0.21699794519171E-01
 0.22460951351591E-01
 0.23204821848903E-01
 0.23926937344254E-01
 0.24615370907646E-01
 0.25265219186379E-01
 0.25867352821132E-01
 0.26417815722357E-01
 0.26908615689953E-01
 0.27337266217878E-01
 0.27699860764776E-01
 0.27996407840789E-01
 0.28226275965559E-01
 0.28391725042385E-01
 0.28495217080771E-01
 0.28541851530715E-01
 0.28534527148415E-01
 0.28479257109270E-01
 0.28380501186288E-01
 0.28242899888197E-01
 0.28070802266468E-01
 0.27870311718728E-01
 0.27641764566400E-01
 0.27390995300221E-01
 0.27121137086303E-01
 0.26833716413121E-01
 0.26530744764866E-01
 0.26215511373398E-01
 0.25889972758362E-01
 0.25552150665934E-01
 0.25208166405894E-01
 0.24857514091697E-01
 0.24497299184216E-01
 0.24135278889935E-01
 0.23772615912256E-01
 0.23406493756736E-01
 0.23029418691207E-01
 0.22661820112311E-01
 0.22291888108445E-01
 0.21922608377361E-01
 0.21555124480327E-01
 0.21191030690150E-01
 0.20830766822362E-01
 0.20474490001883E-01
 0.20123525587068E-01
 0.19778506726775E-01
 0.19439678480474E-01
 0.19108158202448E-01
 0.18782709148667E-01
 0.18465949931241E-01
 0.18156088682435E-01
 0.17854385921046E-01
 0.17560992700827E-01
 0.17275651501086E-01
 0.16998763126235E-01
 0.16729614343991E-01
 0.16468829002670E-01
 0.16216211421090E-01
 0.15971277678017E-01
 0.15734311840721E-01
 0.15504878873806E-01
 0.15284004541096E-01
 0.15065769459166E-01
 0.14863031419006E-01
 0.14655544402190E-01
 0.14463721262840E-01
 0.14274666191171E-01
 0.14092059332397E-01
 0.13915293202526E-01
 0.13744243945964E-01
 0.13578492145681E-01
 0.13417695641344E-01
 0.13262000278985E-01
 0.13110924447597E-01
 0.12964496009483E-01
 0.12822133575814E-01
 0.12684179493721E-01
 0.12550117774427E-01
 0.12419912270096E-01
 0.12293297363425E-01
 0.12170201642940E-01
 0.12050458642410E-01
 0.11933925073968E-01
 0.11820459315177E-01
 0.11709884106591E-01
 0.11602218657847E-01
 0.11497226738942E-01
 0.11394844521374E-01
 0.11294901450145E-01
 0.11197453151530E-01
 0.11102222743815E-01
 0.11009205328230E-01
 0.10918350524493E-01
 0.10829515286815E-01
 0.10742665892659E-01
 0.10657695177048E-01
 0.10574553937654E-01
 0.10493152329788E-01
 0.10413445098718E-01
 0.10335394376570E-01
 0.10258886945499E-01
 0.10183898658534E-01
 0.10110396229457E-01
 0.10038290848872E-01
 0.99675917869596E-02
 0.98981858927436E-02
 0.98300653181556E-02
 0.97631887181626E-02
 0.96975101811784E-02
 0.96329814883754E-02
 0.95695766489192E-02
 0.95072933691685E-02
 0.94460504543697E-02
 0.93858288685592E-02
 0.93265953777291E-02
 0.92683511080979E-02
 0.92110053025843E-02
 0.91546381164452E-02
 0.90991163228442E-02
 0.90444515598209E-02
 0.89906451596614E-02
 0.89376517421313E-02
 0.88854324085988E-02
 0.88339678111475E-02
 0.87833212971247E-02
 0.87333909027806E-02
 0.86841094755590E-02
 0.86356001771307E-02
 0.85877415724248E-02
 0.85405259468481E-02
 0.84940161932386E-02
 0.84480790711943E-02
 0.84028267283610E-02
 0.83580531342154E-02
 0.83139672266331E-02
 0.82704296222658E-02
 0.82274696892892E-02
