 0.00000000000000E+00
 0.00000000000000E+00
 0.00000000000000E+00
 0.75160825659747E-26
 0.45336272262983E-25
 0.45336272262983E-25
-0.75160825659747E-26
-0.85463853196810E-24
-0.12635429345562E-22
-0.92244300334414E-22
 0.21787460403682E-11
 0.66318279717489E-12
 0.92823037996989E-11
-0.10309949074197E-10
 0.17300139852590E-11
-0.26617052420337E-11
 0.14596959880112E-10
-0.90851696117524E-11
-0.35650375978402E-11
 0.17492784251843E-10
 0.31982094467814E-10
-0.13918822919446E-10
-0.30656652783712E-10
 0.18832783636131E-09
-0.20770298456599E-09
-0.10708295189108E-08
 0.46355156046734E-08
-0.60992257603743E-08
 0.74340814923393E-08
 0.10613859097479E-09
-0.96578113578499E-09
-0.94732038003389E-09
 0.76738079036389E-09
 0.15449466848840E-08
 0.27051072654045E-08
 0.45726367996570E-08
 0.74997301499172E-08
 0.12044118939339E-07
 0.18750108725638E-07
 0.28675164195094E-07
 0.42915072865377E-07
 0.62963559142730E-07
 0.90761606877604E-07
 0.12867484481323E-06
 0.17957682958495E-06
 0.24699019241533E-06
 0.33514999165819E-06
 0.44903824951411E-06
 0.59450500656416E-06
 0.77834399054248E-06
 0.10084149977738E-05
 0.12937440092341E-05
 0.16563488790762E-05
 0.20720987492236E-05
 0.25895746572599E-05
 0.32112534942501E-05
 0.39531359768829E-05
 0.48327413624732E-05
 0.58912725301721E-05
 0.70842781879096E-05
 0.85273049725610E-05
 0.10139275721939E-04
 0.12040304469387E-04
 0.14176717854827E-04
 0.16726703878571E-04
 0.19567919289994E-04
 0.22747573747420E-04
 0.26431224891588E-04
 0.30555139176455E-04
 0.35182932805720E-04
 0.40393133158088E-04
 0.46119734626182E-04
 0.52658463198918E-04
 0.59683011011858E-04
 0.67731926223024E-04
 0.73719237298220E-04
 0.89011061510435E-04
 0.96874355385098E-04
 0.10378001038542E-03
 0.11927936605353E-03
 0.13799766091363E-03
 0.15582967235133E-03
 0.16906212891540E-03
 0.17990899834943E-03
 0.20320108595114E-03
 0.23113673445867E-03
 0.24598452581105E-03
 0.27418814448083E-03
 0.30125601158870E-03
 0.33046646459658E-03
 0.36195183216235E-03
 0.39552076171619E-03
 0.43193935127877E-03
 0.47108224370775E-03
 0.51315108578793E-03
 0.55812949196045E-03
 0.60635854819827E-03
 0.65792783702408E-03
 0.71325969001380E-03
 0.77201771197587E-03
 0.83521042075440E-03
 0.90240641289328E-03
 0.97431465732999E-03
 0.10509298284874E-02
 0.11319843337570E-02
 0.12186640219385E-02
 0.13106557423594E-02
 0.14085272737819E-02
 0.15127646849735E-02
 0.16235121293566E-02
 0.17402984423384E-02
 0.18656193713867E-02
 0.19975268048605E-02
 0.21377291911028E-02
 0.22858653297085E-02
 0.24430314574208E-02
 0.26092150651558E-02
 0.27860252774220E-02
 0.29715248380104E-02
 0.31688390144991E-02
 0.33781206915791E-02
 0.35974387578724E-02
 0.38305287996624E-02
 0.40831543827690E-02
 0.43504104958798E-02
 0.46006829489456E-02
 0.48746033147005E-02
 0.51934098187621E-02
 0.55414350166876E-02
 0.58924894133798E-02
 0.62303974286089E-02
 0.65662237277949E-02
 0.69833099629978E-02
 0.74221702013225E-02
 0.78480880035620E-02
 0.83115880210811E-02
 0.87959202012103E-02
 0.93041071184364E-02
 0.98438944997612E-02
 0.10405750774587E-01
 0.10996293915966E-01
 0.11619844074065E-01
 0.12271659497136E-01
 0.12949522001714E-01
 0.13668822993672E-01
 0.14413759933094E-01
 0.15194845803126E-01
 0.16014827414671E-01
 0.16869402910048E-01
 0.17751602542539E-01
 0.18682455555442E-01
 0.19606642852009E-01
 0.20679461169523E-01
 0.21673227756328E-01
 0.22675574460959E-01
 0.23772353939067E-01
 0.25000593531868E-01
 0.26178923682004E-01
 0.27253633507971E-01
 0.28373695493218E-01
 0.29711409424652E-01
 0.30819893506628E-01
 0.31999654997904E-01
 0.33149817761708E-01
 0.34268023870833E-01
 0.35351118817009E-01
 0.36372648000203E-01
 0.37322355442581E-01
 0.38210225858430E-01
 0.39017800401259E-01
 0.39733774689333E-01
 0.40368307858004E-01
 0.40912470997389E-01
 0.41374114443818E-01
 0.41755474974477E-01
 0.42063363874489E-01
 0.42297592699537E-01
 0.42468769980625E-01
 0.42580295893120E-01
 0.42637312116279E-01
 0.42644450290838E-01
 0.42607358488112E-01
 0.42530915190973E-01
 0.42409187456323E-01
 0.42249574429220E-01
 0.42058671608713E-01
 0.41841575855548E-01
 0.41578504717150E-01
 0.41287318845355E-01
 0.40971178631070E-01
 0.40639033172232E-01
 0.40269205397270E-01
 0.39874320978693E-01
 0.39489621892096E-01
 0.39050378299387E-01
 0.38638203745837E-01
 0.38146603263078E-01
 0.37747667789293E-01
 0.37176920008333E-01
 0.36822230114996E-01
 0.36282674568996E-01
 0.35805949864408E-01
 0.35328378235598E-01
 0.34854805327000E-01
 0.34391519303013E-01
 0.33931290831531E-01
 0.33473372032274E-01
 0.33034908805353E-01
 0.32603064523248E-01
 0.32179492096019E-01
 0.31769769240614E-01
 0.31372779427387E-01
 0.30987656458528E-01
 0.30615454393586E-01
 0.30254683937732E-01
 0.29906970874315E-01
 0.29572246622723E-01
 0.29248219786028E-01
 0.28937040146609E-01
 0.28638988148307E-01
 0.28353459084333E-01
 0.28076309644473E-01
 0.27808176421178E-01
 0.27551903286196E-01
 0.27283070455838E-01
 0.27093442331959E-01
 0.26842106537394E-01
 0.26581541919314E-01
 0.26450459173427E-01
 0.26202075317689E-01
 0.26003444878021E-01
 0.25814169962463E-01
 0.25632133816703E-01
 0.25456041932114E-01
 0.25284413071688E-01
 0.25121134737475E-01
 0.24961879084802E-01
 0.24807798715140E-01
 0.24657074618280E-01
 0.24515330733627E-01
 0.24376245914773E-01
 0.24240345803774E-01
 0.24109533156273E-01
 0.23983362150066E-01
 0.23861091298202E-01
 0.23741884609428E-01
 0.23626261462764E-01
 0.23513724400681E-01
 0.23405470228407E-01
 0.23299560693362E-01
 0.23196948040078E-01
 0.23096737084002E-01
 0.22999833013874E-01
 0.22905447642868E-01
 0.22813056481178E-01
 0.22723782121261E-01
 0.22636554277037E-01
 0.22551615929492E-01
 0.22468893920836E-01
 0.22388323832829E-01
 0.22309736526778E-01
 0.22232722967418E-01
 0.22157803816246E-01
 0.22084553544393E-01
 0.22013409780258E-01
 0.21943597930007E-01
 0.21875557866110E-01
 0.21808955148797E-01
 0.21743782172704E-01
 0.21680114033302E-01
 0.21617956927945E-01
 0.21557159809277E-01
 0.21497501418257E-01
 0.21439416687164E-01
 0.21382281147447E-01
 0.21326389015832E-01
 0.21271668727028E-01
 0.21217886745119E-01
 0.21165198118880E-01
 0.21113985534061E-01
 0.21063749105737E-01
 0.21014206224005E-01
 0.20965627837618E-01
 0.20918152675607E-01
 0.20871384380956E-01
 0.20825880437108E-01
 0.20780739218233E-01
 0.20736727143507E-01
 0.20693122810128E-01
 0.20650763453136E-01
 0.20609198377967E-01
 0.20567809274711E-01
 0.20527289914655E-01
 0.20488229066336E-01
 0.20449193576513E-01
 0.20410609358523E-01
 0.20373133177799E-01
 0.20335967649836E-01
 0.20299820563153E-01
 0.20263939966651E-01
