 0.00000000000000E+00
 0.00000000000000E+00
 0.00000000000000E+00
 0.00000000000000E+00
 0.00000000000000E+00
-0.22373026141171E-25
-0.92074316979989E-24
-0.83782906691945E-22
-0.69071267391286E-13
 0.80533322542509E-07
-0.38346185239989E-08
-0.40352319524727E-07
 0.20389332686643E-06
 0.98126026704651E-07
-0.15047411469235E-06
 0.82365002686279E-07
-0.22840050048077E-06
-0.21022488085120E-06
 0.54054640741501E-07
 0.14560609926721E-06
-0.46074119883964E-08
-0.29903187713212E-07
 0.50951140763443E-07
 0.72931121575831E-07
-0.77268024058501E-07
 0.18813929105268E-06
 0.42230232871794E-07
-0.98243074133817E-07
-0.93850336714603E-07
-0.42181058251431E-07
-0.19302045941308E-06
-0.25384430014679E-06
 0.11606727964847E-07
-0.14444281487838E-06
-0.20741020205690E-06
 0.73271694672483E-07
-0.87278761228756E-07
-0.10799740954574E-06
 0.24416964830651E-06
 0.37669399018493E-06
 0.64375767193796E-10
 0.16328904079524E-06
 0.13320747147629E-06
 0.37260719526977E-06
 0.39742644911062E-07
-0.13490204624622E-07
 0.63981626606996E-06
-0.38955607446235E-06
 0.24486820410116E-06
 0.73820031292840E-06
 0.70220370625491E-06
 0.69387681562583E-06
 0.75138947579941E-06
 0.12320436746262E-05
 0.14709029852631E-05
 0.18188134366440E-05
 0.23427249302270E-05
 0.26658478174959E-05
 0.30624675185582E-05
 0.38153316456372E-05
 0.47330463764684E-05
 0.58012556915166E-05
 0.69408001152226E-05
 0.83232179035573E-05
 0.10530614595938E-04
 0.12527890735704E-04
 0.14898362653010E-04
 0.17327594469694E-04
 0.19743192130805E-04
 0.22470323785768E-04
 0.26659982778201E-04
 0.31413879742013E-04
 0.34970307868194E-04
 0.39460766897012E-04
 0.44646964936846E-04
 0.52305032137784E-04
 0.56551698459174E-04
 0.70278717986990E-04
 0.73884332700507E-04
 0.81859892889331E-04
 0.96967918732575E-04
 0.10981488481736E-03
 0.11354653007689E-03
 0.13408331596872E-03
 0.14772242110383E-03
 0.16376387634739E-03
 0.17745442181021E-03
 0.20219525987831E-03
 0.22088097613832E-03
 0.24632336326103E-03
 0.26918099168508E-03
 0.29658547269197E-03
 0.32574552003466E-03
 0.36127677524432E-03
 0.39911378006629E-03
 0.43091877475585E-03
 0.46980652604219E-03
 0.51502524555658E-03
 0.56668630129982E-03
 0.61140155293194E-03
 0.66881799480158E-03
 0.72381431328217E-03
 0.77868097951306E-03
 0.85947745494569E-03
 0.93488007403887E-03
 0.10005626465198E-02
 0.10954856707951E-02
 0.11683602746613E-02
 0.12720409402566E-02
 0.13684548026335E-02
 0.14810362480854E-02
 0.16021449600739E-02
 0.17179046375614E-02
 0.18266746171753E-02
 0.19796074511260E-02
 0.21628159477122E-02
 0.23093322729062E-02
 0.24801241585488E-02
 0.26806640609130E-02
 0.28769735629522E-02
 0.30869710259068E-02
 0.33235535532941E-02
 0.35581260362646E-02
 0.38136727513523E-02
 0.40964850865350E-02
 0.43907410452742E-02
 0.47262925706321E-02
 0.50674292213144E-02
 0.54369716819830E-02
 0.57951397429649E-02
 0.62716314065025E-02
 0.66755808177795E-02
 0.71126948397759E-02
 0.76398613557991E-02
 0.82437692458178E-02
 0.87857301014180E-02
 0.94330684280391E-02
 0.10069288638689E-01
 0.10787757423948E-01
 0.11583338772749E-01
 0.12383606581659E-01
 0.13247963800726E-01
 0.14166868808519E-01
 0.15134990337405E-01
 0.16154869116572E-01
 0.17317421830234E-01
 0.18561893454517E-01
 0.19785810893775E-01
 0.21101698886680E-01
 0.22576700458533E-01
 0.24091859770838E-01
 0.25740946164807E-01
 0.27615660959636E-01
 0.29728651121427E-01
 0.32194083498258E-01
 0.34709201377435E-01
 0.37742799310098E-01
 0.41730196844378E-01
 0.46360912349699E-01
 0.52371526922571E-01
 0.60894613520930E-01
 0.71353432210634E-01
 0.83737364762083E-01
 0.96425501197054E-01
 0.10649136994688E+00
 0.11162366995666E+00
 0.11060171185618E+00
 0.10401051672495E+00
 0.93947425873709E-01
 0.82647212653606E-01
 0.72073152059858E-01
 0.63255134331112E-01
 0.56004044877528E-01
 0.50450006556063E-01
 0.46227482308306E-01
 0.43348869145580E-01
 0.41282075588172E-01
 0.39413129164719E-01
 0.38167810873715E-01
 0.37295177051395E-01
 0.36558578057547E-01
 0.35608115516244E-01
 0.34895831037055E-01
 0.34700157366188E-01
 0.34019676597508E-01
 0.33340048124870E-01
 0.32915204609602E-01
 0.32576097152488E-01
 0.32053446256582E-01
 0.31574066479210E-01
 0.31524920954389E-01
 0.31133646472591E-01
 0.30520589007899E-01
 0.29866257110969E-01
 0.29808571139512E-01
 0.29798087423439E-01
 0.29259230586485E-01
 0.28903098516438E-01
 0.28884653956955E-01
 0.28482874491614E-01
 0.28376453160642E-01
 0.27998066422460E-01
 0.27746157094305E-01
 0.27575865093606E-01
 0.26883333404398E-01
 0.27035933402581E-01
 0.26980200610657E-01
 0.26408131200690E-01
 0.26060864419265E-01
 0.26188233774222E-01
 0.25938352867025E-01
 0.25700630038807E-01
 0.25731985503863E-01
 0.25304406488637E-01
 0.24881812296714E-01
 0.25152769394565E-01
 0.24763682444891E-01
 0.24782658388124E-01
 0.24760407951369E-01
 0.24585098642898E-01
 0.24526841382763E-01
 0.24502889481268E-01
 0.24174609785798E-01
 0.23891588950757E-01
 0.23882559101045E-01
 0.23811376871791E-01
 0.23859383449480E-01
 0.23569692897403E-01
 0.23449867621799E-01
 0.23346730056319E-01
 0.23356786871626E-01
 0.23284601275799E-01
 0.23079269674639E-01
 0.23127759547017E-01
 0.23045549038626E-01
 0.22916106432816E-01
 0.22829614497182E-01
 0.22777891760386E-01
 0.22715095477115E-01
 0.22579234234853E-01
 0.22542482551661E-01
 0.22476050460565E-01
 0.22369654104416E-01
 0.22314744714648E-01
 0.22247547882291E-01
 0.22148603745160E-01
 0.22052324297505E-01
 0.22076886966779E-01
 0.21987491422384E-01
 0.21952203029659E-01
 0.21887817193740E-01
 0.21795749446064E-01
 0.21747253678008E-01
 0.21732596110236E-01
 0.21635545662105E-01
 0.21614490403677E-01
 0.21529430018773E-01
 0.21497349013767E-01
 0.21449255031698E-01
 0.21400649461606E-01
 0.21352673074812E-01
 0.21301939391433E-01
 0.21258040791240E-01
 0.21203547289607E-01
 0.21148311194228E-01
 0.21105723499097E-01
 0.21079735693330E-01
 0.21046369075886E-01
 0.20993392416403E-01
 0.20926367712118E-01
 0.20924855771366E-01
 0.20868263557311E-01
 0.20819343279047E-01
 0.20817087725120E-01
 0.20764825810484E-01
 0.20709434895095E-01
 0.20704850107213E-01
 0.20643330636630E-01
 0.20664434060882E-01
 0.20576551611401E-01
 0.20596124636704E-01
 0.20522579798046E-01
 0.20452442276065E-01
 0.20413073097057E-01
 0.20380527962585E-01
 0.20415992522221E-01
 0.20413310560919E-01
 0.20339116605055E-01
 0.20239050045150E-01
 0.20273793313792E-01
 0.20210345002784E-01
 0.20198115860163E-01
 0.20199989945257E-01
 0.20163904209517E-01
 0.20173885983376E-01
 0.20138870172442E-01
 0.20016720856009E-01
 0.20126488738716E-01
 0.20005458130633E-01
 0.19879150215603E-01
