 0.00000000000000E+00
 0.00000000000000E+00
 0.00000000000000E+00
-0.13151423261437E-08
 0.00000000000000E+00
 0.28575932024851E-08
 0.68709476631182E-07
 0.64705002446271E-06
 0.36417603948313E-05
 0.14331777176631E-04
 0.43546484145011E-04
 0.10908802789828E-03
 0.23574423630521E-03
 0.45387434899571E-03
 0.79704532778677E-03
 0.12993413809699E-02
 0.19928717505719E-02
 0.29057988860544E-02
 0.40610176604659E-02
 0.54770140703698E-02
 0.71610150977149E-02
 0.91201118860810E-02
 0.11353484321145E-01
 0.13856485035193E-01
 0.16620680889069E-01
 0.19633716499134E-01
 0.22881349390561E-01
 0.26347474231963E-01
 0.30014590231393E-01
 0.33864580778147E-01
 0.37879795604291E-01
 0.42042382802383E-01
 0.46334634590967E-01
 0.50739151636339E-01
 0.55239721580681E-01
 0.59821050807029E-01
 0.64468416945396E-01
 0.69168120686399E-01
 0.73907383426300E-01
 0.78674331894974E-01
 0.83458011112939E-01
 0.88248427635311E-01
 0.93036014415053E-01
 0.97812583184947E-01
 0.10257016713881E+00
 0.10730171154566E+00
 0.11200081299666E+00
 0.11666158024476E+00
 0.12127869075799E+00
 0.12584729363170E+00
 0.13036298171321E+00
 0.13482181048130E+00
 0.13922016406116E+00
 0.14355477752994E+00
 0.14782272581239E+00
 0.15202132852241E+00
 0.15614822065740E+00
 0.16020124656898E+00
 0.16417849359374E+00
 0.16807826254207E+00
 0.17189904712283E+00
 0.17563951621488E+00
 0.17929852215461E+00
 0.18287507784877E+00
 0.18636834606514E+00
 0.18977763232298E+00
 0.19310238664246E+00
 0.19634218918309E+00
 0.19949674547288E+00
 0.20256588246091E+00
 0.20554954830353E+00
 0.20844780032250E+00
 0.21126080612605E+00
 0.21398883623422E+00
 0.21663226124501E+00
 0.21919155192032E+00
 0.22166727093686E+00
 0.22406007018548E+00
 0.22637069064276E+00
 0.22859995486544E+00
 0.23074875443958E+00
 0.23281798161113E+00
 0.23480886687619E+00
 0.23672244472553E+00
 0.23855990170136E+00
 0.24032248735992E+00
 0.24201150750315E+00
 0.24362832256333E+00
 0.24517435077794E+00
 0.24665105351470E+00
 0.24805993899965E+00
 0.24940255818766E+00
 0.25068049479720E+00
 0.25189537769210E+00
 0.25304885792205E+00
 0.25414261781014E+00
 0.25517835943140E+00
 0.25615781776283E+00
 0.25708273390549E+00
 0.25795486851459E+00
 0.25877598353991E+00
 0.25954786573619E+00
 0.26027228947633E+00
 0.26095102502383E+00
 0.26158585467479E+00
 0.26217853461086E+00
 0.26273080398025E+00
 0.26324422074895E+00
 0.26372078559990E+00
 0.26416200719600E+00
 0.26456951707852E+00
 0.26494486695336E+00
 0.26528954911837E+00
 0.26560499754381E+00
 0.26589251876309E+00
 0.26615334253368E+00
 0.26638852203611E+00
 0.26659898502057E+00
 0.26678540981278E+00
 0.26694826134002E+00
 0.26708768946382E+00
 0.26720317997849E+00
 0.26729444940686E+00
 0.26735997857771E+00
 0.26739768312901E+00
 0.26740439878503E+00
 0.26737570569055E+00
 0.26730549926471E+00
 0.26718475582676E+00
 0.26700229437523E+00
 0.26674147498946E+00
 0.26637883740260E+00
 0.26588173743429E+00
 0.26520156651413E+00
 0.26426430918854E+00
 0.26295417936086E+00
 0.26107757946386E+00
 0.25829328482934E+00
 0.25397287559248E+00
 0.24715389396397E+00
 0.23822114702253E+00
 0.23117489825140E+00
 0.22759976257390E+00
 0.22647424933934E+00
 0.22691444915673E+00
 0.22840760647320E+00
 0.23065384490336E+00
 0.23346978505578E+00
 0.23673615507460E+00
 0.24037474401080E+00
 0.24433055930344E+00
 0.24856726898011E+00
 0.25305943903699E+00
 0.25778978526405E+00
 0.26274708720860E+00
 0.26792474606769E+00
 0.27331836127975E+00
 0.27892714604292E+00
 0.28475148607932E+00
 0.29079296743653E+00
 0.29705382474003E+00
 0.30353668376602E+00
 0.31024435624320E+00
 0.31717936451988E+00
 0.32434401391620E+00
 0.33174014830397E+00
 0.33936892952054E+00
 0.34723100276073E+00
 0.35532621069113E+00
 0.36365377070402E+00
 0.37221251041840E+00
 0.38099943197099E+00
 0.39001208108002E+00
 0.39924697784635E+00
 0.40869997585700E+00
 0.41836649085409E+00
 0.42824146551211E+00
 0.43831936225609E+00
 0.44859435862499E+00
 0.45906032738069E+00
 0.46971083408258E+00
 0.48053930756633E+00
 0.49153900518198E+00
 0.50270309001370E+00
 0.51402460486120E+00
 0.52549660798840E+00
 0.53711213693885E+00
 0.54886425399395E+00
 0.56074607859014E+00
 0.57275076568447E+00
 0.58487159613963E+00
 0.59710194184151E+00
 0.60943530480364E+00
 0.62186527811091E+00
 0.63438563364601E+00
 0.64699027211565E+00
 0.65967325000345E+00
 0.67242877778560E+00
 0.68525123758556E+00
 0.69813508993223E+00
 0.71107514831169E+00
 0.72406621570295E+00
 0.73710331811128E+00
 0.75018164154219E+00
 0.76329653400965E+00
 0.77644349834049E+00
 0.78961820150054E+00
 0.80281646300138E+00
 0.81603425110060E+00
 0.82926768460567E+00
 0.84251303205918E+00
 0.85576669387893E+00
 0.86902521987577E+00
 0.88228528983705E+00
 0.89554371626765E+00
 0.90879744025669E+00
 0.92204352625740E+00
 0.93527916150481E+00
 0.94850164708969E+00
 0.96170840136952E+00
 0.97489695090733E+00
 0.98806493129800E+00
 0.10012100794446E+01
 0.10143302328380E+01
 0.10274233260508E+01
 0.10404873875946E+01
 0.10535205340800E+01
 0.10665209720162E+01
 0.10794869917722E+01
 0.10924169644505E+01
 0.11053093409617E+01
 0.11181626459921E+01
 0.11309754796280E+01
 0.11437465129691E+01
 0.11564744802694E+01
 0.11691581869726E+01
 0.11817964999924E+01
 0.11943883460214E+01
 0.12069327120533E+01
 0.12194286396290E+01
 0.12318752263958E+01
 0.12442716223821E+01
 0.12566170277097E+01
 0.12689106893517E+01
 0.12811519033880E+01
 0.12933400099947E+01
 0.13054743925134E+01
 0.13175544758222E+01
 0.13295797248233E+01
 0.13415496427741E+01
 0.13534637702542E+01
 0.13653216828668E+01
 0.13771229905139E+01
 0.13888673363145E+01
 0.14005543934125E+01
 0.14121838665340E+01
 0.14237554891326E+01
 0.14352690224751E+01
 0.14467242544813E+01
 0.14581209988044E+01
 0.14694590934560E+01
 0.14807384002821E+01
 0.14919588036877E+01
 0.15031202096951E+01
 0.15142225457585E+01
 0.15252657575356E+01
 0.15362498112110E+01
 0.15471746910034E+01
 0.15580403984162E+01
 0.15688469516068E+01
 0.15795943849386E+01
 0.15902827478634E+01
 0.16009121044626E+01
 0.16114825329377E+01
 0.16219941245614E+01
 0.16324469836225E+01
 0.16428412269285E+01
 0.16531769813552E+01
 0.16634543864019E+01
 0.16736735914923E+01
 0.16838347562210E+01
 0.16939380495736E+01
 0.17039836497592E+01
 0.17139717435249E+01
 0.17239025258606E+01
 0.17337761994953E+01
 0.17435929746338E+01
 0.17533530683935E+01
 0.17630567045586E+01
 0.17727041136137E+01
 0.17822955307261E+01
 0.17918311978723E+01
 0.18013113619753E+01
 0.18107362748600E+01
 0.18201061930394E+01
 0.18294214485520E+01
 0.18386821543754E+01
 0.18478886691185E+01
 0.18570412566946E+01
 0.18661401929604E+01
