 0.00000000000000E+00
 0.00000000000000E+00
 0.00000000000000E+00
-0.40768318403702E-25
 0.00000000000000E+00
-0.10857979100445E-25
 0.38947412753718E-23
 0.10976113913058E-21
 0.13704667760367E-21
 0.41499842388817E-21
 0.11086025181085E-20
-0.29886717769724E-20
 0.39849475251893E-19
 0.17207579610524E-19
 0.94435196902553E-19
-0.90300582975667E-19
-0.11853254241789E-18
-0.21050369679924E-18
 0.89951395212618E-18
 0.19044431375348E-17
 0.28551835798202E-18
 0.13953610361259E-17
 0.55883407388706E-17
 0.87439997131994E-18
 0.45127432759833E-17
 0.34386962913993E-17
-0.30705952353622E-18
-0.27532127376838E-18
 0.82603531670882E-17
 0.89538557063162E-18
 0.11766756768899E-16
 0.34429498870722E-17
-0.32542208907281E-13
-0.32969115478281E-12
-0.49441510078186E-12
-0.11582827955494E-11
 0.25141701365341E-12
-0.14148348479913E-12
-0.16076313051106E-11
 0.34462047535255E-13
 0.49706569757351E-12
 0.23544898857511E-12
 0.38010250965428E-12
 0.33620349108532E-13
-0.10726374246910E-12
 0.21456314221055E-12
-0.25974752232848E-12
-0.29659996787161E-12
-0.30742807735577E-12
-0.23241607781283E-12
-0.44874375012834E-12
-0.14476086099681E-12
 0.31213452410804E-13
-0.20025112004398E-12
 0.76959879189967E-13
-0.79432022957335E-13
-0.11350792914213E-12
-0.32862989039944E-12
 0.19663861507472E-12
 0.99361533696704E-13
 0.13830543171497E-12
-0.10388937176300E-12
-0.61127669643218E-13
 0.11968677507431E-13
 0.12508705799167E-12
-0.37537576890491E-13
-0.59823496400528E-13
-0.13666430525244E-12
 0.15632287472923E-12
-0.67241942291370E-14
-0.34707410356313E-13
-0.64188643978582E-13
-0.19289104381827E-12
-0.26377907243419E-12
 0.17519399643283E-12
-0.60400342568238E-13
 0.61358140166806E-13
-0.81835877370427E-13
 0.11954227940343E-13
-0.39405918963497E-14
 0.42055842803249E-13
-0.15791379060043E-12
 0.20054687496910E-13
 0.89655157322116E-13
 0.52709198378426E-13
 0.10540969903420E-14
 0.29047464605484E-13
-0.80039801047145E-14
 0.39484902187816E-13
-0.53778670251562E-13
-0.36095122765053E-13
 0.11447571120668E-13
-0.33080045103574E-13
 0.15337195985584E-13
-0.35108058042212E-13
-0.33434723170017E-13
 0.14730757640261E-13
-0.77701710358104E-14
-0.75434600289196E-14
 0.85530667987323E-14
-0.12742616584411E-13
 0.77214931521515E-14
 0.24988354038361E-13
 0.14649763187039E-13
-0.59464099393850E-13
-0.13267947363656E-14
 0.32019513026837E-13
-0.54533771380032E-14
-0.28699309342810E-13
 0.74707043349541E-15
-0.19639689345045E-13
 0.23611552438376E-13
 0.23376258041926E-13
-0.42697929747346E-13
-0.11763005882971E-13
 0.21120070977611E-14
-0.14220145963024E-14
 0.26040858411284E-13
 0.73647754437933E-14
-0.40600363314720E-13
 0.26173118927900E-13
-0.37341035088530E-13
 0.25223004119551E-13
-0.18878746860115E-13
-0.47953286812150E-14
 0.66827611102534E-15
 0.35176702156868E-13
 0.29117519044954E-15
 0.12973501419593E-13
 0.22032539588306E-13
-0.59206997513676E-14
 0.61746398880321E-14
-0.17274435702696E-13
 0.16064050055326E-13
 0.18724872955524E-13
-0.11839209737303E-13
-0.31574887838799E-13
-0.22990320346431E-13
 0.15353857518303E-13
-0.76594466465170E-14
-0.15560458091789E-13
 0.10677651363459E-13
 0.19544606554729E-13
 0.32090176685723E-13
 0.32986110330810E-12
 0.15749995536348E-13
-0.75854858860797E-14
-0.43339115165590E-13
-0.94548769139035E-13
 0.40454962248829E-13
-0.15878431438752E-12
-0.37097864558153E-13
 0.57604049618467E-13
 0.21466876361633E-12
-0.30198793180042E-13
 0.38081396322175E-13
-0.11438990708093E-11
-0.41352339774031E-13
 0.26170915191594E-11
 0.17446587843757E-12
 0.14886777237508E-12
 0.44563510742228E-14
-0.38846853560367E-12
 0.50657530267319E-12
 0.80165123633599E-14
 0.19549504921878E-11
 0.46404184838999E-10
 0.23986169927072E-11
 0.27168150143178E-12
-0.44106288618235E-12
-0.39346572785506E-12
 0.29082464609277E-10
 0.40116687905541E-12
-0.52769142991240E-13
-0.31608853577563E-11
-0.79247879263713E-12
-0.84763491712902E-12
-0.39758455041631E-11
-0.13304657994868E-12
-0.17075378672802E-11
-0.71806958924065E-14
-0.15692850810275E-11
-0.20192862494311E-12
-0.14405659528558E-11
-0.13772426097902E-11
 0.65503516199819E-12
-0.80342157192306E-12
-0.27380632887702E-11
 0.57819236903213E-12
 0.13160004475919E-10
 0.16968193325725E-11
 0.21603042278093E-12
-0.18361368967950E-11
 0.20292957911988E-11
 0.14158830474241E-09
 0.23040913378967E-13
-0.86401588180763E-12
 0.52934508598878E-11
-0.43055589047150E-12
-0.11815362436176E-11
 0.21312174243044E-10
-0.17643758503119E-11
 0.36229448530346E-12
-0.20838700401260E-11
-0.66610186393042E-12
-0.11363244441125E-11
-0.74712970717367E-12
-0.38087917109216E-13
 0.17874528044092E-11
-0.81296590837566E-12
-0.84744920467219E-12
-0.71856154411461E-12
 0.21309302420710E-11
 0.49886717887190E-12
 0.10048937926460E-11
-0.52834544918053E-12
-0.10831514319805E-09
 0.33117371759757E-11
-0.34479900441415E-12
-0.10509328076570E-11
 0.22111941766733E-11
 0.82344541307262E-10
-0.46996886545962E-12
 0.76261790263650E-13
 0.13775337449534E-11
-0.29535008448128E-12
 0.29424065645762E-11
 0.13238095992885E-10
 0.27985674731414E-11
-0.11274689218088E-12
 0.73097256071427E-12
 0.14517498000050E-11
-0.36116944284629E-11
-0.25069581501225E-10
-0.56296300373968E-11
 0.13500063145522E-13
 0.26612185823121E-12
 0.98343256777120E-12
-0.89698130305043E-12
 0.30461637913550E-11
-0.69909802093324E-11
 0.52926434277522E-11
 0.55396084154861E-12
 0.25310287091284E-12
-0.25238644774557E-12
-0.83597762598764E-12
 0.32218026302887E-12
 0.12712555152976E-11
-0.25216480328206E-11
-0.54241670779724E-08
-0.17978100943924E-11
-0.12566230990431E-11
-0.24501030825743E-12
-0.26751696680140E-11
 0.10239835204748E-11
 0.10056718902143E-11
 0.21339044476550E-11
-0.21609432764559E-11
 0.10203116121834E-11
 0.18945129506208E-11
-0.10418880833433E-10
-0.26004975999088E-11
-0.90054844241665E-13
-0.13886302279279E-12
-0.48885420189495E-12
-0.76323192059019E-13
 0.32129747067131E-13
 0.46433472781611E-12
-0.13847977751050E-11
 0.23416723085372E-11
-0.26802285651005E-11
-0.96203797774035E-11
-0.34391409853117E-10
 0.78970915737084E-12
 0.13311637010722E-11
 0.42060040638592E-11
-0.33371001221506E-12
 0.10994554157753E-11
 0.18825192667881E-11
 0.81262909721571E-12
 0.13771841031516E-12
 0.25789266222199E-11
-0.82201015108755E-12
-0.23191224730853E-11
 0.96237805150280E-12
 0.13015590485779E-11
 0.11468425337230E-10
-0.30479411206585E-10
 0.23434781738782E-11
 0.25605012733179E-11
-0.22409685047393E-11
-0.42084836557731E-12
-0.70184314722826E-12
 0.39195140770264E-12
 0.12976517839536E-12
-0.13293445027651E-11
 0.25714476897781E-12
-0.33965913160179E-12
 0.85373548669178E-12
 0.12422944819764E-11
