 0.00000000000000E+00
 0.00000000000000E+00
 0.00000000000000E+00
-0.21782191873403E-24
 0.00000000000000E+00
 0.11101197832295E-23
 0.33916632337799E-22
 0.48872788924330E-21
 0.29146665710665E-20
 0.14767795765621E-19
 0.77332195075019E-10
 0.25099767831805E-10
 0.23927794831848E-10
-0.47018031528065E-10
-0.12835236932872E-10
 0.25471096679948E-10
 0.41039049671409E-11
-0.33502151144197E-11
 0.82090149282512E-11
 0.35997030970553E-11
-0.78854343615984E-11
 0.14080104503000E-11
 0.13045219860915E-10
 0.69017280225213E-11
-0.84795812872262E-11
 0.66786727724704E-11
 0.16768169893772E-10
-0.11227782566176E-10
 0.27933453520705E-11
-0.99179853995186E-12
-0.34329247133911E-11
 0.14892301490097E-11
 0.62601789352933E-06
 0.19474707469534E-06
 0.94901221750176E-07
 0.45346169003287E-06
-0.65233113446742E-07
 0.11435783996019E-06
-0.11890502348952E-09
-0.32552073104111E-09
-0.16670397311887E-08
-0.24715147411032E-08
-0.38212320883647E-08
-0.76253301497266E-09
-0.53113011092296E-08
-0.12151613594058E-09
 0.35179381506484E-08
 0.39067930049450E-08
 0.81615029073333E-07
 0.33190091922958E-07
 0.24248949661027E-07
 0.20869122926924E-07
 0.87588142192445E-08
 0.83004980146158E-07
 0.36851401193780E-07
 0.51911392661864E-07
 0.10727454751696E-06
 0.94063700076318E-07
 0.11623379871993E-06
 0.18218113271145E-06
 0.18918073886991E-06
 0.24536102126573E-06
 0.31440517283040E-06
 0.39626443437970E-06
 0.49745627685212E-06
 0.60868051710680E-06
 0.77007696001649E-06
 0.95085724692363E-06
 0.11683447707526E-05
 0.14083643251059E-05
 0.17235504114417E-05
 0.20777323371652E-05
 0.25005538239169E-05
 0.29676464380253E-05
 0.35233128741513E-05
 0.41680970853802E-05
 0.49181378579745E-05
 0.57776028342485E-05
 0.67828732539056E-05
 0.78793327679759E-05
 0.11429502972945E-04
 0.10549018371453E-04
 0.12167542052395E-04
 0.14080513492790E-04
 0.16057851694198E-04
 0.18254437554079E-04
 0.20760891083136E-04
 0.23558453150092E-04
 0.26707645529529E-04
 0.30231107515749E-04
 0.34041020532221E-04
 0.38138049942049E-04
 0.42725258199917E-04
 0.47812120915352E-04
 0.53332986522868E-04
 0.59310873907784E-04
 0.65828901830549E-04
 0.72897713829308E-04
 0.80661177500131E-04
 0.88781520425618E-04
 0.97714678563441E-04
 0.10719880596892E-03
 0.11727238559967E-03
 0.12794438230125E-03
 0.13930437496158E-03
 0.15127386286535E-03
 0.16327478692207E-03
 0.17669046635568E-03
 0.19016671819556E-03
 0.20396549648149E-03
 0.21769179858234E-03
 0.23200952964117E-03
 0.24530880543702E-03
 0.25836114856089E-03
 0.27031686193889E-03
 0.28076347133913E-03
 0.28905156145266E-03
 0.29413488112381E-03
 0.29529734459753E-03
 0.29074268528485E-03
 0.28739281710455E-03
 0.25654417122015E-03
 0.22221763235061E-03
 0.17112721958513E-03
 0.97951451039538E-04
-0.34134574432417E-05
-0.14219992237428E-03
-0.33792427344485E-03
-0.59082218016123E-03
-0.94056223160005E-03
-0.14196154527919E-02
-0.20828802209971E-02
-0.30153453239324E-02
-0.43274880016419E-02
-0.63321766816567E-02
-0.93530383579521E-02
-0.14218618640577E-01
-0.22700133291025E-01
-0.37964750014312E-01
-0.63342784581463E-01
-0.75754702456234E-01
-0.54881351260060E-01
-0.32171719814517E-01
-0.16033674424884E-01
-0.46397622956799E-02
 0.38911068875062E-02
 0.10695866812236E-01
 0.16071776525107E-01
 0.20714403923409E-01
 0.24772551581339E-01
 0.28398686205495E-01
 0.31703472884613E-01
 0.34755634321809E-01
 0.37629987294384E-01
 0.40315497841144E-01
 0.42964093794981E-01
 0.45485089725821E-01
 0.47937225530282E-01
 0.50334312925028E-01
 0.52681242720815E-01
 0.54990947465978E-01
 0.57267313945876E-01
 0.59513682131231E-01
 0.61732583217848E-01
 0.63932808236352E-01
 0.66091858167673E-01
 0.68230762903047E-01
 0.70347207749378E-01
 0.72434676487539E-01
 0.74491745781847E-01
 0.76523779916593E-01
 0.78524435939819E-01
 0.80499974516837E-01
 0.82432432156588E-01
 0.84338351946366E-01
 0.86212844573657E-01
 0.88051132537094E-01
 0.89857380044754E-01
 0.91629996998698E-01
 0.93368864630016E-01
 0.95074192494917E-01
 0.96746059276520E-01
 0.98384838034924E-01
 0.99990841342428E-01
 0.10156454003412E+00
 0.10310639636310E+00
 0.10461704752222E+00
 0.10609508041825E+00
 0.10754674762118E+00
 0.10896714380482E+00
 0.11035868624233E+00
 0.11172211198820E+00
 0.11305803235307E+00
 0.11436720284761E+00
 0.11565024946663E+00
 0.11690776537968E+00
 0.11814054205623E+00
 0.11934884353677E+00
 0.12053425161147E+00
 0.12169648678744E+00
 0.12283637172112E+00
 0.12395487034215E+00
 0.12505171100746E+00
 0.12612859764604E+00
 0.12718490632761E+00
 0.12822203565304E+00
 0.12924025072233E+00
 0.13024007546388E+00
 0.13122190810210E+00
 0.13218620164412E+00
 0.13313371339385E+00
 0.13406454238594E+00
 0.13497928995585E+00
 0.13587829612581E+00
 0.13676199931930E+00
 0.13763073698561E+00
 0.13848504361442E+00
 0.13932510683225E+00
 0.14015135034440E+00
 0.14096411652753E+00
 0.14176374239940E+00
 0.14255052614154E+00
 0.14332479631958E+00
 0.14408685146540E+00
 0.14483675116102E+00
 0.14557540563331E+00
 0.14630248400683E+00
 0.14701844566661E+00
 0.14772355549882E+00
 0.14841800447694E+00
 0.14910213262780E+00
 0.14977608524451E+00
 0.15044013027622E+00
 0.15109446510572E+00
 0.15173930255655E+00
 0.15237487105411E+00
 0.15300134478227E+00
 0.15361892623807E+00
 0.15422780866209E+00
 0.15482815274377E+00
 0.15542016481624E+00
 0.15600400035837E+00
 0.15657982327989E+00
 0.15714780023827E+00
 0.15770809445792E+00
 0.15826085833975E+00
 0.15880623658755E+00
 0.15934437482893E+00
 0.15987541838720E+00
 0.16039947331707E+00
 0.16091676212448E+00
 0.16142732733324E+00
 0.16193116411203E+00
 0.16242887774742E+00
 0.16292012910415E+00
 0.16340514677845E+00
 0.16388408665608E+00
 0.16435704982973E+00
 0.16482414544936E+00
 0.16528547696884E+00
 0.16574115370766E+00
 0.16619127113322E+00
 0.16663593314337E+00
 0.16707519856630E+00
 0.16750926521759E+00
 0.16793812507421E+00
 0.16836190071096E+00
 0.16878067962422E+00
 0.16919454612313E+00
 0.16960358813351E+00
 0.17000788623053E+00
 0.17040751670157E+00
 0.17080256294819E+00
 0.17119310007618E+00
 0.17157920314765E+00
 0.17196091397895E+00
 0.17233839665850E+00
 0.17271162080275E+00
 0.17308071520907E+00
 0.17344571622501E+00
 0.17380669904278E+00
 0.17416373153488E+00
 0.17451687314486E+00
 0.17486618112716E+00
 0.17521173042777E+00
 0.17555356633512E+00
 0.17589174890543E+00
 0.17622634967556E+00
 0.17655743367794E+00
 0.17688498293421E+00
 0.17720912117734E+00
 0.17752989233107E+00
 0.17784732874923E+00
 0.17816150259957E+00
 0.17847244509296E+00
 0.17873254034466E+00
 0.17908483738688E+00
 0.17938639323258E+00
 0.17968490804596E+00
 0.17998042617997E+00
