 0.00000000000000E+00
 0.00000000000000E+00
 0.00000000000000E+00
 0.15056976778169E-25
 0.00000000000000E+00
-0.61541288264667E-25
-0.56197703234857E-23
-0.19914160479634E-21
-0.57792373104427E-21
-0.22723469254677E-20
-0.12019025060325E-19
-0.37577338767474E-19
-0.21429525450964E-18
-0.21585187863441E-18
-0.77310947864223E-18
-0.86880381150349E-18
-0.14931871133768E-17
-0.27029451913442E-17
-0.67436671135465E-17
-0.18917258643519E-16
-0.18764723315951E-16
-0.22417198741086E-16
-0.78202197142817E-16
-0.29211954241856E-16
-0.80842572401187E-16
-0.11715775812649E-15
-0.40829582020802E-16
-0.78052039314201E-16
-0.27676676741868E-15
-0.23853071601626E-15
-0.44046038057754E-15
-0.29252246592535E-15
 0.23186217080958E-11
 0.10025960219364E-10
 0.12486363523238E-10
 0.22581518077678E-10
-0.83468968079346E-11
 0.13154134979051E-10
 0.56818706856023E-10
 0.25651928432746E-11
-0.17718646512691E-10
-0.59006789140727E-11
-0.18963308864813E-10
-0.13721154169677E-10
 0.16356588428578E-12
-0.80091427684373E-11
-0.24489102302568E-11
 0.20253462587210E-10
-0.19760668653269E-11
 0.11046477626620E-10
 0.28729989467760E-10
 0.20769322701487E-10
-0.92616380426870E-11
 0.14071461303908E-10
 0.86079792654838E-12
 0.26149229057888E-11
 0.17253885562576E-10
 0.28844821902211E-10
-0.10427067252174E-10
-0.76224205145441E-11
-0.15875535772796E-10
 0.13659113118801E-10
-0.32357167461080E-11
-0.36745850205588E-11
-0.12109840060524E-10
 0.13904406710915E-11
 0.47205642447935E-12
 0.13304252811199E-10
-0.21958019901539E-10
-0.15751647517698E-11
 0.41044818385812E-11
 0.46273755508948E-11
 0.25484181552162E-10
 0.31346503068334E-10
-0.20142624970673E-10
 0.45964672180010E-11
-0.11288048434612E-10
 0.11472389186505E-10
-0.33055960375338E-11
-0.20798434358770E-11
-0.15830149466943E-11
 0.30797923745459E-10
-0.60481261152753E-11
-0.20914373180306E-10
-0.56237779401311E-11
-0.63535587245185E-12
-0.76199506434656E-11
-0.19673966571377E-11
-0.11625684317463E-10
-0.54352339586077E-13
 0.79816472344526E-11
-0.33534178466155E-11
 0.11282600193092E-10
-0.80515811381680E-11
 0.73074421630519E-11
 0.58249974464304E-11
-0.39165943372093E-11
 0.50717698088611E-11
 0.51687734642084E-11
-0.95259626748254E-12
 0.10196374284007E-13
-0.38941076068301E-11
-0.48999784592223E-11
-0.10619399378785E-10
 0.19842596283873E-10
-0.39407210751465E-11
-0.24379890095168E-11
 0.88716808001859E-12
 0.13084776135159E-10
 0.11227348939749E-11
 0.11238962387155E-10
-0.85749932052455E-11
-0.30859961874842E-11
 0.90989499408516E-11
 0.85142112382423E-11
-0.11527582618901E-11
-0.78540908028486E-13
-0.72444175780712E-11
-0.72274761446272E-11
 0.10432348451162E-10
-0.85738737952622E-11
 0.11908021505308E-10
-0.67013262770014E-11
 0.48431576043090E-11
 0.47087170178098E-12
 0.36817501517195E-11
-0.10637665457886E-10
 0.37182941625748E-11
-0.29378204603694E-11
-0.80607346401785E-11
 0.64033529868579E-11
-0.35107970546040E-11
 0.95323656322452E-11
-0.62800944235995E-11
-0.28993782444791E-11
 0.44408670314828E-11
 0.15113866330460E-10
 0.14263255571508E-10
-0.56330256257482E-11
 0.70730343590922E-11
 0.67790369139024E-11
 0.24217272683914E-11
-0.87416769264932E-11
-0.28725321496228E-10
-0.11440716001062E-09
 0.37221601087519E-12
 0.10332827489618E-10
 0.67106197250560E-10
 0.96258889852098E-10
-0.41616904266201E-10
 0.14032915157651E-09
 0.28068182832662E-10
-0.28952361276257E-10
-0.33614968733398E-09
 0.30381885972379E-10
 0.45316749778849E-11
 0.11018374005822E-08
 0.16250717240793E-09
-0.14590826812699E-08
-0.29071019979993E-10
-0.13017335443767E-09
-0.15158997095537E-11
 0.22473607694056E-09
-0.37480347194375E-09
 0.56351353421262E-10
-0.12243034566524E-08
-0.52728853057007E-07
-0.24852228475456E-08
-0.10021590699981E-09
 0.33906229480037E-09
 0.92776768329233E-10
-0.30417458591549E-07
-0.89396351102872E-10
-0.13424079386567E-09
 0.22990525859701E-08
 0.74742168679399E-09
 0.56951017698354E-09
 0.47588611121123E-08
 0.19948770300720E-09
 0.11111149759104E-08
 0.21434198350666E-09
 0.13692140959882E-08
 0.50880975746286E-09
 0.97660964966419E-09
 0.12308744891806E-08
-0.89527566691678E-09
 0.50913017581964E-09
 0.15803718293710E-08
-0.12077682943059E-08
-0.31159055128788E-07
-0.14635369236910E-08
-0.80842613660554E-09
 0.16593056564604E-08
-0.18567323619408E-08
-0.20786016624808E-06
-0.13311854837204E-09
 0.91044224651357E-09
-0.22316868188088E-07
-0.16757589392260E-10
 0.32955949173640E-09
-0.32950898140339E-07
 0.19556018407522E-08
-0.44021161000028E-09
 0.27654905303673E-08
 0.13979462531291E-08
 0.12450113844461E-08
 0.32342981072650E-09
-0.26581899491523E-09
-0.13841572761543E-08
 0.68379153801410E-09
 0.26992082881397E-09
 0.11401769821459E-08
-0.14484469247311E-08
-0.23110921628021E-10
-0.16403531788432E-08
 0.12230670056603E-08
 0.10374627939712E-06
-0.39808301953646E-08
-0.17343168096227E-09
 0.20414618721286E-09
-0.27472022878985E-08
-0.17264188107533E-06
 0.11721476690847E-08
 0.28888535693528E-09
-0.12350513371241E-08
 0.57670692950295E-09
-0.23291623040408E-08
-0.12573934401781E-07
-0.28735441872455E-08
 0.61048823363914E-10
-0.11093755181449E-08
-0.37491413726989E-09
 0.54491746617578E-08
 0.76848996037578E-07
 0.91362890703890E-08
-0.82451152744730E-10
-0.62182842404754E-09
-0.94795302845622E-09
 0.10233876463290E-08
-0.42530129195227E-08
 0.59349562003561E-08
-0.56235813008358E-08
-0.10549462298723E-08
-0.15383353459107E-08
 0.10045952760583E-08
 0.13030598525776E-08
-0.40282505642195E-09
 0.65001678590839E-09
 0.23343561268096E-08
 0.97582027023648E-05
-0.50537918221314E-10
 0.26232972802334E-08
-0.16301796293493E-08
 0.41842066313768E-08
-0.12596541857561E-08
-0.21098720032485E-08
-0.25080278368470E-08
 0.43850753183311E-08
-0.18113231991435E-08
-0.11003860712091E-07
 0.10646159006265E-07
 0.58150403202199E-08
-0.52091337146296E-09
-0.17867736503814E-09
 0.13103049284776E-08
-0.13439182219037E-08
-0.53635144851595E-09
-0.15906025465838E-09
 0.28643527045431E-08
-0.36832255342939E-08
 0.39396699904286E-08
 0.13031824491338E-07
 0.79181009464698E-07
-0.10427075925676E-08
-0.42714798320571E-08
-0.77605519962086E-08
 0.27642397979962E-08
-0.15464080126578E-08
-0.60705303961121E-08
-0.12607157511326E-08
 0.33317336545935E-09
-0.44331867536652E-08
 0.16159349214824E-10
 0.63630384680530E-08
-0.16412409891172E-08
-0.36847198632943E-08
-0.26182428354429E-07
 0.47152164133645E-07
-0.72756077861180E-08
-0.19290988837915E-08
 0.55420314171570E-08
 0.17551059238861E-08
 0.26698050652025E-08
 0.72607217043558E-09
-0.88681177313770E-09
 0.19034925598313E-08
-0.10508625768365E-08
-0.19238592695093E-09
-0.22330845172647E-08
-0.30243271875789E-08
