 0.00000000000000E+00
 0.00000000000000E+00
 0.00000000000000E+00
 0.73399243808346E-25
 0.00000000000000E+00
-0.81342573015581E-24
-0.33707094206917E-22
-0.63780646658013E-21
-0.48870214397071E-20
-0.29652651827402E-19
-0.20676524489233E-09
-0.73782333192549E-10
-0.33916410749527E-10
 0.20899717244599E-09
 0.50577391530465E-10
-0.12350726290420E-09
 0.13269144189468E-10
-0.53793083413347E-10
-0.79841066280700E-10
-0.34451188134303E-10
 0.47136118228250E-10
 0.36315379753428E-10
-0.16119175523369E-09
-0.74636059902074E-10
 0.92200582489250E-10
-0.21133879202155E-10
-0.25415653056884E-09
 0.20437197253530E-09
-0.48619125320903E-10
 0.13527331166132E-10
 0.93116514135906E-10
-0.63436190263438E-10
-0.17383168987387E-04
-0.57406820278063E-05
-0.31207342770959E-05
-0.92958740135261E-05
 0.10229806231049E-05
-0.27506752472746E-05
-0.16504473002743E-10
-0.41775064623272E-09
-0.16375348182596E-08
-0.21246199164603E-08
-0.33773640678758E-08
 0.55894724753071E-11
-0.39620949375501E-08
 0.17151759195823E-08
 0.56612551590959E-08
 0.55101164531466E-08
-0.29626692535261E-05
 0.78179284130304E-06
 0.42347136508483E-07
 0.26487773580777E-07
 0.16278557139511E-05
-0.18406959784062E-05
 0.44763004019748E-07
 0.50035639807771E-07
-0.32967221001678E-05
-0.14738358651432E-06
 0.66219125100825E-07
-0.17662710686459E-05
 0.19238119459612E-06
 0.26461569261623E-06
 0.33809537179723E-06
 0.39149229447147E-06
 0.46895395636414E-06
 0.24809293792460E-05
 0.15832423251764E-05
 0.73237910327533E-06
-0.15739897532734E-06
 0.23636528627497E-05
 0.68662400886177E-06
 0.11076842775365E-05
 0.10303597324694E-05
 0.21883825920625E-05
 0.38128257538615E-05
 0.51607833158568E-05
 0.54789000722984E-05
 0.57446158476419E-05
 0.42192332517086E-05
 0.84456462955540E-05
-0.37210611343109E-03
 0.10527724724280E-04
 0.11267720154359E-04
 0.17374802818912E-05
 0.59462376221225E-05
 0.20692297275670E-04
 0.25264099575171E-04
 0.30844399995735E-04
 0.29718312399606E-04
 0.22960448273372E-04
 0.32213652738365E-04
 0.53066918829813E-04
 0.58792022039318E-04
 0.53334964779999E-04
 0.58559106435734E-04
 0.68996812872405E-04
 0.75004864345121E-04
 0.85445152011103E-04
 0.65208783792729E-04
 0.99233676162152E-04
 0.89630840025308E-04
 0.10057565790120E-03
 0.10998089443316E-03
 0.12803037989517E-03
 0.13761308672939E-03
 0.14118786663742E-03
 0.20139923881593E-03
 0.17466951432450E-03
 0.17152987925072E-03
 0.15265733354689E-03
 0.20889556686837E-03
 0.84137182200132E-04
 0.18746882200565E-03
 0.18831529279705E-03
 0.17286384607530E-03
 0.17637880467418E-03
 0.13374238694269E-03
 0.12406714125826E-03
 0.26463455923487E-04
-0.31949711594812E-04
-0.48816478829910E-02
-0.23273197343059E-03
-0.45020794737264E-03
-0.60822783915249E-03
-0.11469099357539E-02
-0.16682994557070E-02
-0.20264985654552E-02
-0.53420259414705E-02
-0.36343025390743E-02
-0.59994015386026E-02
-0.92605396179337E-02
-0.13543257823841E-01
-0.18730688410169E-01
-0.40273043978086E-01
-0.38909721899256E-01
-0.66743317749323E-01
-0.12504195811346E+00
-0.21390732259551E+00
-0.48464704184197E+00
-0.72737041530145E+00
 0.16727225883938E-01
 0.56787998417941E+00
 0.48029527928066E+00
 0.33749733071262E+00
 0.26306250804248E+00
 0.20171841294091E+00
 0.12599889738453E+00
 0.13885676051217E+00
 0.12328503125536E+00
 0.10825625320656E+00
 0.98035771015629E-01
 0.87714055056214E-01
 0.84996220100604E-01
 0.77425935094690E-01
 0.10596576899903E+00
 0.66836424929224E-01
 0.65153534581017E-01
 0.62360029015202E-01
 0.59917065570875E-01
 0.57855304186815E-01
 0.56053596079561E-01
 0.54362886964467E-01
 0.52846706654419E-01
 0.51451534435424E-01
 0.47118572391600E-01
 0.49003281510530E-01
 0.49479707496066E-01
 0.46782715963041E-01
 0.45739690775643E-01
 0.47260697105710E-01
 0.43880142445097E-01
 0.42979250890006E-01
 0.39796289012706E-01
 0.41295876001053E-01
 0.40506663189524E-01
 0.38240005519509E-01
 0.39036465920790E-01
 0.38350966137768E-01
 0.37654244605245E-01
 0.37029527615078E-01
 0.36386869637978E-01
 0.35816169838938E-01
 0.35247722124210E-01
 0.34705079416113E-01
 0.34184254269141E-01
 0.33730846815034E-01
 0.33203028638978E-01
 0.34723532722813E-01
 0.32326090968806E-01
 0.31881418103902E-01
 0.31503391804277E-01
 0.31128189506516E-01
 0.30760397649339E-01
 0.30405850054234E-01
 0.30060187343684E-01
 0.29792606568882E-01
 0.29420397842362E-01
 0.29200503587474E-01
 0.28840480679490E-01
 0.28566573464248E-01
 0.28304461443025E-01
 0.27869661759181E-01
 0.27816021303339E-01
 0.27394057024086E-01
 0.27346543464334E-01
 0.27136680404858E-01
 0.26950061824857E-01
 0.26711700177830E-01
 0.26545600676660E-01
 0.26483190268200E-01
 0.26177707091727E-01
 0.26020377721636E-01
 0.25838354651311E-01
 0.25676003015313E-01
 0.25525375145835E-01
 0.25416700086444E-01
 0.25215508808096E-01
 0.25085607475586E-01
 0.24952714821270E-01
 0.24828144905681E-01
 0.24693684974159E-01
 0.24574291145982E-01
 0.24449908936609E-01
 0.24315057366783E-01
 0.24475884855040E-01
 0.24113649302602E-01
 0.24009550800801E-01
 0.23899524311081E-01
 0.23778651084984E-01
 0.23724664245220E-01
 0.23603263700006E-01
 0.23511234115229E-01
 0.23420125157307E-01
 0.23334885148738E-01
 0.23242966891974E-01
 0.23161379173104E-01
 0.23078695050960E-01
 0.23004591067335E-01
 0.22923172251653E-01
 0.22844044279148E-01
 0.22770081037363E-01
 0.22697643829747E-01
 0.22625406035879E-01
 0.22561597133749E-01
 0.22492348102781E-01
 0.22421412645485E-01
 0.22354642953606E-01
 0.22291080760161E-01
 0.22228272309440E-01
 0.22265532285651E-01
 0.22107234560999E-01
 0.22047615293615E-01
 0.22298762555274E-01
 0.21941510394793E-01
 0.21860223975406E-01
 0.21822710277755E-01
 0.21768828972470E-01
 0.21716061563006E-01
 0.21664165614040E-01
 0.21614333801942E-01
 0.21560647473994E-01
 0.21514847059821E-01
 0.21466646211221E-01
 0.21430698775568E-01
 0.21373134254693E-01
 0.21326894910929E-01
 0.21280370708925E-01
 0.21237516143964E-01
 0.21193939295122E-01
 0.21150566779097E-01
 0.21108545133272E-01
 0.21066696918710E-01
 0.21027628142154E-01
 0.20986396263286E-01
 0.20946008228690E-01
 0.20918823362184E-01
 0.20868048597601E-01
 0.20851050549263E-01
 0.20793036235312E-01
 0.20754820813445E-01
 0.20717023663349E-01
 0.20687394793286E-01
 0.20646215966386E-01
 0.20620189787300E-01
 0.20581340908716E-01
 0.20548186532610E-01
 0.20527380329677E-01
 0.20475937390975E-01
 0.20331392840547E-01
 0.20404931978900E-01
 0.20387271666789E-01
 0.20348733377462E-01
 0.20328582286831E-01
 0.20284533176512E-01
 0.20253571821108E-01
 0.81025508100050E-01
 0.20205972476366E-01
 0.20175912546898E-01
 0.20140722800420E-01
 0.20116324245965E-01
