 0.66119334572897+296
 0.81313789783642+143
 0.87118260932293E+92
 0.28515502039134E+67
 0.14590255183084E+52
 0.93335950146893E+41
 0.48821142750666E+34
 0.16885893378537E+29
 0.95501584040198E+24
 0.38194031365728E+21
 0.63357314058564E+18
 0.30546399151600E+16
 0.33462318130955E+14
 0.69856623749198E+12
 0.24429008694677E+11
 0.12991163224626E+10
 0.97568038632655E+08
 0.97703076119382E+07
 0.12465951327903E+07
 0.19542714852906E+06
 0.36552140343875E+05
 0.79627450364964E+04
 0.19806185740905E+04
 0.55326914319254E+03
 0.17116948414435E+03
 0.57963589750553E+02
 0.21270113616771E+02
 0.83856078811429E+01
 0.35255579056317E+01
 0.15705838952550E+01
 0.73722539369667E+00
 0.36284360179766E+00
 0.18644320309487E+00
 0.11902933471593E+05
 0.65937216002611E+04
 0.37748376645837E+04
 0.50060515843667E+04
 0.30372911807137E+04
 0.30347863505947E+04
 0.24099041862189E+04
 0.19365389566149E+04
 0.15734426341425E+04
 0.12916643030789E+04
 0.10705763250060E+04
 0.89533650986337E+03
 0.75510190155375E+03
 0.64186772282156E+03
 0.54966239320343E+03
 0.47398352991252E+03
 0.41140331854310E+03
 0.35928783644685E+03
 0.31559951739683E+03
 0.27874525257675E+03
 0.24746980454383E+03
 0.22077939689168E+03
 0.19788020773351E+03
 0.17813401987196E+03
 0.16102423301979E+03
 0.14613104618706E+03
 0.13311103292035E+03
 0.12168119464033E+03
 0.11160792422853E+03
 0.10269644284861E+03
 0.94784550317988E+02
 0.87735982401087E+02
 0.81435954754007E+02
 0.75787386521403E+02
 0.70707452910058E+02
 0.66125914142778E+02
 0.61982444406412E+02
 0.58225257568900E+02
 0.54809734307891E+02
 0.51697084199134E+02
 0.48853846695482E+02
 0.46250848130354E+02
 0.43862582881437E+02
 0.41666729746322E+02
 0.39643733864695E+02
 0.37776230524980E+02
 0.36049047871862E+02
 0.34448698913451E+02
 0.32969860144462E+02
 0.31588842775360E+02
 0.30302537295192E+02
 0.29102500581408E+02
 0.27981141758786E+02
 0.26931643234353E+02
 0.25947909094241E+02
 0.25024360777524E+02
 0.24156039978681E+02
 0.23338421321455E+02
 0.22567416429891E+02
 0.21839319661756E+02
 0.21150699217005E+02
 0.20498484751599E+02
 0.19879842607268E+02
 0.19292195365628E+02
 0.18733128715897E+02
 0.18200465295839E+02
 0.17692182196819E+02
 0.17206417953824E+02
 0.16741409801257E+02
 0.16295555275773E+02
 0.15867361896250E+02
 0.15455399369983E+02
 0.15058357166442E+02
 0.14675003601232E+02
 0.14304517117010E+02
 0.13945083031925E+02
 0.13595988397249E+02
 0.13256202190366E+02
 0.12924758106779E+02
 0.12600714417212E+02
 0.12283145572295E+02
 0.11971163727216E+02
 0.11663879921731E+02
 0.11360425089154E+02
 0.11059920785280E+02
 0.10761493156748E+02
 0.10464248065020E+02
 0.10167272288262E+02
 0.98697353323618E+01
 0.95704544758900E+01
 0.92684839713164E+01
 0.89627198242223E+01
 0.86519728773176E+01
 0.83349395784841E+01
 0.80101865473863E+01
 0.76761374852737E+01
 0.73308789058508E+01
 0.69723131541309E+01
 0.65979120831272E+01
 0.62045942036598E+01
 0.57885708064633E+01
 0.53449530803033E+01
 0.48673199219982E+01
 0.43469624385608E+01
 0.37721704751986E+01
 0.31298375564318E+01
 0.24275807183313E+01
 0.17850652563061E+01
 0.13723052097259E+01
 0.11411287518503E+01
 0.10009845423729E+01
 0.90779406900709E+00
 0.84156598621149E+00
 0.79230982152223E+00
 0.75450210865359E+00
 0.72483385903343E+00
 0.70119230124880E+00
 0.68216026336726E+00
 0.66674396291594E+00
 0.65422566106659E+00
 0.64406901062313E+00
 0.63586398471315E+00
 0.62928986787881E+00
 0.62409234055091E+00
 0.62006449454045E+00
 0.61703521347121E+00
 0.61486630076769E+00
 0.61343777480673E+00
 0.61264707788112E+00
 0.61241118195981E+00
 0.61265236653078E+00
 0.61330783344593E+00
 0.61432295084403E+00
 0.61564543620513E+00
 0.61723562085608E+00
 0.61905232726145E+00
 0.62106418495389E+00
 0.62324334114151E+00
 0.62556156976819E+00
 0.62799767622545E+00
 0.63053368084130E+00
 0.63314851833368E+00
 0.63582887709198E+00
 0.63856335868569E+00
 0.64133639555739E+00
 0.64413983045710E+00
 0.64696690555483E+00
 0.64980565186569E+00
 0.65265155256788E+00
 0.65549887266507E+00
 0.65834479732539E+00
 0.66118057157183E+00
 0.66400479085416E+00
 0.66681430128028E+00
 0.66960647983794E+00
 0.67238129261012E+00
 0.67513229045569E+00
 0.67786021089682E+00
 0.68056376555064E+00
 0.68324432360264E+00
 0.68589609246026E+00
 0.68852095196151E+00
 0.69111838622365E+00
 0.69368802863545E+00
 0.69622963645005E+00
 0.69874554188561E+00
 0.70121386447839E+00
 0.70367123085656E+00
 0.70610047145414E+00
 0.70850172995307E+00
 0.71087520399976E+00
 0.71322112641506E+00
 0.71553977235592E+00
 0.71783143624833E+00
 0.72009643795243E+00
 0.72233512062015E+00
 0.72454784027698E+00
 0.72673495959270E+00
 0.72889686318266E+00
 0.73103392964977E+00
 0.73314654895339E+00
 0.73523511239781E+00
 0.73730001193051E+00
 0.73934164077118E+00
 0.74136038839345E+00
 0.74335664709963E+00
 0.74533080083713E+00
 0.74728323268974E+00
 0.74921431819661E+00
 0.75112443085692E+00
 0.75301393808022E+00
 0.75488320134229E+00
 0.75673257385827E+00
 0.75856241003847E+00
 0.76037305075769E+00
 0.76216483222318E+00
 0.76393808523774E+00
 0.76569313216811E+00
 0.76743029198350E+00
 0.76914987376048E+00
 0.77085217774474E+00
 0.77253750974818E+00
 0.77420615613627E+00
 0.77585840103329E+00
 0.77749452395388E+00
 0.77911479585240E+00
 0.78071948453367E+00
 0.78230884933875E+00
 0.78388314377377E+00
 0.78544261387890E+00
 0.78698750927857E+00
 0.78851806395912E+00
 0.79003450986352E+00
 0.79153707384695E+00
 0.79302597767355E+00
 0.79450143802823E+00
 0.79596366683277E+00
 0.79741287064037E+00
 0.79884925209954E+00
 0.80027300914137E+00
 0.80168433144588E+00
 0.80308341532956E+00
 0.80447044250067E+00
 0.80584559357139E+00
 0.80720904534779E+00
 0.80856097087913E+00
 0.80990153929822E+00
 0.81123091644116E+00
 0.81254926421388E+00
 0.81385674109454E+00
 0.81515350233550E+00
 0.81643969557541E+00
 0.81771547747259E+00
 0.81898098995886E+00
 0.82023637515693E+00
 0.82148177259131E+00
 0.82271731903488E+00
 0.82394314809747E+00
 0.82515939097797E+00
 0.82636617618402E+00
 0.82756362938848E+00
 0.82875187415317E+00
 0.82993103117699E+00
 0.83110121452721E+00
 0.83226254896812E+00
 0.83341514419678E+00
 0.83455911181353E+00
 0.83569456115240E+00
 0.83682159970562E+00
 0.83794033268313E+00
 0.83905086341311E+00
 0.84015329325425E+00
 0.84124772172550E+00
 0.84233424633309E+00
 0.84341296291406E+00
 0.84448396549233E+00
 0.84554734190340E+00
 0.84660319148493E+00
 0.84765159916420E+00
 0.84869265204088E+00
 0.84972643595474E+00
 0.85075303521440E+00
 0.85177242563032E+00
 0.85278490434059E+00
 0.85379044230671E+00
 0.85478911803000E+00
 0.85578100874961E+00
