 0.92306505013631E+02
 0.92306505013631E+02
 0.92306505013631E+02
 0.92306505013631E+02
 0.92306505013631E+02
 0.92306505013623E+02
 0.92306505013364E+02
 0.92306505009881E+02
 0.92306504983585E+02
 0.92306504851319E+02
 0.92306504356455E+02
 0.92306502873421E+02
 0.92306499125512E+02
 0.92306490838911E+02
 0.92306474371671E+02
 0.92306444366023E+02
 0.92306393423785E+02
 0.92306311925783E+02
 0.92306187854404E+02
 0.92306006779750E+02
 0.92305751870101E+02
 0.92305404022949E+02
 0.92304941996375E+02
 0.92304342635155E+02
 0.92303581068421E+02
 0.92302630949411E+02
 0.92301464717159E+02
 0.92300053800111E+02
 0.92298368850902E+02
 0.92296379975442E+02
 0.92294056891604E+02
 0.92291369142871E+02
 0.92288286222799E+02
 0.92284777531356E+02
 0.92280813226883E+02
 0.92276363317603E+02
 0.92271397782349E+02
 0.92265888729627E+02
 0.92259806204463E+02
 0.92253123491347E+02
 0.92245812850413E+02
 0.92237847562798E+02
 0.92229201523992E+02
 0.92219849212229E+02
 0.92209765713802E+02
 0.92198926649399E+02
 0.92187308171710E+02
 0.92174886898442E+02
 0.92161639861219E+02
 0.92147544418556E+02
 0.92132578208667E+02
 0.92116719038103E+02
 0.92099944797705E+02
 0.92082233335071E+02
 0.92063562361045E+02
 0.92043909309473E+02
 0.92023251201468E+02
 0.92001564486122E+02
 0.91978824905020E+02
 0.91955007296767E+02
 0.91930085437315E+02
 0.91904031833505E+02
 0.91876817537153E+02
 0.91848411915231E+02
 0.91818782439932E+02
 0.91787894444019E+02
 0.91755710871026E+02
 0.91722192065734E+02
 0.91687295411483E+02
 0.91650975124063E+02
 0.91613181918987E+02
 0.91573862690541E+02
 0.91532960302796E+02
 0.91490413068382E+02
 0.91446154495095E+02
 0.91400112921914E+02
 0.91352211098565E+02
 0.91302365693634E+02
 0.91250487219424E+02
 0.91196479026322E+02
 0.91140237193535E+02
 0.91081629790812E+02
 0.91020572169192E+02
 0.90956918873909E+02
 0.90890530731610E+02
 0.90821258392539E+02
 0.90748941501099E+02
 0.90673407504366E+02
 0.90594472178298E+02
 0.90511936816004E+02
 0.90425588605528E+02
 0.90335198956828E+02
 0.90240522051299E+02
 0.90141295665144E+02
 0.90037236469479E+02
 0.89928040783408E+02
 0.89813381274399E+02
 0.89692908524405E+02
 0.89566244067726E+02
 0.89432981122062E+02
 0.89292680083502E+02
 0.89144870570917E+02
 0.88989040836847E+02
 0.88824636816195E+02
 0.88651063959350E+02
 0.88467672575034E+02
 0.88273756024945E+02
 0.88068507071887E+02
 0.87851169011749E+02
 0.87620789278519E+02
 0.87376374622240E+02
 0.87116825253761E+02
 0.86840930730046E+02
 0.86547366077044E+02
 0.86234647986700E+02
 0.85901145792629E+02
 0.85545022215545E+02
 0.85164240493607E+02
 0.84756486375560E+02
 0.84319162606341E+02
 0.83849318363930E+02
 0.83343464274307E+02
 0.82797862935544E+02
 0.82207934018154E+02
 0.81568412267426E+02
 0.80873047832063E+02
 0.80114424094395E+02
 0.79283623492583E+02
 0.78369562208015E+02
 0.77358879252187E+02
 0.76234383010614E+02
 0.74973815465808E+02
 0.73548105066519E+02
 0.71917410530476E+02
 0.70025177955965E+02
 0.67788489755118E+02
 0.65077872270178E+02
 0.61680360502427E+02
 0.57234293234281E+02
 0.51254017475489E+02
 0.44131707188792E+02
 0.38097968202336E+02
 0.33842088139965E+02
 0.30760800245170E+02
 0.28394981597872E+02
 0.26491844988263E+02
 0.24908354310157E+02
 0.23557835149513E+02
 0.22384230202583E+02
 0.21349562610593E+02
 0.20426797822789E+02
 0.19596203850861E+02
 0.18842894249767E+02
 0.18155319890470E+02
 0.17524364651158E+02
 0.16942721348671E+02
 0.16404362068431E+02
 0.15904368926393E+02
 0.15438543661364E+02
 0.15003478751823E+02
 0.14596122928565E+02
 0.14213827990480E+02
 0.13854458462052E+02
 0.13515923111326E+02
 0.13196542017126E+02
 0.12894825681123E+02
 0.12609279429744E+02
 0.12338787015238E+02
 0.12082108653874E+02
 0.11838301402511E+02
 0.11606521356055E+02
 0.11385789644280E+02
 0.11175423915728E+02
 0.10974795853415E+02
 0.10783131667804E+02
 0.10599917057356E+02
 0.10424685804986E+02
 0.10256797191554E+02
 0.10095869167329E+02
 0.99415585965204E+01
 0.97933164496856E+01
 0.96508628912419E+01
 0.95138657778880E+01
 0.93820973259944E+01
 0.92551024943025E+01
 0.91326998275310E+01
 0.90146407932532E+01
 0.89006962504047E+01
 0.87907356073762E+01
 0.86843855027229E+01
 0.85815466094453E+01
 0.84820446668152E+01
 0.83858093105114E+01
 0.82924986289121E+01
 0.82020668527332E+01
 0.81143793440034E+01
 0.80293104361715E+01
 0.79467421266276E+01
 0.78666596066840E+01
 0.77881113619139E+01
 0.77124187564354E+01
 0.76388204888755E+01
 0.75672294626098E+01
 0.74975634571957E+01
 0.74297448952893E+01
 0.73637002965324E+01
 0.72993603319553E+01
 0.72366593227847E+01
 0.71755350276636E+01
 0.71159284553343E+01
 0.70577836639736E+01
 0.70010474844333E+01
 0.69456694659860E+01
 0.68916016068222E+01
 0.68387982457563E+01
 0.67872159143079E+01
 0.67368131942723E+01
 0.66875505714855E+01
 0.66393904501671E+01
 0.65922968547674E+01
 0.65462354473794E+01
 0.65011734270176E+01
 0.64570794158139E+01
 0.64139233955636E+01
 0.63716766305103E+01
 0.63303115300567E+01
 0.62898018441285E+01
 0.62501222168048E+01
 0.62112483833864E+01
 0.61731570499558E+01
 0.61358258543941E+01
 0.60992332985429E+01
 0.60633587306143E+01
 0.60281821939539E+01
 0.59936847494960E+01
 0.59598479166179E+01
 0.59266539785441E+01
 0.58940858625622E+01
 0.58621271230065E+01
 0.58307618928527E+01
 0.57999748761518E+01
 0.57697513130972E+01
 0.57400768308419E+01
 0.57109379047575E+01
 0.56823211277191E+01
 0.56542136505596E+01
 0.56266030543476E+01
 0.55994773293107E+01
 0.55728248579106E+01
 0.55466343977843E+01
 0.55208950680836E+01
 0.54955963308033E+01
 0.54707279795561E+01
 0.54462799830864E+01
 0.54222430399735E+01
 0.53986077226446E+01
 0.53753650178098E+01
 0.53525061859515E+01
 0.53300227473192E+01
 0.53079064723944E+01
 0.52861493711651E+01
 0.52647436863008E+01
 0.52436818826951E+01
 0.52229566398005E+01
 0.52025606809782E+01
 0.51824874155541E+01
 0.51627299669951E+01
 0.51432817941157E+01
 0.51241365386724E+01
 0.51052880153310E+01
 0.50867302061032E+01
 0.50684572530688E+01
 0.50504634537860E+01
 0.50327432564981E+01
 0.50152912534420E+01
 0.49981021784148E+01
 0.49811707166044E+01
 0.49644922290983E+01
 0.49480616735960E+01
 0.49318742917194E+01
 0.49159254523411E+01
 0.49002106390197E+01
 0.48847254473045E+01
 0.48694655805520E+01
 0.48544268466990E+01
 0.48396051552574E+01
 0.48249965141482E+01
 0.48105970264208E+01
 0.47964028877493E+01
 0.47824101812336E+01
 0.47686156747822E+01
 0.47550156425319E+01
 0.47416066133625E+01
 0.47283852050645E+01
 0.47153481132644E+01
 0.47024923213331E+01
 0.46898142423919E+01
 0.46773110094415E+01
 0.46649796059648E+01
 0.46528170822396E+01
