 0.76286858587249E+01
 0.76286858568627E+01
 0.76286858364337E+01
 0.76286857488885E+01
 0.76286855080337E+01
 0.76286849909938E+01
 0.76286840396533E+01
 0.76286824621984E+01
 0.76286800404236E+01
 0.76286765546300E+01
 0.76286718391324E+01
 0.76286658733373E+01
 0.76286589000078E+01
 0.76286515518382E+01
 0.76286449645312E+01
 0.76286419804709E+01
 0.76286427015890E+01
 0.76286524178825E+01
 0.76286735186829E+01
 0.76287113032123E+01
 0.76287690686731E+01
 0.76288530149411E+01
 0.76289669765295E+01
 0.76291176753598E+01
 0.76293099334652E+01
 0.76295475860300E+01
 0.76298372633486E+01
 0.76301829691140E+01
 0.76305877070179E+01
 0.76310571598348E+01
 0.76315928923220E+01
 0.76321997116455E+01
 0.76328791483359E+01
 0.76336320225414E+01
 0.76344617356145E+01
 0.76353674294020E+01
 0.76363515393975E+01
 0.76374123055441E+01
 0.76385503052700E+01
 0.76397660971029E+01
 0.76410566030596E+01
 0.76424214671047E+01
 0.76438603598856E+01
 0.76453692864337E+01
 0.76469483033998E+01
 0.76485931996717E+01
 0.76503025543172E+01
 0.76520739108213E+01
 0.76539058165774E+01
 0.76557934148880E+01
 0.76577349715721E+01
 0.76597277303484E+01
 0.76617700391633E+01
 0.76638568584390E+01
 0.76659864174254E+01
 0.76681559454384E+01
 0.76703638190599E+01
 0.76726051142649E+01
 0.76748781996743E+01
 0.76771804776175E+01
 0.76795093951653E+01
 0.76818636204394E+01
 0.76842385097980E+01
 0.76866328014564E+01
 0.76890442622923E+01
 0.76914707294745E+01
 0.76939112643809E+01
 0.76963616639775E+01
 0.76988210979348E+01
 0.77012877734632E+01
 0.77037599775412E+01
 0.77062372019914E+01
 0.77087157513985E+01
 0.77111952410279E+01
 0.77136743412729E+01
 0.77161518063434E+01
 0.77186264843116E+01
 0.77210984444694E+01
 0.77235645223063E+01
 0.77260249147878E+01
 0.77284788540932E+01
 0.77309257889941E+01
 0.77333660082438E+01
 0.77357969701534E+01
 0.77382193299762E+01
 0.77406327991027E+01
 0.77430371815328E+01
 0.77454334789673E+01
 0.77478195620036E+01
 0.77501965821271E+01
 0.77525647641566E+01
 0.77549244400859E+01
 0.77572771629932E+01
 0.77596213431292E+01
 0.77619587163671E+01
 0.77642901043885E+01
 0.77666175467762E+01
 0.77689400307652E+01
 0.77712598282854E+01
 0.77735783503280E+01
 0.77758982620538E+01
 0.77782192212681E+01
 0.77805442069324E+01
 0.77828764388417E+01
 0.77852163001797E+01
 0.77875674216235E+01
 0.77899337574191E+01
 0.77923168163729E+01
 0.77947206732817E+01
 0.77971504870109E+01
 0.77996086392654E+01
 0.78021008828951E+01
 0.78046335863592E+01
 0.78072106516858E+01
 0.78098406255015E+01
 0.78125289088829E+01
 0.78152856242431E+01
 0.78181180894631E+01
 0.78210385998794E+01
 0.78240579460923E+01
 0.78271886892591E+01
 0.78304484351465E+01
 0.78338532186074E+01
 0.78374239433267E+01
 0.78411838290425E+01
 0.78451630662900E+01
 0.78493955447887E+01
 0.78539205885008E+01
 0.78587899310385E+01
 0.78640656988183E+01
 0.78698257731424E+01
 0.78761743922446E+01
 0.78832459508154E+01
 0.78912237346280E+01
 0.79003709166156E+01
 0.79110704752010E+01
 0.79239163185667E+01
 0.79398681930007E+01
 0.79604786458171E+01
 0.79873960460221E+01
 0.80165979871017E+01
 0.80355069124291E+01
 0.80422061852201E+01
 0.80412217257118E+01
 0.80356026963420E+01
 0.80270047986367E+01
 0.80163774454487E+01
 0.80043093941632E+01
 0.79911894510045E+01
 0.79772915521198E+01
 0.79628137580466E+01
 0.79479087781187E+01
 0.79326950889603E+01
 0.79172678135558E+01
 0.79017047887590E+01
 0.78860712292427E+01
 0.78704204597365E+01
 0.78547994254703E+01
 0.78392477338256E+01
 0.78237989784994E+01
 0.78084821418994E+01
 0.77933221352664E+01
 0.77783397161418E+01
 0.77635528220377E+01
 0.77489760533627E+01
 0.77346213700790E+01
 0.77204986490640E+01
 0.77066151930840E+01
 0.76929768019577E+01
 0.76795872448476E+01
 0.76664491568410E+01
 0.76535629669655E+01
 0.76409289000265E+01
 0.76285457414663E+01
 0.76164116930919E+01
 0.76045239559056E+01
 0.75928791367935E+01
 0.75814736108263E+01
 0.75703030841743E+01
 0.75593629539787E+01
 0.75486486351053E+01
 0.75381550993026E+01
 0.75278772851816E+01
 0.75178099790174E+01
 0.75079481737054E+01
 0.74982866132088E+01
 0.74888201545396E+01
 0.74795437025899E+01
 0.74704521650574E+01
 0.74615407470130E+01
 0.74528045324517E+01
 0.74442387855885E+01
 0.74358388161088E+01
 0.74276002608068E+01
 0.74195186652314E+01
 0.74115897695444E+01
 0.74038094408868E+01
 0.73961736684064E+01
 0.73886785074030E+01
 0.73813202770902E+01
 0.73740953486906E+01
 0.73670001504024E+01
 0.73600312718999E+01
 0.73531854103218E+01
 0.73464593145697E+01
 0.73398500147284E+01
 0.73333544646275E+01
 0.73269697766049E+01
 0.73206931571779E+01
 0.73145219039283E+01
 0.73084533528014E+01
 0.73024850847482E+01
 0.72966146008878E+01
 0.72908395343286E+01
 0.72851575955312E+01
 0.72795665685113E+01
 0.72740643071587E+01
 0.72686486854034E+01
 0.72633177882570E+01
 0.72580696165113E+01
 0.72529022793869E+01
 0.72478139459725E+01
 0.72428028399011E+01
 0.72378672387847E+01
 0.72330054719601E+01
 0.72282158753308E+01
 0.72234969628211E+01
 0.72188471634942E+01
 0.72142649939598E+01
 0.72097490136595E+01
 0.72052978238378E+01
 0.72009100640940E+01
 0.71965844134213E+01
 0.71923195481442E+01
 0.71881142971096E+01
 0.71839674064734E+01
 0.71798776935149E+01
 0.71758440074155E+01
 0.71718652289181E+01
 0.71679402673865E+01
 0.71640680616780E+01
 0.71602475782843E+01
 0.71564777746512E+01
 0.71527577404260E+01
 0.71490864844818E+01
 0.71454630739416E+01
 0.71418866000219E+01
 0.71383561765342E+01
 0.71348709391907E+01
 0.71314300448478E+01
 0.71280326710453E+01
 0.71246780149665E+01
 0.71213652931084E+01
 0.71180937102698E+01
 0.71148625806437E+01
 0.71116711452145E+01
 0.71085186910109E+01
 0.71054045223344E+01
 0.71023279594899E+01
 0.70992883383637E+01
 0.70962850098276E+01
 0.70933173395185E+01
 0.70903847072640E+01
 0.70874865066932E+01
 0.70846221179588E+01
 0.70817910150875E+01
 0.70789926048884E+01
 0.70762263317394E+01
 0.70734916527973E+01
 0.70707880369265E+01
 0.70681149644424E+01
 0.70654719266383E+01
 0.70628584255828E+01
 0.70602739738897E+01
 0.70577180942698E+01
 0.70551903194955E+01
 0.70526901680305E+01
 0.70502172392225E+01
 0.70477710715627E+01
 0.70453512340220E+01
 0.70429573053325E+01
 0.70405888727157E+01
 0.70382455317512E+01
 0.70359268860919E+01
 0.70336325472930E+01
 0.70313621346171E+01
 0.70291152748717E+01
 0.70268916021761E+01
 0.70246907578223E+01
 0.70225123688552E+01
 0.70203561322901E+01
 0.70182216903627E+01
 0.70161087103246E+01
 0.70140168667683E+01
 0.70119458405545E+01
 0.70098953403581E+01
 0.70078650150168E+01
 0.70058545855341E+01
 0.70038637562429E+01
 0.70018922369981E+01
