 0.10940884206962E+00
 0.10940884206962E+00
 0.10940884206962E+00
 0.10940884206962E+00
 0.10940884206962E+00
 0.10940884206962E+00
 0.10940884206962E+00
 0.10940884206962E+00
 0.10940884206962E+00
 0.10940884206962E+00
 0.10940884206962E+00
 0.10940884206962E+00
 0.10940884206962E+00
 0.10940884206962E+00
 0.10940884206962E+00
 0.10940860966575E+00
 0.10940860966575E+00
 0.10940836095170E+00
 0.10940810315743E+00
 0.10940757740432E+00
 0.10940702338544E+00
 0.10940614034706E+00
 0.10940515375523E+00
 0.10940370379205E+00
 0.10940181375769E+00
 0.10939968022255E+00
 0.10939687317737E+00
 0.10939344199410E+00
 0.10938956608421E+00
 0.10938478678684E+00
 0.10937940246523E+00
 0.10937294727876E+00
 0.10936553173671E+00
 0.10935731270066E+00
 0.10934782088570E+00
 0.10933736590717E+00
 0.10932549275570E+00
 0.10931251984895E+00
 0.10929820670851E+00
 0.10928224602948E+00
 0.10926500129397E+00
 0.10924622179632E+00
 0.10922559856375E+00
 0.10920351542204E+00
 0.10917949593932E+00
 0.10915388791798E+00
 0.10912644658807E+00
 0.10909711061145E+00
 0.10906559801084E+00
 0.10903229122488E+00
 0.10899693658152E+00
 0.10895947689523E+00
 0.10891963139017E+00
 0.10887778972622E+00
 0.10883369349088E+00
 0.10878728607749E+00
 0.10873828995195E+00
 0.10868708517876E+00
 0.10863341027617E+00
 0.10857720400065E+00
 0.10851840639723E+00
 0.10845672934761E+00
 0.10839254445672E+00
 0.10832557260025E+00
 0.10825573673477E+00
 0.10818295796682E+00
 0.10810693036527E+00
 0.10802799551105E+00
 0.10794584874442E+00
 0.10786038370150E+00
 0.10777148848467E+00
 0.10767882679509E+00
 0.10758269004610E+00
 0.10748273479846E+00
 0.10737880852384E+00
 0.10727074895449E+00
 0.10715838131544E+00
 0.10704129904037E+00
 0.10691972590358E+00
 0.10679323726930E+00
 0.10666159737824E+00
 0.10652450781046E+00
 0.10638156701932E+00
 0.10623286455971E+00
 0.10607788578077E+00
 0.10591629529578E+00
 0.10574773496685E+00
 0.10557160845249E+00
 0.10538791875703E+00
 0.10519602433259E+00
 0.10499545312635E+00
 0.10478570043633E+00
 0.10456601133447E+00
 0.10433622613644E+00
 0.10409552275908E+00
 0.10384323811542E+00
 0.10357845147082E+00
 0.10330081314782E+00
 0.10300930951096E+00
 0.10270306646286E+00
 0.10238093534761E+00
 0.10204232046886E+00
 0.10168594204470E+00
 0.10131043231497E+00
 0.10091493398594E+00
 0.10049790665209E+00
 0.10005769236583E+00
 0.99592999663056E-01
 0.99102118861126E-01
 0.98582916263949E-01
 0.98033767676633E-01
 0.97452298255585E-01
 0.96835915028034E-01
 0.96182398935794E-01
 0.95488495804010E-01
 0.94751431352821E-01
 0.93967347980571E-01
 0.93132763346055E-01
 0.92243015073586E-01
 0.91293508233269E-01
 0.90279036752713E-01
 0.89192990377592E-01
 0.88028990502522E-01
 0.86779037407357E-01
 0.85434261368202E-01
 0.83983828898684E-01
 0.82415485808195E-01
 0.80715051054406E-01
 0.78864696692204E-01
 0.76843619600184E-01
 0.74625927685717E-01
 0.72178385631623E-01
 0.69459309251224E-01
 0.66413442878800E-01
 0.62964604916660E-01
 0.59006505982258E-01
 0.54381928420612E-01
 0.48851943137393E-01
 0.42063039241436E-01
 0.33732125514981E-01
 0.25008607534180E-01
 0.18637658964063E-01
 0.14706260480186E-01
 0.12150197482000E-01
 0.10353017488540E-01
 0.90117300731089E-02
 0.79666150791353E-02
 0.71261428068603E-02
 0.64338079281419E-02
 0.58527736505768E-02
 0.53577734445615E-02
 0.49309166522972E-02
 0.45590986129980E-02
 0.42324474573465E-02
 0.39433772583373E-02
 0.36859556117529E-02
 0.34554328445453E-02
 0.32480046857509E-02
 0.30605284798822E-02
 0.28904648978789E-02
 0.27356390167219E-02
 0.25942144585771E-02
 0.24646932422072E-02
 0.23457147003747E-02
 0.22361660737854E-02
 0.21350827683864E-02
 0.20415701285335E-02
 0.19549186959596E-02
 0.18744300519641E-02
 0.17995443331017E-02
 0.17297682215041E-02
 0.16646007124465E-02
 0.16036580800151E-02
 0.15465952268497E-02
 0.14930473496969E-02
 0.14427420786197E-02
 0.13954353266988E-02
 0.13508505409363E-02
 0.13087936894275E-02
 0.12690908642007E-02
 0.12315253064607E-02
 0.11959583515111E-02
 0.11622453161746E-02
 0.11302737257800E-02
 0.10998823421342E-02
 0.10709819010860E-02
 0.10434715595714E-02
 0.10172594317041E-02
 0.99227991570019E-03
 0.96841599042889E-03
 0.94561618253604E-03
 0.92381471320831E-03
 0.90297084800999E-03
 0.88298755232731E-03
 0.86383415999087E-03
 0.84546255625730E-03
 0.82782828873147E-03
 0.81089011283901E-03
 0.79462912971027E-03
 0.77897018948324E-03
 0.76390006933797E-03
 0.74938834143007E-03
 0.73540595574596E-03
 0.72192599478726E-03
 0.70894259594509E-03
 0.69639309701021E-03
 0.68427517028019E-03
 0.67256829183383E-03
 0.66125284007983E-03
 0.65031105813719E-03
 0.63974518163420E-03
 0.62949946583138E-03
 0.61957863101037E-03
 0.60996855851208E-03
 0.60065576445857E-03
 0.59162752002353E-03
 0.58287179960879E-03
 0.57439662918991E-03
 0.56615211775965E-03
 0.55814762496232E-03
 0.55037372248268E-03
 0.54282126705380E-03
 0.53548157988235E-03
 0.52834642235536E-03
 0.52140796839041E-03
 0.51467831387377E-03
 0.50811106362217E-03
 0.50171900787783E-03
 0.49549600985383E-03
 0.48943596250330E-03
 0.48353304127163E-03
 0.47778168833563E-03
 0.47217660151453E-03
 0.46673255050533E-03
 0.46140488809832E-03
 0.45620862946668E-03
 0.45113969999408E-03
 0.44619387377601E-03
 0.44136710125769E-03
 0.43665550277940E-03
 0.43205536261442E-03
 0.42756311925719E-03
 0.42319534768134E-03
 0.41890877313736E-03
 0.41471982914515E-03
 0.41062593012079E-03
 0.40662418542521E-03
 0.40271180854288E-03
 0.39888612089489E-03
 0.39514454681108E-03
 0.39148460895239E-03
 0.38790392319101E-03
 0.38440019466857E-03
 0.38099084425107E-03
 0.37763461292749E-03
 0.37434841980972E-03
 0.37113081427518E-03
 0.36797990446364E-03
 0.36489385198294E-03
 0.36187088284860E-03
 0.35890928490730E-03
 0.35600740548138E-03
 0.35316364861436E-03
 0.35037647274601E-03
 0.34766406469695E-03
 0.34498593168062E-03
 0.34235939586937E-03
 0.33978376197253E-03
 0.33725775086460E-03
 0.33478010397652E-03
 0.33234960275574E-03
 0.32996506759956E-03
 0.32762535645728E-03
 0.32532936343287E-03
 0.32307601718754E-03
 0.32086427990355E-03
 0.31871284553530E-03
 0.31658183852343E-03
 0.31448868768142E-03
 0.31243327559485E-03
 0.31041474785810E-03
 0.30843224326869E-03
 0.30648492482697E-03
 0.30457198011921E-03
 0.30269262050472E-03
 0.30084608029717E-03
 0.29903161594634E-03
 0.29724850522301E-03
 0.29549604651799E-03
 0.29379328573359E-03
 0.29210084504581E-03
 0.29043604125647E-03
 0.28879922638012E-03
 0.28718984472425E-03
 0.28560730694459E-03
 0.28405106140609E-03
 0.28252049978244E-03
 0.28101509915887E-03
 0.27953433007802E-03
 0.27807767606050E-03
