 0.10000000133514E-09
 0.10000000133514E-09
 0.10000000133514E-09
 0.10000000133514E-09
 0.10000000133514E-09
 0.10000000133514E-09
 0.10000000133514E-09
 0.10000000133514E-09
 0.10000000133514E-09
 0.10000000133514E-09
 0.10000000133514E-09
 0.10000000133514E-09
 0.10000000133514E-09
 0.10000000133514E-09
 0.10000000133514E-09
 0.10000000133514E-09
 0.10000000133514E-09
 0.10000000133514E-09
 0.10000000133514E-09
 0.10000000133514E-09
 0.10000000133514E-09
 0.10000000133514E-09
 0.10000000133514E-09
 0.10000000133514E-09
 0.10000000133514E-09
 0.10000000133514E-09
 0.10000000133514E-09
 0.10000000133514E-09
 0.10000000133514E-09
 0.10000000133514E-09
 0.10000000133514E-09
 0.10000000133514E-09
 0.10000000133514E-09
 0.11946073999270E-04
 0.11946073999270E-04
 0.11946073999270E-04
 0.26848641206874E-04
 0.26848641206874E-04
 0.43093701177859E-04
 0.53680279362912E-04
 0.66192764828107E-04
 0.80859270135682E-04
 0.97919691739055E-04
 0.11762365600776E-03
 0.14023271217053E-03
 0.16601872525098E-03
 0.19526231943897E-03
 0.22825414192579E-03
 0.26529328785742E-03
 0.30668873061993E-03
 0.35275518064137E-03
 0.40381854551301E-03
 0.46021067111857E-03
 0.52227119941031E-03
 0.59034704881455E-03
 0.66479256875879E-03
 0.74596713430151E-03
 0.83423848976866E-03
 0.92997916494381E-03
 0.10335702929369E-02
 0.11453962528050E-02
 0.12658495550953E-02
 0.13953285540347E-02
 0.15342372191950E-02
 0.16829853235611E-02
 0.18419897061759E-02
 0.20116721581826E-02
 0.21924605614262E-02
 0.23847919142890E-02
 0.25891072475125E-02
 0.28058564560698E-02
 0.30354946001436E-02
 0.32784858665928E-02
 0.35353018996187E-02
 0.38064246642864E-02
 0.40923427862301E-02
 0.43935555218274E-02
 0.47105717171967E-02
 0.50439114955034E-02
 0.53941086502596E-02
 0.57617080446222E-02
 0.61485177555089E-02
 0.65527958395371E-02
 0.69762217375720E-02
 0.74194034236108E-02
 0.78829683236717E-02
 0.83675625158221E-02
 0.88738559768125E-02
 0.94025419649276E-02
 0.99543394535431E-02
 0.10529989638368E-01
 0.11130270372231E-01
 0.11755985764647E-01
 0.12407978767503E-01
 0.13087129614402E-01
 0.13794355810658E-01
 0.14530619979929E-01
 0.15296937201079E-01
 0.16094370698073E-01
 0.16924043084836E-01
 0.17787134136896E-01
 0.18684897918961E-01
 0.19618657080947E-01
 0.20589819397778E-01
 0.21599883108147E-01
 0.22650440673154E-01
 0.23743198380568E-01
 0.24880705053401E-01
 0.26063603494676E-01
 0.27294612325750E-01
 0.28576006181182E-01
 0.29910250297355E-01
 0.31300001032185E-01
 0.32748173759271E-01
 0.34257931881945E-01
 0.35832762738135E-01
 0.37476478062310E-01
 0.39193310661462E-01
 0.40987940928434E-01
 0.42865600949571E-01
 0.44832155367750E-01
 0.46895002274128E-01
 0.49060360112452E-01
 0.51337425078073E-01
 0.53736135516788E-01
 0.56268112331947E-01
 0.58946973741861E-01
 0.61788973833266E-01
 0.64814623775727E-01
 0.68046716132935E-01
 0.71516007968553E-01
 0.75261733537957E-01
 0.79333725747261E-01
 0.83800909379698E-01
 0.88760876760125E-01
 0.94355255920254E-01
 0.10080683997038E+00
 0.10848470826780E+00
 0.11803126597129E+00
 0.13038136877179E+00
 0.14519658530235E+00
 0.15891293716069E+00
 0.17012289419595E+00
 0.17964817275081E+00
 0.18818507060076E+00
 0.19612582811949E+00
 0.20369438085902E+00
 0.21102479374592E+00
 0.21820352143538E+00
 0.22528605206105E+00
 0.23231183891729E+00
 0.23930590805151E+00
 0.24628563545228E+00
 0.25326232670235E+00
 0.26024269571988E+00
 0.26722953431251E+00
 0.27422435238701E+00
 0.28122497310225E+00
 0.28822825206164E+00
 0.29522966716963E+00
 0.30222400759319E+00
 0.30920530032167E+00
 0.31616710563383E+00
 0.32310293203077E+00
 0.33000615303477E+00
 0.33687027357271E+00
 0.34368911929379E+00
 0.35045672779165E+00
 0.35716765657497E+00
 0.36381682099297E+00
 0.37039923906498E+00
 0.37691174006683E+00
 0.38335025294716E+00
 0.38971168361376E+00
 0.39599348650468E+00
 0.40219349813350E+00
 0.40830999085188E+00
 0.41434169628981E+00
 0.42028764795896E+00
 0.42614721689707E+00
 0.43192013460996E+00
 0.43760634173892E+00
 0.44320603747391E+00
 0.44871961717807E+00
 0.45414770936305E+00
 0.45949105164804E+00
 0.46475053445028E+00
 0.46992716492598E+00
 0.47502203317312E+00
 0.48003635227673E+00
 0.48497135838337E+00
 0.48982835443300E+00
 0.49460867182916E+00
 0.49931370995466E+00
 0.50394484907805E+00
 0.50850350061488E+00
 0.51299107774934E+00
 0.51740899788610E+00
 0.52175865958392E+00
 0.52604155092610E+00
 0.53025892139937E+00
 0.53441221551555E+00
 0.53850278634674E+00
 0.54253197237854E+00
 0.54650108606151E+00
 0.55041142274202E+00
 0.55426424654761E+00
 0.55806079786383E+00
 0.56180229499910E+00
 0.56548992783125E+00
 0.56912485595522E+00
 0.57270822038406E+00
 0.57624112730243E+00
 0.57972466136442E+00
 0.58315987959218E+00
 0.58654781245930E+00
 0.58988946602720E+00
 0.59318582058846E+00
 0.59643783107283E+00
 0.59964642839102E+00
 0.60281252062115E+00
 0.60593698965129E+00
 0.60902069714956E+00
 0.61206448181560E+00
 0.61506916036752E+00
 0.61803552848459E+00
 0.62096436108584E+00
 0.62385641313817E+00
 0.62671241946018E+00
 0.62953309680134E+00
 0.63231914168087E+00
 0.63507123551431E+00
 0.63779003918981E+00
 0.64047619722923E+00
 0.64313034050031E+00
 0.64575308003640E+00
 0.64834501244765E+00
 0.65090672070387E+00
 0.65343877091687E+00
 0.65594171762678E+00
 0.65841609926230E+00
 0.66086244084599E+00
 0.66328125591406E+00
 0.66567304444286E+00
 0.66803829408687E+00
 0.67037748068996E+00
 0.67269106861050E+00
 0.67497951101854E+00
 0.67724325012036E+00
 0.67948271765398E+00
 0.68169833453571E+00
 0.68389051238629E+00
 0.68605965296669E+00
 0.68820614853270E+00
 0.69033038203826E+00
 0.69243272805816E+00
 0.69451355210269E+00
 0.69657321137100E+00
 0.69861205502221E+00
 0.70063042417105E+00
 0.70262865258595E+00
 0.70460706622736E+00
 0.70656598384564E+00
 0.70850571726739E+00
 0.71042657116212E+00
 0.71232884377789E+00
 0.71421282698390E+00
 0.71607880592774E+00
 0.71792705983248E+00
 0.71975786204385E+00
 0.72157147975590E+00
 0.72336817479120E+00
 0.72514820342577E+00
 0.72691181633839E+00
 0.72865925936120E+00
 0.73039077285102E+00
 0.73210659222066E+00
 0.73380694842297E+00
 0.73549206726172E+00
 0.73716217028396E+00
 0.73881747430183E+00
 0.74045819201064E+00
 0.74208453164439E+00
 0.74369669740504E+00
 0.74529488944152E+00
 0.74687930401831E+00
 0.74845013341839E+00
 0.75000756630813E+00
 0.75155178765483E+00
 0.75308297883588E+00
 0.75460131779511E+00
 0.75610697903847E+00
 0.75760013372801E+00
 0.75908094987962E+00
 0.76054959233681E+00
 0.76200612302868E+00
 0.76345090198372E+00
 0.76488398336524E+00
 0.76630552006332E+00
 0.76771566225050E+00
