 0.35208866473290E+03
 0.35208866464696E+03
 0.35208866370409E+03
 0.35208865966359E+03
 0.35208864854737E+03
 0.35208862468426E+03
 0.35208858077581E+03
 0.35208850795785E+03
 0.35208839608477E+03
 0.35208823469955E+03
 0.35208801517642E+03
 0.35208773417879E+03
 0.35208739804120E+03
 0.35208702729150E+03
 0.35208666045454E+03
 0.35208640827932E+03
 0.35208624725118E+03
 0.35208638482922E+03
 0.35208688544773E+03
 0.35208793863753E+03
 0.35208963236362E+03
 0.35209217988791E+03
 0.35209567713041E+03
 0.35210034595516E+03
 0.35210631396986E+03
 0.35211365757215E+03
 0.35212257748032E+03
 0.35213314927696E+03
 0.35214539936575E+03
 0.35215947561922E+03
 0.35217533428876E+03
 0.35219308047980E+03
 0.35221266777283E+03
 0.35223401647823E+03
 0.35225716875601E+03
 0.35228196948945E+03
 0.35230841524880E+03
 0.35233631698281E+03
 0.35236558542363E+03
 0.35239614260052E+03
 0.35242773869262E+03
 0.35246025314673E+03
 0.35249356877657E+03
 0.35252740138336E+03
 0.35256165574103E+03
 0.35259604169381E+03
 0.35263039959083E+03
 0.35266452363424E+03
 0.35269825569955E+03
 0.35273128187884E+03
 0.35276343308480E+03
 0.35279449362244E+03
 0.35282429882982E+03
 0.35285252774268E+03
 0.35287900929978E+03
 0.35290352520641E+03
 0.35292590826400E+03
 0.35294583709830E+03
 0.35296313904760E+03
 0.35297759341896E+03
 0.35298897740711E+03
 0.35299711935675E+03
 0.35300168973834E+03
 0.35300250789465E+03
 0.35299934114521E+03
 0.35299195171813E+03
 0.35298014872093E+03
 0.35296358137535E+03
 0.35294204216325E+03
 0.35291526707446E+03
 0.35288298214135E+03
 0.35284495369795E+03
 0.35280078642915E+03
 0.35275021892629E+03
 0.35269292776845E+03
 0.35262857321121E+03
 0.35255679799291E+03
 0.35247727686674E+03
 0.35238951286555E+03
 0.35229313454914E+03
 0.35218769795364E+03
 0.35207266032670E+03
 0.35194769943206E+03
 0.35181212871964E+03
 0.35166543090957E+03
 0.35150700578453E+03
 0.35133621411388E+03
 0.35115242306818E+03
 0.35095481187620E+03
 0.35074265167655E+03
 0.35051511600067E+03
 0.35027132109516E+03
 0.35001037044256E+03
 0.34973116087028E+03
 0.34943265620594E+03
 0.34911369858083E+03
 0.34877309147052E+03
 0.34840941375551E+03
 0.34802127724696E+03
 0.34760714292788E+03
 0.34716539793772E+03
 0.34669417287608E+03
 0.34619158308180E+03
 0.34565558653272E+03
 0.34508385408230E+03
 0.34447398240610E+03
 0.34382335597645E+03
 0.34312885432456E+03
 0.34238766163392E+03
 0.34159623989764E+03
 0.34075076318566E+03
 0.33984712961369E+03
 0.33888082232320E+03
 0.33784675915602E+03
 0.33673942858618E+03
 0.33555259240554E+03
 0.33427939117335E+03
 0.33291204458923E+03
 0.33144187576670E+03
 0.32985900709900E+03
 0.32815221815012E+03
 0.32630834970322E+03
 0.32431315252571E+03
 0.32214921520265E+03
 0.31979645761601E+03
 0.31723112395520E+03
 0.31442490177993E+03
 0.31134364143967E+03
 0.30794496319012E+03
 0.30417765441308E+03
 0.29997565610827E+03
 0.29525342273033E+03
 0.28989890072789E+03
 0.28375818845554E+03
 0.27661243967707E+03
 0.26813975993009E+03
 0.25783580702963E+03
 0.24486696624302E+03
 0.22780618454996E+03
 0.20469306826323E+03
 0.17689307750851E+03
 0.15306824341969E+03
 0.13608252528000E+03
 0.12367720761587E+03
 0.11408539534522E+03
 0.10632508342276E+03
 0.99837384847594E+02
 0.94282100596695E+02
 0.89438312131868E+02
 0.85155842727466E+02
 0.81327393368069E+02
 0.77874420302032E+02
 0.74737467338462E+02
 0.71870264906813E+02
 0.69236178042008E+02
 0.66805753686416E+02
 0.64554613426153E+02
 0.62462813952750E+02
 0.60513284205458E+02
 0.58692100866227E+02
 0.56986782614335E+02
 0.55386470152538E+02
 0.53882342250508E+02
 0.52465791506688E+02
 0.51129844038954E+02
 0.49868297138328E+02
 0.48674962401505E+02
 0.47545141737930E+02
 0.46473690796493E+02
 0.45456634225691E+02
 0.44490402931991E+02
 0.43570928985562E+02
 0.42695309783865E+02
 0.41860866085514E+02
 0.41064385061404E+02
 0.40303661596639E+02
 0.39576689678154E+02
 0.38880818619682E+02
 0.38214394747427E+02
 0.37575924879672E+02
 0.36963152425536E+02
 0.36374850658143E+02
 0.35809607041815E+02
 0.35266412450736E+02
 0.34743414934777E+02
 0.34239800429615E+02
 0.33754511829225E+02
 0.33286573294190E+02
 0.32835384925285E+02
 0.32399448145668E+02
 0.31978294733160E+02
 0.31571182944900E+02
 0.31177763187794E+02
 0.30796682489424E+02
 0.30427694053665E+02
 0.30070225466109E+02
 0.29723742205569E+02
 0.29387742433289E+02
 0.29062109380481E+02
 0.28743272157966E+02
 0.28436055639492E+02
 0.28137595845221E+02
 0.27847522743225E+02
 0.27565487113207E+02
 0.27291159295437E+02
 0.27024227864980E+02
 0.26764398339635E+02
 0.26511392070815E+02
 0.26264945088053E+02
 0.26024807276665E+02
 0.25790741341157E+02
 0.25562522416344E+02
 0.25339936619227E+02
 0.25122780724931E+02
 0.24910861492189E+02
 0.24703995031532E+02
 0.24502006200226E+02
 0.24304727834998E+02
 0.24112001379941E+02
 0.23923674752305E+02
 0.23739602998851E+02
 0.23559647714762E+02
 0.23383676565162E+02
 0.23211563008412E+02
 0.23043185967021E+02
 0.22878429148673E+02
 0.22717182258904E+02
 0.22559338518137E+02
 0.22404795890527E+02
 0.22253456476042E+02
 0.22105226338057E+02
 0.21960015221367E+02
 0.21817736466860E+02
 0.21678306316675E+02
 0.21541645520110E+02
 0.21407676590260E+02
 0.21276325348865E+02
 0.21147520358030E+02
 0.21021192840494E+02
 0.20897276480661E+02
 0.20775707384387E+02
 0.20656423933454E+02
 0.20539366132355E+02
 0.20424477651673E+02
 0.20311702587331E+02
 0.20200987426125E+02
 0.20092280478744E+02
 0.19985531789524E+02
 0.19880693063953E+02
 0.19777717596072E+02
 0.19676560209356E+02
 0.19577177178602E+02
 0.19479526180824E+02
 0.19383565645988E+02
 0.19289257054132E+02
 0.19196561382732E+02
 0.19105441350054E+02
 0.19015860829741E+02
 0.18927784791501E+02
 0.18841179260297E+02
 0.18756011271154E+02
 0.18672248839079E+02
 0.18589860915409E+02
 0.18508817354815E+02
 0.18429088235240E+02
 0.18350646407638E+02
 0.18273463628697E+02
 0.18197513031539E+02
 0.18122768517046E+02
 0.18049204711933E+02
 0.17976796944920E+02
 0.17905521216462E+02
 0.17835354178835E+02
 0.17766273115561E+02
 0.17698255913725E+02
 0.17631281052501E+02
 0.17565326869139E+02
 0.17500374348787E+02
 0.17436402961739E+02
 0.17373393313603E+02
 0.17311326538518E+02
 0.17250184249522E+02
 0.17189948526661E+02
 0.17130601899553E+02
 0.17072127333698E+02
 0.17014508217587E+02
 0.16957728349401E+02
 0.16901771923205E+02
 0.16846623518182E+02
 0.16792267325326E+02
 0.16738690147496E+02
 0.16685876960216E+02
 0.16633813730473E+02
 0.16582486790450E+02
 0.16531882794785E+02
 0.16481989505691E+02
 0.16432792578093E+02
 0.16384280391732E+02
 0.16336440792915E+02
 0.16289261904153E+02
