 0.13570889471116E+03
 0.13570889471116E+03
 0.13570889471116E+03
 0.13570889471116E+03
 0.13570889471116E+03
 0.13570889471116E+03
 0.13570889471136E+03
 0.13570889471392E+03
 0.13570889473324E+03
 0.13570889483046E+03
 0.13570889519421E+03
 0.13570889628429E+03
 0.13570889903913E+03
 0.13570890513006E+03
 0.13570891723404E+03
 0.13570893929562E+03
 0.13570897673997E+03
 0.13570903665077E+03
 0.13570912785493E+03
 0.13570926096630E+03
 0.13570944835074E+03
 0.13570970405839E+03
 0.13571004369818E+03
 0.13571048430233E+03
 0.13571104415495E+03
 0.13571174262211E+03
 0.13571259998189E+03
 0.13571363724524E+03
 0.13571487599382E+03
 0.13571633823352E+03
 0.13571804624072E+03
 0.13572002244817E+03
 0.13572228931784E+03
 0.13572486938920E+03
 0.13572778467243E+03
 0.13573105727969E+03
 0.13573470938007E+03
 0.13573876157159E+03
 0.13574323600286E+03
 0.13574815246144E+03
 0.13575353149129E+03
 0.13575939292535E+03
 0.13576575617138E+03
 0.13577264021619E+03
 0.13578006365160E+03
 0.13578804468439E+03
 0.13579660117853E+03
 0.13580575068537E+03
 0.13581551049427E+03
 0.13582589767435E+03
 0.13583692914707E+03
 0.13584862174763E+03
 0.13586099230084E+03
 0.13587405769289E+03
 0.13588783497926E+03
 0.13590234146771E+03
 0.13591759483318E+03
 0.13593361321459E+03
 0.13595041535448E+03
 0.13596802072447E+03
 0.13598644965344E+03
 0.13600572349187E+03
 0.13602586473061E+03
 0.13604689721391E+03
 0.13606884627876E+03
 0.13609173895020E+03
 0.13611560414219E+03
 0.13614047279944E+03
 0.13616637821432E+03
 0.13619335617015E+03
 0.13622144520926E+03
 0.13625068689475E+03
 0.13628112596171E+03
 0.13631281076158E+03
 0.13634579345272E+03
 0.13638013030452E+03
 0.13641588204192E+03
 0.13645311425336E+03
 0.13649189746180E+03
 0.13653230795547E+03
 0.13657442789612E+03
 0.13661836093238E+03
 0.13666417582023E+03
 0.13671198748561E+03
 0.13676190686602E+03
 0.13681405330912E+03
 0.13686855530296E+03
 0.13692555149403E+03
 0.13698519039532E+03
 0.13704763268881E+03
 0.13711305108466E+03
 0.13718163178024E+03
 0.13725357578109E+03
 0.13732909849300E+03
 0.13740843360631E+03
 0.13749183282062E+03
 0.13757956873662E+03
 0.13767193404817E+03
 0.13776924738182E+03
 0.13787185327168E+03
 0.13798012627070E+03
 0.13809447007861E+03
 0.13821532660023E+03
 0.13834317767935E+03
 0.13847854479716E+03
 0.13862200185567E+03
 0.13877417819636E+03
 0.13893579487007E+03
 0.13910754775333E+03
 0.13929030416724E+03
 0.13948498389042E+03
 0.13969261492972E+03
 0.13991434139781E+03
 0.14015143199547E+03
 0.14040532197829E+03
 0.14067761241989E+03
 0.14097012846497E+03
 0.14128492596594E+03
 0.14162437130599E+03
 0.14199116576902E+03
 0.14238842919949E+03
 0.14281988958575E+03
 0.14328967692413E+03
 0.14380288539660E+03
 0.14436551444926E+03
 0.14498482943295E+03
 0.14566966104928E+03
 0.14643089674505E+03
 0.14728236758146E+03
 0.14824135726496E+03
 0.14933067299513E+03
 0.15058082103167E+03
 0.15203330036424E+03
 0.15374728181499E+03
 0.15581072796884E+03
 0.15836036279052E+03
 0.16162472340359E+03
 0.16601640896205E+03
 0.17234405424422E+03
 0.18212120323474E+03
 0.19626782206792E+03
 0.21123873582299E+03
 0.22412788408630E+03
 0.23508539698206E+03
 0.24468327507904E+03
 0.25331974819775E+03
 0.26124785294828E+03
 0.26863193298800E+03
 0.27558427933659E+03
 0.28218318943818E+03
 0.28848662637478E+03
 0.29453700676788E+03
 0.30036691762421E+03
 0.30600184887945E+03
 0.31146195836241E+03
 0.31676322910505E+03
 0.32191923065342E+03
 0.32694047110489E+03
 0.33183606273059E+03
 0.33661319837300E+03
 0.34127842142446E+03
 0.34583735407540E+03
 0.35029440288658E+03
 0.35465408902904E+03
 0.35891996832606E+03
 0.36309526786677E+03
 0.36718341262174E+03
 0.37118695506214E+03
 0.37510894775843E+03
 0.37895178558461E+03
 0.38271764401838E+03
 0.38640949209731E+03
 0.39002928684092E+03
 0.39357907597848E+03
 0.39706135158697E+03
 0.40047802136948E+03
 0.40383094037528E+03
 0.40712242709018E+03
 0.41035420912937E+03
 0.41352795591262E+03
 0.41664582953013E+03
 0.41970937446204E+03
 0.42272026085562E+03
 0.42567992492490E+03
 0.42859029457947E+03
 0.43145267995319E+03
 0.43426852471047E+03
 0.43703921231173E+03
 0.43976590002366E+03
 0.44245022696491E+03
 0.44509323641354E+03
 0.44769610427456E+03
 0.45025977459022E+03
 0.45278570511254E+03
 0.45527473667665E+03
 0.45772786352259E+03
 0.46014603586871E+03
 0.46253016482797E+03
 0.46488094364712E+03
 0.46720072062961E+03
 0.46948777747077E+03
 0.47174407042673E+03
 0.47397033500052E+03
 0.47616727769021E+03
 0.47833556777999E+03
 0.48047587170066E+03
 0.48258880508005E+03
 0.48467496698245E+03
 0.48673493394392E+03
 0.48876925946237E+03
 0.49077846797052E+03
 0.49276308759090E+03
 0.49472360316725E+03
 0.49666048983305E+03
 0.49857420521487E+03
 0.50046519039724E+03
 0.50233387109950E+03
 0.50418065116149E+03
 0.50600594113368E+03
 0.50781011717309E+03
 0.50959354980534E+03
 0.51135659692328E+03
 0.51309960535844E+03
 0.51482291078973E+03
 0.51652683835679E+03
 0.51821169654685E+03
 0.51987780446061E+03
 0.52152545194754E+03
 0.52315492669700E+03
 0.52476650840240E+03
 0.52636046853312E+03
 0.52793707157081E+03
 0.52949657420897E+03
 0.53103921980395E+03
 0.53256526543139E+03
 0.53407494142061E+03
 0.53556847868663E+03
 0.53704610275866E+03
 0.53850803322646E+03
 0.53995448485558E+03
 0.54138566690790E+03
 0.54280178376657E+03
 0.54420302896419E+03
 0.54558961069418E+03
 0.54696171359383E+03
 0.54831952435324E+03
 0.54966322579641E+03
 0.55099299691023E+03
 0.55230901295908E+03
 0.55361144564865E+03
 0.55490046315644E+03
 0.55617623044559E+03
 0.55743890923976E+03
 0.55868865201001E+03
 0.55992562664600E+03
 0.56114997998065E+03
 0.56236186178105E+03
 0.56356141928629E+03
 0.56474879713730E+03
 0.56592413742959E+03
 0.56708757985956E+03
 0.56823926168325E+03
 0.56937931788706E+03
 0.57050788122794E+03
 0.57162507617586E+03
 0.57273104324676E+03
 0.57382590311532E+03
 0.57490977996628E+03
 0.57598279630475E+03
 0.57704507275208E+03
 0.57809672805567E+03
 0.57913787922393E+03
 0.58016864152230E+03
 0.58118912849069E+03
 0.58219945208128E+03
 0.58319972256108E+03
 0.58419004266834E+03
 0.58517053144198E+03
 0.58614128895943E+03
 0.58710241925544E+03
 0.58805402509599E+03
 0.58899620790449E+03
 0.58992906770973E+03
 0.59085270321588E+03
 0.59176721182362E+03
 0.59267268964429E+03
 0.59356923153020E+03
 0.59445693111821E+03
 0.59533588083179E+03
 0.59620616599102E+03
 0.59706788832110E+03
 0.59792113137275E+03
 0.59876598268690E+03
 0.59960252900083E+03
 0.60043085599357E+03
 0.60125103469969E+03
 0.60206317617894E+03
 0.60286734910308E+03
 0.60366363504499E+03
 0.60445211460756E+03
