 0.16245642999342E+03
 0.16245642999342E+03
 0.16245642999342E+03
 0.16245642999342E+03
 0.16245642999342E+03
 0.16245642999339E+03
 0.16245642999245E+03
 0.16245642998134E+03
 0.16245642990593E+03
 0.16245642956051E+03
 0.16245642837128E+03
 0.16245642506583E+03
 0.16245641727134E+03
 0.16245640111519E+03
 0.16245637090415E+03
 0.16245631894151E+03
 0.16245623547464E+03
 0.16245610884992E+03
 0.16245592571900E+03
 0.16245567139685E+03
 0.16245533022065E+03
 0.16245488597007E+03
 0.16245432222859E+03
 0.16245362276174E+03
 0.16245277180598E+03
 0.16245175433146E+03
 0.16245055626787E+03
 0.16244916463765E+03
 0.16244756767425E+03
 0.16244575490970E+03
 0.16244371718021E+03
 0.16244144666484E+03
 0.16243893684024E+03
 0.16243618173857E+03
 0.16243317854047E+03
 0.16242992385166E+03
 0.16242641384762E+03
 0.16242265135186E+03
 0.16241863131196E+03
 0.16241435826916E+03
 0.16240983210992E+03
 0.16240505456762E+03
 0.16240002777163E+03
 0.16239475410479E+03
 0.16238923611280E+03
 0.16238347632799E+03
 0.16237747717016E+03
 0.16237124078566E+03
 0.16236476891654E+03
 0.16235806271924E+03
 0.16235112266652E+03
 0.16234394835695E+03
 0.16233653839053E+03
 0.16232889015446E+03
 0.16232099974744E+03
 0.16231286177396E+03
 0.16230446923987E+03
 0.16229581328102E+03
 0.16228688318250E+03
 0.16227766612245E+03
 0.16226814708308E+03
 0.16225830876473E+03
 0.16224813121758E+03
 0.16223759209076E+03
 0.16222666630447E+03
 0.16221532599733E+03
 0.16220354062273E+03
 0.16219127628910E+03
 0.16217849650317E+03
 0.16216516166444E+03
 0.16215122911656E+03
 0.16213665350600E+03
 0.16212138553800E+03
 0.16210537375547E+03
 0.16208856345758E+03
 0.16207089708166E+03
 0.16205231423734E+03
 0.16203275256877E+03
 0.16201214506711E+03
 0.16199042416951E+03
 0.16196751944683E+03
 0.16194332948631E+03
 0.16191783306931E+03
 0.16189092747439E+03
 0.16186253604065E+03
 0.16183257972728E+03
 0.16180097855278E+03
 0.16176765413801E+03
 0.16173252104577E+03
 0.16169550005280E+03
 0.16165651036591E+03
 0.16161547154680E+03
 0.16157230837059E+03
 0.16152693523576E+03
 0.16147927917854E+03
 0.16142926598374E+03
 0.16137682985414E+03
 0.16132189067875E+03
 0.16126438789244E+03
 0.16120425939014E+03
 0.16114145613344E+03
 0.16107590826451E+03
 0.16100757474892E+03
 0.16093642329425E+03
 0.16086239542517E+03
 0.16078546893984E+03
 0.16070563249134E+03
 0.16062280286660E+03
 0.16053704875625E+03
 0.16044835261373E+03
 0.16035668374559E+03
 0.16026206901570E+03
 0.16016455369557E+03
 0.16006412221808E+03
 0.15996086319558E+03
 0.15985477676253E+03
 0.15974598303090E+03
 0.15963450291209E+03
 0.15952049863513E+03
 0.15940405963303E+03
 0.15928529932953E+03
 0.15916443136713E+03
 0.15904173835766E+03
 0.15891749073469E+03
 0.15879204073797E+03
 0.15866601542031E+03
 0.15854014610303E+03
 0.15841532023355E+03
 0.15829293070438E+03
 0.15817511200369E+03
 0.15806461243752E+03
 0.15796586703275E+03
 0.15788560101728E+03
 0.15783427842680E+03
 0.15782965676125E+03
 0.15790284318648E+03
 0.15811270661684E+03
 0.15858240014326E+03
 0.15960264056910E+03
 0.16190849265602E+03
 0.16672383349152E+03
 0.17369711699555E+03
 0.18124996536563E+03
 0.18879313358099E+03
 0.19623708873395E+03
 0.20358900768734E+03
 0.21086604757045E+03
 0.21807773436603E+03
 0.22522658022982E+03
 0.23230829630179E+03
 0.23931601590867E+03
 0.24624002947583E+03
 0.25307038054246E+03
 0.25979781369729E+03
 0.26641411240680E+03
 0.27291215928923E+03
 0.27928698881609E+03
 0.28553414316528E+03
 0.29165105013927E+03
 0.29763537886215E+03
 0.30348665119102E+03
 0.30920524842503E+03
 0.31479125856539E+03
 0.32024670964205E+03
 0.32557308608088E+03
 0.33077230319142E+03
 0.33584759573889E+03
 0.34080108751532E+03
 0.34563652974135E+03
 0.35035672170566E+03
 0.35496444015573E+03
 0.35946409872180E+03
 0.36385851396640E+03
 0.36815070693027E+03
 0.37234482392773E+03
 0.37644380572088E+03
 0.38045054382459E+03
 0.38436905334764E+03
 0.38820205654441E+03
 0.39195217916722E+03
 0.39562322899863E+03
 0.39921762163377E+03
 0.40273809622730E+03
 0.40618687396320E+03
 0.40956736729200E+03
 0.41288156655500E+03
 0.41613180734597E+03
 0.41932031390636E+03
 0.42244880168553E+03
 0.42552017166620E+03
 0.42853593168734E+03
 0.43149793769967E+03
 0.43440751659644E+03
 0.43726726970877E+03
 0.44007833836020E+03
 0.44284226314141E+03
 0.44556050899808E+03
 0.44823447379128E+03
 0.45086505167926E+03
 0.45345730295921E+03
 0.45600610025068E+03
 0.45851559513332E+03
 0.46098689185898E+03
 0.46342104626333E+03
 0.46581905841623E+03
 0.46818190863205E+03
 0.47051050975110E+03
 0.47280574289200E+03
 0.47506845234698E+03
 0.47729944578979E+03
 0.47949948905043E+03
 0.48166933975372E+03
 0.48380970085272E+03
 0.48592125503710E+03
 0.48800465744609E+03
 0.49006053721868E+03
 0.49208949924391E+03
 0.49409211820613E+03
 0.49606896728807E+03
 0.49802057805240E+03
 0.49994746928189E+03
 0.50185014039209E+03
 0.50372907344557E+03
 0.50558473335236E+03
 0.50741756881222E+03
 0.50922800664044E+03
 0.51101647876917E+03
 0.51278338346278E+03
 0.51452911211054E+03
 0.51625404377604E+03
 0.51795854515714E+03
 0.51964297208415E+03
 0.52130766884216E+03
 0.52295296301437E+03
 0.52457919208025E+03
 0.52618666401728E+03
 0.52777568419511E+03
 0.52934654971086E+03
 0.53089954892966E+03
 0.53243496278699E+03
 0.53395306417482E+03
 0.53545411870825E+03
 0.53693837906154E+03
 0.53840610982446E+03
 0.53985755048516E+03
 0.54129294041747E+03
 0.54271251321569E+03
 0.54411649681480E+03
 0.54550511368051E+03
 0.54687858104849E+03
 0.54823711102349E+03
 0.54958091097011E+03
 0.55091018354316E+03
 0.55222512093482E+03
 0.55352592881716E+03
 0.55481279109622E+03
 0.55608589318539E+03
 0.55734541677386E+03
 0.55859153980957E+03
 0.55982443659792E+03
 0.56104427799194E+03
 0.56225123138988E+03
 0.56344546094450E+03
 0.56462712764617E+03
 0.56579638350825E+03
 0.56695339509399E+03
 0.56809830891170E+03
 0.56923127398458E+03
 0.57035243687441E+03
 0.57146194152033E+03
 0.57255992926692E+03
 0.57364653903358E+03
 0.57472190733079E+03
 0.57578616830123E+03
 0.57683945388399E+03
 0.57788189373682E+03
 0.57891360963878E+03
 0.57993473844588E+03
 0.58094539817195E+03
 0.58194571006856E+03
 0.58293579361452E+03
 0.58391576646370E+03
 0.58488574440866E+03
 0.58584584147039E+03
 0.58679616993012E+03
 0.58773684036375E+03
 0.58866796167900E+03
 0.58958964117945E+03
 0.59050198457359E+03
 0.59140509034493E+03
 0.59229907230845E+03
 0.59318402645672E+03
 0.59406005223329E+03
 0.59492724794531E+03
 0.59578571053043E+03
 0.59663552151144E+03
 0.59747680356529E+03
 0.59830963526415E+03
 0.59913410829089E+03
 0.59995031309384E+03
