 0.00000000000000E+00
 0.00000000000000E+00
 0.00000000000000E+00
 0.00000000000000E+00
 0.00000000000000E+00
 0.32732225332740E-35
 0.14311858651794E-31
 0.76955202858509E-29
 0.10232805542428E-26
 0.51168449648124E-25
 0.12563239234027E-23
 0.18093392210416E-22
 0.17287094130868E-21
 0.11964545697346E-20
 0.63980420006096E-20
 0.27744441675649E-19
 0.10123862235827E-18
 0.31992334886397E-18
 0.89564860005286E-18
 0.22620895994990E-17
 0.52306484134527E-17
 0.11207873960161E-16
 0.22481174509097E-16
 0.42590859522587E-16
 0.76880700936099E-16
 0.13361405213108E-15
 0.22702282602714E-15
 0.38651225526430E-15
 0.68365022392264E-15
 0.13060034247663E-14
 0.27444798184944E-14
 0.62354910951230E-14
 0.14737719595296E-13
 0.37850776718910E-09
 0.50859878784524E-09
 0.67228363850203E-09
 0.19669174906191E-08
 0.25256015920050E-08
 0.51381072526996E-08
 0.80173711548987E-08
 0.12248624641892E-07
 0.18350246665418E-07
 0.26996358863526E-07
 0.39050460640225E-07
 0.55604354857328E-07
 0.78021454686105E-07
 0.10798387405174E-06
 0.14754603410835E-06
 0.19919149025212E-06
 0.26589754624894E-06
 0.35119869513268E-06
 0.45926447781910E-06
 0.59497184265731E-06
 0.76399120315851E-06
 0.97287007435832E-06
 0.12291272038346E-05
 0.15413429026932E-05
 0.19192712808499E-05
 0.23739315941217E-05
 0.29177317437464E-05
 0.35645687474140E-05
 0.43299567748375E-05
 0.52311599051453E-05
 0.62872999236447E-05
 0.75195025604604E-05
 0.89510390450434E-05
 0.10607452471636E-04
 0.12516743660436E-04
 0.14709498812750E-04
 0.17219052961557E-04
 0.20081680164691E-04
 0.23336729365364E-04
 0.27026901407475E-04
 0.31198338777330E-04
 0.35900913626931E-04
 0.41188398450925E-04
 0.47118728025830E-04
 0.53754194784775E-04
 0.61161867369517E-04
 0.69413689880651E-04
 0.78586879667222E-04
 0.88781848664468E-04
 0.10005581257823E-03
 0.11251857358036E-03
 0.12627202817003E-03
 0.14142537200767E-03
 0.15809551343449E-03
 0.17640758538855E-03
 0.19649593223303E-03
 0.21850420236780E-03
 0.24258635627077E-03
 0.26890766581927E-03
 0.29764519020115E-03
 0.32898969210502E-03
 0.36314574305301E-03
 0.40033354187276E-03
 0.44079009929994E-03
 0.48477189920158E-03
 0.53255520617059E-03
 0.58443921256356E-03
 0.64074767817411E-03
 0.70183327211641E-03
 0.76807852609222E-03
 0.83990053750520E-03
 0.91775619966565E-03
 0.10021447034797E-02
 0.10936144170062E-02
 0.11928051432922E-02
 0.13003228320292E-02
 0.14169348878195E-02
 0.15434649624276E-02
 0.16808309800240E-02
 0.18300601345498E-02
 0.19923110049347E-02
 0.21688892086870E-02
 0.23612805425024E-02
 0.25711765708851E-02
 0.28005218594432E-02
 0.30515575875746E-02
 0.33268899205484E-02
 0.36295673348911E-02
 0.39632569878019E-02
 0.43321152936269E-02
 0.47413252501288E-02
 0.51971080410032E-02
 0.57071013703238E-02
 0.62807893631540E-02
 0.69301317012664E-02
 0.76706002922044E-02
 0.85220609602265E-02
 0.95113999850512E-02
 0.10675547972529E-01
 0.12066470379462E-01
 0.13760878155215E-01
 0.15877284532876E-01
 0.18608808790206E-01
 0.22296197732391E-01
 0.27598318048076E-01
 0.35932922736707E-01
 0.50411813554908E-01
 0.74589461922969E-01
 0.10366236361221E+00
 0.13073795889136E+00
 0.15461063020567E+00
 0.17575291330411E+00
 0.19469584298068E+00
 0.21183919763520E+00
 0.22747425233408E+00
 0.24181994131601E+00
 0.25504296799670E+00
 0.26727704646786E+00
 0.27862901020029E+00
 0.28918753667096E+00
 0.29902781841213E+00
 0.30821424679850E+00
 0.31680241060926E+00
 0.32484204982621E+00
 0.33237615002879E+00
 0.33944402015382E+00
 0.34607956118684E+00
 0.35231484773525E+00
 0.35817914351117E+00
 0.36369759131126E+00
 0.36889536150002E+00
 0.37379403017080E+00
 0.37841352922520E+00
 0.38277379629517E+00
 0.38689124278030E+00
 0.39078319882151E+00
 0.39446413560777E+00
 0.39794737717090E+00
 0.40124726098011E+00
 0.40437511799562E+00
 0.40734160389454E+00
 0.41015825894834E+00
 0.41283416683152E+00
 0.41537774315750E+00
 0.41779849445106E+00
 0.42010357391603E+00
 0.42229958168627E+00
 0.42439443754368E+00
 0.42639373241977E+00
 0.42830323072993E+00
 0.43012770381152E+00
 0.43187338240505E+00
 0.43354427881977E+00
 0.43514471883781E+00
 0.43667871445073E+00
 0.43814942701907E+00
 0.43956155715765E+00
 0.44091774539356E+00
 0.44222102715375E+00
 0.44347361877897E+00
 0.44467943766523E+00
 0.44584030475116E+00
 0.44695854040361E+00
 0.44803631202813E+00
 0.44907565000988E+00
 0.45007785236471E+00
 0.45105000801348E+00
 0.45198488479308E+00
 0.45288827002833E+00
 0.45376164211463E+00
 0.45460639216389E+00
 0.45542382941686E+00
 0.45621518729197E+00
 0.45698162821237E+00
 0.45772424870646E+00
 0.45844408410140E+00
 0.45914211218748E+00
 0.45981925719813E+00
 0.46047639304093E+00
 0.46111434706915E+00
 0.46173390292756E+00
 0.46233580316310E+00
 0.46292075187471E+00
 0.46348941722522E+00
 0.46404243396893E+00
 0.46458040387309E+00
 0.46510390014941E+00
 0.46561346765922E+00
 0.46610962475171E+00
 0.46659286512258E+00
 0.46706365907060E+00
 0.46752245486919E+00
 0.46796968056253E+00
 0.46840574304465E+00
 0.46883103227114E+00
 0.46924592019810E+00
 0.46965076230746E+00
 0.47004589838173E+00
 0.47043165355830E+00
 0.47080833883900E+00
 0.47117625259985E+00
 0.47153567897293E+00
 0.47188689179241E+00
 0.47223015305700E+00
 0.47256571407984E+00
 0.47289381588521E+00
 0.47321468991235E+00
 0.47352855829405E+00
 0.47383563439991E+00
 0.47413612397903E+00
 0.47443022281642E+00
 0.47471812109506E+00
 0.47500000116256E+00
 0.47527603847880E+00
 0.47554640194739E+00
 0.47581125421170E+00
 0.47607075194449E+00
 0.47632504609605E+00
 0.47657428218735E+00
 0.47681860052288E+00
 0.47705813712008E+00
 0.47729302114260E+00
 0.47752337926472E+00
 0.47774933313062E+00
 0.47797100018810E+00
 0.47818849388232E+00
 0.47840192381741E+00
 0.47861139592791E+00
 0.47881701260987E+00
 0.47901887287848E+00
 0.47921707250358E+00
 0.47941170485510E+00
 0.47960285815095E+00
 0.47979061986501E+00
 0.47997507403215E+00
 0.48015630201618E+00
 0.48033438262772E+00
 0.48050939221436E+00
 0.48068140476889E+00
 0.48085049201022E+00
 0.48101672346424E+00
 0.48118016655972E+00
 0.48134088668660E+00
 0.48149894802738E+00
 0.48165441067366E+00
 0.48180733505603E+00
 0.48195777920101E+00
 0.48210579941081E+00
 0.48225145036452E+00
 0.48239478516640E+00
 0.48253585540728E+00
 0.48267471121522E+00
 0.48281140130595E+00
 0.48294597302920E+00
 0.48307847241947E+00
 0.48320894423711E+00
 0.48333743276655E+00
 0.48346397886902E+00
 0.48358862442209E+00
 0.48371140954207E+00
 0.48383237323617E+00
 0.48395155346913E+00
 0.48406898540163E+00
 0.48418470866065E+00
 0.48429875643669E+00
 0.48441116285691E+00
 0.48452196116577E+00
