 0.00000000000000E+00
 0.00000000000000E+00
 0.00000000000000E+00
 0.00000000000000E+00
 0.00000000000000E+00
 0.35069258181040E-76
 0.29314878442904E-65
 0.45573663846726E-57
 0.10714801901214E-50
 0.13396975343650E-45
 0.19829185344590E-41
 0.59232487995108E-38
 0.51661376426925E-35
 0.17127288802273E-32
 0.26190346401257E-30
 0.21356395235113E-28
 0.10376207468599E-26
 0.32744446416569E-25
 0.71847534293596E-24
 0.11575044404736E-22
 0.14309708597077E-21
 0.14073619129067E-20
 0.11344849460527E-19
 0.76841411608258E-19
 0.44654013151587E-18
 0.22660375267539E-17
 0.10194015605277E-16
 0.41181122748801E-16
 0.15106304356657E-15
 0.50805215618876E-15
 0.15797907972715E-14
 0.45753129462027E-14
 0.12421675378624E-13
 0.31794850818032E-13
 0.77115537730690E-13
 0.17802884791932E-12
 0.39277196925818E-12
 0.83110103504610E-12
 0.16921096826431E-11
 0.33244705251995E-11
 0.63194084356753E-11
 0.11649796922251E-10
 0.20872793198365E-10
 0.36417955306158E-10
 0.61986135131864E-10
 0.10309254627277E-09
 0.16778740600696E-09
 0.26759867813075E-09
 0.41874006538107E-09
 0.64364298582944E-09
 0.97285099773524E-09
 0.14473544276375E-08
 0.21214060683145E-08
 0.30659198113638E-08
 0.43724341631382E-08
 0.61578016422254E-08
 0.85695740164446E-08
 0.11792298688663E-07
 0.16054473993719E-07
 0.21636596087643E-07
 0.28880082338999E-07
 0.38197116307190E-07
 0.50081992563504E-07
 0.65122702052073E-07
 0.84014421556789E-07
 0.10757378830219E-06
 0.13675409885254E-06
 0.17266321387825E-06
 0.21657987983175E-06
 0.26997397068894E-06
 0.33452678839043E-06
 0.41215205798848E-06
 0.50502244606018E-06
 0.61558970006759E-06
 0.74661374735747E-06
 0.90118989278357E-06
 0.10827784025204E-05
 0.12952334144152E-05
 0.15428460260583E-05
 0.18303664304056E-05
 0.21630506901586E-05
 0.25467064245722E-05
 0.29877075449595E-05
 0.34930950674601E-05
 0.40705795970386E-05
 0.47286206116232E-05
 0.54764835961999E-05
 0.63242971238680E-05
 0.72831670051964E-05
 0.83652018978764E-05
 0.95836410693107E-05
 0.10952948612337E-04
 0.12488908843698E-04
 0.14208829331690E-04
 0.16131582027007E-04
 0.18277836384481E-04
 0.20670204022892E-04
 0.23333566016986E-04
 0.26295161580685E-04
 0.29584976586000E-04
 0.33236006398009E-04
 0.37284803655393E-04
 0.41771688136111E-04
 0.46741367608484E-04
 0.52243716477910E-04
 0.58334201561641E-04
 0.65074860296888E-04
 0.72535852357923E-04
 0.80795085177268E-04
 0.89941505873835E-04
 0.10007604938489E-03
 0.11131356443106E-03
 0.12378556744536E-03
 0.13764373498225E-03
 0.15306316057220E-03
 0.17024796792903E-03
 0.18943664908833E-03
 0.21091054469123E-03
 0.23500293115787E-03
 0.26211235134758E-03
 0.29271879017083E-03
 0.32740806035423E-03
 0.36689169960922E-03
 0.41205868910356E-03
 0.46402175909570E-03
 0.52419524838693E-03
 0.59440214051432E-03
 0.67703075597245E-03
 0.77527996203277E-03
 0.89348749453900E-03
 0.10377402224212E-02
 0.12168099827522E-02
 0.14437408335352E-02
 0.17388424948497E-02
 0.21354437019892E-02
 0.26918056086832E-02
 0.35190478460258E-02
 0.48534756088686E-02
 0.72701601511007E-02
 0.12293923620661E-01
 0.22672202395601E-01
 0.37912076936968E-01
 0.54429706383845E-01
 0.70659114999514E-01
 0.86243653192449E-01
 0.10112723775839E+00
 0.11532178283206E+00
 0.12885466733346E+00
 0.14175719062770E+00
 0.15405862424081E+00
 0.16578823176635E+00
 0.17697251800930E+00
 0.18763661942743E+00
 0.19780498856594E+00
 0.20750100429317E+00
 0.21674682222847E+00
 0.22556460178596E+00
 0.23397459452111E+00
 0.24199735488793E+00
 0.24965055001502E+00
 0.25695311387662E+00
 0.26392338187016E+00
 0.27057651531138E+00
 0.27693023649835E+00
 0.28299906964900E+00
 0.28879691735550E+00
 0.29433947059866E+00
 0.29963839382882E+00
 0.30470825434618E+00
 0.30956026567307E+00
 0.31420494081821E+00
 0.31865537110448E+00
 0.32292081450488E+00
 0.32701014278081E+00
 0.33093463402236E+00
 0.33470205458247E+00
 0.33831966683932E+00
 0.34179738356946E+00
 0.34514149716418E+00
 0.34835782522696E+00
 0.35145517704253E+00
 0.35443854191327E+00
 0.35731367474288E+00
 0.36008485832783E+00
 0.36275957545445E+00
 0.36534142596711E+00
 0.36783493847458E+00
 0.37024434327442E+00
 0.37257247442938E+00
 0.37482549825480E+00
 0.37700574278090E+00
 0.37911654342066E+00
 0.38115978300193E+00
 0.38314101109365E+00
 0.38506169676218E+00
 0.38692448968236E+00
 0.38873188300766E+00
 0.39048623238818E+00
 0.39218848986339E+00
 0.39385197471642E+00
 0.39545986924560E+00
 0.39702294088156E+00
 0.39854297672148E+00
 0.40002167162443E+00
 0.40146063329262E+00
 0.40286138762882E+00
 0.40422538396869E+00
 0.40555399965793E+00
 0.40684854477348E+00
 0.40811026566438E+00
 0.40934034921600E+00
 0.41053992485853E+00
 0.41171007019579E+00
 0.41285181273205E+00
 0.41396613278675E+00
 0.41505396623519E+00
 0.41611620712894E+00
 0.41715371082796E+00
 0.41816729243616E+00
 0.41915773446719E+00
 0.42012578512495E+00
 0.42107216071888E+00
 0.42199754770374E+00
 0.42290260402755E+00
 0.42378796063265E+00
 0.42465422406893E+00
 0.42550197294629E+00
 0.42633176637258E+00
 0.42714414030644E+00
 0.42793960986778E+00
 0.42871867021708E+00
 0.42948179776838E+00
 0.43022945075964E+00
 0.43096207173193E+00
 0.43168008275071E+00
 0.43238389431111E+00
 0.43307390071547E+00
 0.43375048210288E+00
 0.43441400492902E+00
 0.43506482280467E+00
 0.43570327683211E+00
 0.43632969625765E+00
 0.43694440065380E+00
 0.43754769389478E+00
 0.43813987419897E+00
 0.43872122831189E+00
 0.43929203339850E+00
 0.43985255747367E+00
 0.44040305977186E+00
 0.44094379111006E+00
 0.44147499420432E+00
 0.44199690403604E+00
 0.44250974812642E+00
 0.44301374855484E+00
 0.44350911537829E+00
 0.44399605711998E+00
 0.44447477432193E+00
 0.44494546136336E+00
 0.44540830673459E+00
 0.44586349325288E+00
 0.44631119828660E+00
 0.44675159393228E+00
 0.44718484722658E+00
 0.44761112032429E+00
 0.44803057248434E+00
 0.44844335300380E+00
 0.44884961214049E+00
 0.44924949424827E+00
 0.44964313955747E+00
 0.45003068435923E+00
 0.45041226113661E+00
 0.45078799871079E+00
 0.45115802235629E+00
 0.45152245391573E+00
 0.45188141193165E+00
 0.45223501173210E+00
 0.45258336745343E+00
 0.45292658459861E+00
 0.45326477127651E+00
 0.45359803111733E+00
 0.45392646495318E+00
 0.45425017099496E+00
 0.45456924490651E+00
 0.45488377989196E+00
 0.45519386677153E+00
 0.45549959405389E+00
 0.45580104800823E+00
 0.45609831273620E+00
 0.45639147023472E+00
 0.45668060241488E+00
 0.45696578342737E+00
 0.45724709110915E+00
 0.45752459975801E+00
 0.45779838177633E+00
 0.45806850780928E+00
 0.45833504479733E+00
 0.45859806409880E+00
 0.45885762933788E+00
 0.45911380464809E+00
 0.45936665265259E+00
