 0.00000000000000E+00
 0.00000000000000E+00
 0.00000000000000E+00
 0.00000000000000E+00
 0.00000000000000E+00
 0.32732224895718E-25
 0.14311858460711E-21
 0.76955201831047E-19
 0.10232805405806E-16
 0.51168448964952E-15
 0.12563239066289E-13
 0.18093391968833E-12
 0.17287093899970E-11
 0.11964545537155E-10
 0.63980419136967E-10
 0.27744441260772E-09
 0.10123861966149E-08
 0.31992330877756E-08
 0.89564784555378E-08
 0.22620778407427E-07
 0.52305044257866E-07
 0.11206462681081E-06
 0.22469814212850E-06
 0.42513963320205E-06
 0.76433984519235E-06
 0.13134749528457E-05
 0.21682739709819E-05
 0.34532755035073E-05
 0.53257866396874E-05
 0.79793215679794E-05
 0.11646483127120E-04
 0.16600954469602E-04
 0.23158832800785E-04
 0.31679027357301E-04
 0.42562664912885E-04
 0.56252137516100E-04
 0.73228761886662E-04
 0.94010661986875E-04
 0.11914918826601E-03
 0.14922537640337E-03
 0.18484676589848E-03
 0.22664232198967E-03
 0.27525843124873E-03
 0.33135580982035E-03
 0.39560309199813E-03
 0.46867540636117E-03
 0.55124794488097E-03
 0.64399359551509E-03
 0.74757834888521E-03
 0.86266107664959E-03
 0.98988633250407E-03
 0.11298843282614E-02
 0.12832667127041E-02
 0.14506293940239E-02
 0.16325438033213E-02
 0.18295597773986E-02
 0.20422014909948E-02
 0.22709736706278E-02
 0.25163505854326E-02
 0.27787821011019E-02
 0.30586919340277E-02
 0.33564747228174E-02
 0.36725071911152E-02
 0.40071325491728E-02
 0.43606711449317E-02
 0.47334187300129E-02
 0.51256432323967E-02
 0.55376010637089E-02
 0.59695157731249E-02
 0.64215935653108E-02
 0.68940211585278E-02
 0.73869619046089E-02
 0.79005773680000E-02
 0.84349994705210E-02
 0.89903510852053E-02
 0.95667431900050E-02
 0.10164276604261E-01
 0.10783036845013E-01
 0.11423123354371E-01
 0.12084611579960E-01
 0.12767580964329E-01
 0.13472122570352E-01
 0.14198289523885E-01
 0.14946193292727E-01
 0.15715919684467E-01
 0.16507571823007E-01
 0.17321265335137E-01
 0.18157121449522E-01
 0.19015308428656E-01
 0.19895988451977E-01
 0.20799357694560E-01
 0.21725641362334E-01
 0.22675086014103E-01
 0.23648008491749E-01
 0.24644735124969E-01
 0.25665649274699E-01
 0.26711174467064E-01
 0.27781827962749E-01
 0.28878157262483E-01
 0.30000793292359E-01
 0.31150434234557E-01
 0.32327905523511E-01
 0.33534095256221E-01
 0.34770002011003E-01
 0.36036785584405E-01
 0.37335708209708E-01
 0.38668187569392E-01
 0.40035912098871E-01
 0.41440570133467E-01
 0.42884223183719E-01
 0.44369175220996E-01
 0.45897985517700E-01
 0.47473542380876E-01
 0.49099150589264E-01
 0.50778509354620E-01
 0.52515870782518E-01
 0.54316042063948E-01
 0.56184567372523E-01
 0.58127784397283E-01
 0.60153040728219E-01
 0.62268860732836E-01
 0.64485358163518E-01
 0.66813975154361E-01
 0.69268695780699E-01
 0.71866078981011E-01
 0.74626115683190E-01
 0.77573156227361E-01
 0.80737230439002E-01
 0.84156274989058E-01
 0.87877691661442E-01
 0.91963693082512E-01
 0.96496926472355E-01
 0.10158912803685E+00
 0.10739807780303E+00
 0.11415538255711E+00
 0.12221543107772E+00
 0.13215780547722E+00
 0.14499620893616E+00
 0.16261569216405E+00
 0.18814736237365E+00
 0.22191163533392E+00
 0.25389503202359E+00
 0.27855792760912E+00
 0.29757559416316E+00
 0.31285708058293E+00
 0.32557799284636E+00
 0.33644749421572E+00
 0.34591568149917E+00
 0.35428486905155E+00
 0.36176640985622E+00
 0.36851517758585E+00
 0.37464707695822E+00
 0.38025166401818E+00
 0.38539996727772E+00
 0.39014922079372E+00
 0.39454620119404E+00
 0.39863020032345E+00
 0.40243384709620E+00
 0.40598540161700E+00
 0.40930828328312E+00
 0.41242363201171E+00
 0.41535001171341E+00
 0.41810278726384E+00
 0.42069686213476E+00
 0.42314455636890E+00
 0.42545690914284E+00
 0.42764479815664E+00
 0.42971677461873E+00
 0.43168191705537E+00
 0.43354747526220E+00
 0.43532000276893E+00
 0.43700666215611E+00
 0.43861283595677E+00
 0.44014350015768E+00
 0.44160429745737E+00
 0.44299935662857E+00
 0.44433245578394E+00
 0.44560820027774E+00
 0.44682973317575E+00
 0.44799991978749E+00
 0.44912261643285E+00
 0.45020020555433E+00
 0.45123527683484E+00
 0.45222982803135E+00
 0.45318694858728E+00
 0.45410828513299E+00
 0.45499577571460E+00
 0.45585121425461E+00
 0.45667586695588E+00
 0.45747215016474E+00
 0.45824109424790E+00
 0.45898406399163E+00
 0.45970189351751E+00
 0.46039668628320E+00
 0.46106909560927E+00
 0.46172017557541E+00
 0.46235091246762E+00
 0.46296223287511E+00
 0.46355456470825E+00
 0.46413262346702E+00
 0.46469064380053E+00
 0.46523244114446E+00
 0.46575870142032E+00
 0.46627007237039E+00
 0.46676716594285E+00
 0.46725056070485E+00
 0.46772080415112E+00
 0.46817841473267E+00
 0.46862388388733E+00
 0.46905767762142E+00
 0.46948023830314E+00
 0.46989198564747E+00
 0.47029331891497E+00
 0.47068461774325E+00
 0.47106624336353E+00
 0.47143853973618E+00
 0.47180183462606E+00
 0.47215644083530E+00
 0.47250265581614E+00
 0.47284076442450E+00
 0.47317103845320E+00
 0.47349373756796E+00
 0.47380911010443E+00
 0.47411739362031E+00
 0.47441881549148E+00
 0.47471359387901E+00
 0.47500193659338E+00
 0.47528404403082E+00
 0.47556010799161E+00
 0.47583031252093E+00
 0.47609483425814E+00
 0.47635384289526E+00
 0.47660750141342E+00
 0.47685596696338E+00
 0.47709938928147E+00
 0.47733791374342E+00
 0.47757167982748E+00
 0.47780082183138E+00
 0.47802546906148E+00
 0.47824574614142E+00
 0.47846177314880E+00
 0.47867366585727E+00
 0.47888153649415E+00
 0.47908549172159E+00
 0.47928563604954E+00
 0.47948206988423E+00
 0.47967489018277E+00
 0.47986419061229E+00
 0.48005006168752E+00
 0.48023259090530E+00
 0.48041186286252E+00
 0.48058795939005E+00
 0.48076095965510E+00
 0.48093094085091E+00
 0.48109797598593E+00
 0.48126213742919E+00
 0.48142349474300E+00
 0.48158211530325E+00
 0.48173806439814E+00
 0.48189140530707E+00
 0.48204219938180E+00
 0.48219050611147E+00
 0.48233638319904E+00
 0.48247988662587E+00
 0.48262107132466E+00
 0.48275998880533E+00
 0.48289669083542E+00
 0.48303122713301E+00
 0.48316364596954E+00
 0.48329399423509E+00
 0.48342231748555E+00
 0.48354865999471E+00
 0.48367306479570E+00
 0.48379557372220E+00
 0.48391622745517E+00
 0.48403506555390E+00
 0.48415212713792E+00
 0.48426744838838E+00
 0.48438106632689E+00
 0.48449301643652E+00
 0.48460333322831E+00
 0.48471205030235E+00
 0.48481920037423E+00
 0.48492481530582E+00
 0.48502892613214E+00
 0.48513156308695E+00
 0.48523275562822E+00
 0.48533253246342E+00
 0.48543092157176E+00
 0.48552795088273E+00
 0.48562364570167E+00
 0.48571803255211E+00
 0.48581113675181E+00
 0.48590298296533E+00
 0.48599359525116E+00
 0.48608299640935E+00
 0.48617121070662E+00
 0.48625825980109E+00
 0.48634416550800E+00
 0.48642894912287E+00
