                  NaN
                  NaN
                  NaN
                  NaN
                  NaN
 0.10000000133514E-09
 0.10000000133514E-09
 0.10000000133514E-09
 0.10000000133514E-09
 0.10000000133514E-09
 0.10000000133515E-09
 0.10000000133520E-09
 0.10000000133566E-09
 0.10000000133888E-09
 0.10000000135843E-09
 0.10000000149535E-09
 0.10000000266378E-09
 0.10000001253001E-09
 0.10000008424060E-09
 0.10000051982103E-09
 0.10000275284474E-09
 0.10001259343934E-09
 0.10005055803372E-09
 0.10018087281537E-09
 0.10058444737596E-09
 0.10172561862835E-09
 0.10470209441491E-09
 0.11192627256984E-09
 0.12836605560353E-09
 0.16367349199301E-09
 0.23564880389545E-09
 0.37561039677212E-09
 0.63637575011108E-09
 0.11948213021820E-04
 0.11949411271268E-04
 0.11951254977815E-04
 0.26859903676418E-04
 0.26865054863220E-04
 0.43123308916116E-04
 0.53726593613858E-04
 0.66263667542983E-04
 0.80965666537137E-04
 0.98076410379349E-04
 0.11785053855370E-03
 0.14055591571966E-03
 0.16647226124338E-03
 0.19588984422437E-03
 0.22911102709079E-03
 0.26644898230286E-03
 0.30822944658826E-03
 0.35478689178814E-03
 0.40647034951427E-03
 0.46363849133403E-03
 0.52666187953027E-03
 0.59592279997576E-03
 0.67181582095243E-03
 0.75474575329118E-03
 0.84513145426268E-03
 0.94340256396092E-03
 0.10500037921611E-02
 0.11653899197099E-02
 0.12900310988199E-02
 0.14244110720330E-02
 0.15690271900146E-02
 0.17243911110335E-02
 0.18910304698564E-02
 0.20694870849753E-02
 0.22603187763859E-02
 0.24641025121288E-02
 0.26814298953104E-02
 0.29129124647159E-02
 0.31591782476641E-02
 0.34208767471784E-02
 0.36986770285361E-02
 0.39932715960349E-02
 0.43053730650946E-02
 0.46357187884947E-02
 0.49850701205417E-02
 0.53542157842596E-02
 0.57439735999262E-02
 0.61551894510622E-02
 0.65900416360411E-02
 0.70470328422243E-02
 0.75282429028340E-02
 0.80346572587049E-02
 0.85673031457336E-02
 0.91272496769499E-02
 0.97156141120151E-02
 0.10333565346587E-01
 0.10982324547243E-01
 0.11663165749307E-01
 0.12377432791718E-01
 0.13126529708246E-01
 0.13911940712463E-01
 0.14735226051794E-01
 0.15598029007098E-01
 0.16502086040562E-01
 0.17449244155265E-01
 0.18441453910304E-01
 0.19480791953339E-01
 0.20569462157394E-01
 0.21709828111381E-01
 0.22904405806199E-01
 0.24155895568813E-01
 0.25467204823696E-01
 0.26841454241361E-01
 0.28282019038095E-01
 0.29793380012087E-01
 0.31378015018646E-01
 0.33040936331044E-01
 0.34786875229027E-01
 0.36621018571192E-01
 0.38549053699582E-01
 0.40577300849891E-01
 0.42712738838792E-01
 0.44963179841025E-01
 0.47337333008506E-01
 0.49845037354737E-01
 0.52497400670190E-01
 0.55307094708310E-01
 0.58288642062422E-01
 0.61459796466542E-01
 0.64838460570837E-01
 0.68448311270933E-01
 0.72316565961202E-01
 0.76475926933571E-01
 0.80966015418343E-01
 0.85835638200423E-01
 0.91147098575855E-01
 0.96976386146538E-01
 0.10342559836649E+00
 0.11063096372906E+00
 0.11877718228948E+00
 0.12812965033185E+00
 0.13908485239347E+00
 0.15226235039315E+00
 0.16870889806227E+00
 0.19033820436111E+00
 0.22096835956309E+00
 0.26793792333264E+00
 0.33612235703968E+00
 0.40828827088897E+00
 0.46933849635332E+00
 0.51956757623376E+00
 0.56176741461833E+00
 0.59800062430067E+00
 0.62963523663331E+00
 0.65760028960882E+00
 0.68255791437941E+00
 0.70499350146428E+00
 0.72528097273713E+00
 0.74371062083946E+00
 0.76051616346677E+00
 0.77588957914116E+00
 0.78999067631473E+00
 0.80295389906302E+00
 0.81489573434887E+00
 0.82591499802287E+00
 0.83609907844432E+00
 0.84552298431609E+00
 0.85425475261138E+00
 0.86235496186362E+00
 0.86987602663780E+00
 0.87686739479853E+00
 0.88337194593357E+00
 0.88942856748426E+00
 0.89507413148743E+00
 0.90034009755279E+00
 0.90525728176698E+00
 0.90985222637774E+00
 0.91414907341653E+00
 0.91817195417670E+00
 0.92194091199711E+00
 0.92547454125442E+00
 0.92879136663733E+00
 0.93190692188218E+00
 0.93483547679327E+00
 0.93759157526871E+00
 0.94018715122252E+00
 0.94263316360990E+00
 0.94494114082792E+00
 0.94712025263239E+00
 0.94917940311369E+00
 0.95112634583162E+00
 0.95296959400823E+00
 0.95471563284252E+00
 0.95637089850865E+00
 0.95794132119351E+00
 0.95943197073167E+00
 0.96084877953633E+00
 0.96219599448457E+00
 0.96347795456752E+00
 0.96469826431568E+00
 0.96586150794252E+00
 0.96697069701020E+00
 0.96802904453243E+00
 0.96903953241252E+00
 0.97000493370918E+00
 0.97092745197748E+00
 0.97181276473130E+00
 0.97265759666789E+00
 0.97346665876146E+00
 0.97424189978823E+00
 0.97498514080648E+00
 0.97569808385498E+00
 0.97638232173284E+00
 0.97703934517465E+00
 0.97767055101808E+00
 0.97827724933376E+00
 0.97886066915220E+00
 0.97942196429837E+00
 0.97996221920327E+00
 0.98048245323366E+00
 0.98098362581168E+00
 0.98146664015216E+00
 0.98193234718096E+00
 0.98238154922092E+00
 0.98281500332386E+00
 0.98323342346220E+00
 0.98363748463078E+00
 0.98402782465578E+00
 0.98440504650774E+00
 0.98476972091091E+00
 0.98512238815824E+00
 0.98546356005053E+00
 0.98579372193374E+00
 0.98611333335600E+00
 0.98642283106128E+00
 0.98672262940603E+00
 0.98701312200827E+00
 0.98729468282126E+00
 0.98756766755367E+00
 0.98783241439292E+00
 0.98808924548077E+00
 0.98833846692423E+00
 0.98858037085665E+00
 0.98881523550054E+00
 0.98904332618879E+00
 0.98926489589279E+00
 0.98948018613931E+00
 0.98968942738669E+00
 0.98989283973102E+00
 0.99009063379252E+00
 0.99028301005642E+00
 0.99047016098350E+00
 0.99065227043266E+00
 0.99082951433565E+00
 0.99100206110528E+00
 0.99117007201099E+00
 0.99133370154457E+00
 0.99149309773053E+00
 0.99164840249475E+00
 0.99179975192858E+00
 0.99194727682944E+00
 0.99209110195166E+00
 0.99223134779637E+00
 0.99236812982228E+00
 0.99250155892339E+00
 0.99263174164937E+00
 0.99275878039902E+00
 0.99288277362793E+00
 0.99300381600458E+00
 0.99312199859660E+00
 0.99323740903459E+00
 0.99335013189385E+00
 0.99346024789213E+00
 0.99356783546180E+00
 0.99367296992577E+00
 0.99377572385993E+00
 0.99387616721359E+00
 0.99397436740955E+00
 0.99407038947052E+00
 0.99416429611050E+00
 0.99425614782587E+00
 0.99434600300585E+00
 0.99443391799679E+00
 0.99451994742599E+00
 0.99460414338519E+00
 0.99468655682523E+00
 0.99476723678257E+00
 0.99484623062564E+00
 0.99492358414384E+00
 0.99499934159794E+00
 0.99507354578867E+00
 0.99514623811060E+00
 0.99521745860805E+00
 0.99528724602268E+00
 0.99535563784997E+00
 0.99542267038232E+00
 0.99548837896521E+00
 0.99555279720878E+00
 0.99561595825704E+00
 0.99567789403969E+00
 0.99573863548537E+00
 0.99579821256498E+00
 0.99585665200676E+00
 0.99591398667338E+00
 0.99597024148196E+00
 0.99602544291024E+00
 0.99607961664177E+00
