                  NaN
                  NaN
                  NaN
                  NaN
                  NaN
 0.93335950146893E+41
 0.48821142750666E+34
 0.16885893378537E+29
 0.95501584040198E+24
 0.38194031365728E+21
 0.63357314058566E+18
 0.30546399151611E+16
 0.33462318131071E+14
 0.69856623750969E+12
 0.24429008698803E+11
 0.12991163241834E+10
 0.97568039830208E+08
 0.97703086744532E+07
 0.12465961551205E+07
 0.19542815737049E+06
 0.36553144167598E+05
 0.79637468211807E+04
 0.19816194641733E+04
 0.55426961362602E+03
 0.17216974580787E+03
 0.58963742018200E+02
 0.22270205855838E+02
 0.93856657969715E+01
 0.45255954585701E+01
 0.25706089598429E+01
 0.17372425660629E+01
 0.13628556490979E+01
 0.11864518389088E+01
 0.11904687628678E+05
 0.65952829068172E+04
 0.37762623662356E+04
 0.50077847824374E+04
 0.30388622868999E+04
 0.30365095746475E+04
 0.24116234733101E+04
 0.19382549437293E+04
 0.15751559265698E+04
 0.12933754772045E+04
 0.10722859180845E+04
 0.89704503658827E+03
 0.75680985199137E+03
 0.64357556160833E+03
 0.55137056408126E+03
 0.47569245629946E+03
 0.41311340619410E+03
 0.36099947057695E+03
 0.31731307069601E+03
 0.28046108264884E+03
 0.24918825349795E+03
 0.22250079430815E+03
 0.19960487122647E+03
 0.17986225449893E+03
 0.16275633203687E+03
 0.14786729201159E+03
 0.13485169903471E+03
 0.12342654378795E+03
 0.11335821112816E+03
 0.10445191250153E+03
 0.96545440000589E+02
 0.89502521366258E+02
 0.83208365033116E+02
 0.77565883294467E+02
 0.72492243016290E+02
 0.67917199068431E+02
 0.63780418970081E+02
 0.60030110776222E+02
 0.56621649493295E+02
 0.53516237977776E+02
 0.50680410627248E+02
 0.48084988729444E+02
 0.45704461158240E+02
 0.43516501544684E+02
 0.41501550366538E+02
 0.39642236708335E+02
 0.37923384480597E+02
 0.36331501626280E+02
 0.34861438212055E+02
 0.33489158852588E+02
 0.32211712366070E+02
 0.31020650784447E+02
 0.29908377859717E+02
 0.28868070296822E+02
 0.27893627059802E+02
 0.26979462655852E+02
 0.26120613110757E+02
 0.25312546089356E+02
 0.24551166570469E+02
 0.23832761847033E+02
 0.23153891458973E+02
 0.22511477327211E+02
 0.21902676742017E+02
 0.21324903170369E+02
 0.20775731358365E+02
 0.20252973328819E+02
 0.19754594392348E+02
 0.19278720508746E+02
 0.18823574306657E+02
 0.18387538554570E+02
 0.17969104895269E+02
 0.17566824520490E+02
 0.17179367791993E+02
 0.16805482363187E+02
 0.16444352751331E+02
 0.16094083311828E+02
 0.15753960021607E+02
 0.15422920588037E+02
 0.15099965476939E+02
 0.14784115566280E+02
 0.14474403830959E+02
 0.14169896927380E+02
 0.13869654781940E+02
 0.13572751541262E+02
 0.13278244876486E+02
 0.12985189472061E+02
 0.12692610262142E+02
 0.12399502378282E+02
 0.12104946297027E+02
 0.11807613250017E+02
 0.11506431912511E+02
 0.11200138655419E+02
 0.10887358074851E+02
 0.10566565856777E+02
 0.10236066294082E+02
 0.98939746515469E+01
 0.95379745237772E+01
 0.91654922682474E+01
 0.87733895380966E+01
 0.83577814654697E+01
 0.79138151937126E+01
 0.74351220395489E+01
 0.69131324825901E+01
 0.63358609225989E+01
 0.56862999368219E+01
 0.49425214836934E+01
 0.41005471573117E+01
 0.32899080831001E+01
 0.27342834259532E+01
 0.24019596572757E+01
 0.21881201060435E+01
 0.20378648955411E+01
 0.19252562148078E+01
 0.18369400162994E+01
 0.17653551636233E+01
 0.17058742505070E+01
 0.16554929609007E+01
 0.16121593409872E+01
 0.15744196519012E+01
 0.15412105459660E+01
 0.15117304198445E+01
 0.14853626749827E+01
 0.14616242459846E+01
 0.14401286693665E+01
 0.14205651289153E+01
 0.14026765718618E+01
 0.13862559532355E+01
 0.13711250368595E+01
 0.13571330473757E+01
 0.13441580134651E+01
 0.13320876989256E+01
 0.13208313039135E+01
 0.13103101400469E+01
 0.13004501078861E+01
 0.12911938214477E+01
 0.12824831400121E+01
 0.12742725063570E+01
 0.12665217043838E+01
 0.12591887580284E+01
 0.12522423449713E+01
 0.12456543409651E+01
 0.12393935743837E+01
 0.12334378029036E+01
 0.12277670613656E+01
 0.12223572049847E+01
 0.12171923033532E+01
 0.12122580608348E+01
 0.12075350294024E+01
 0.12030117552061E+01
 0.11986757322908E+01
 0.11945176084575E+01
 0.11905223504136E+01
 0.11866825057468E+01
 0.11829890891887E+01
 0.11794338587020E+01
 0.11760112651642E+01
 0.11727098588657E+01
 0.11695252760375E+01
 0.11664514113885E+01
 0.11634848128160E+01
 0.11606156083264E+01
 0.11578412199916E+01
 0.11551570198375E+01
 0.11525586956275E+01
 0.11500422108697E+01
 0.11476059700821E+01
 0.11452272350246E+01
 0.11429348966693E+01
 0.11407105821712E+01
 0.11385513448196E+01
 0.11364544083769E+01
 0.11344171548818E+01
 0.11324371143563E+01
 0.11305119528262E+01
 0.11286394637768E+01
 0.11268175589927E+01
 0.11250442608691E+01
 0.11233176941360E+01
 0.11216360825311E+01
 0.11199977373637E+01
 0.11184010550227E+01
 0.11168445110491E+01
 0.11153266551666E+01
 0.11138461066516E+01
 0.11124015486951E+01
 0.11109917305262E+01
 0.11096154547658E+01
 0.11082715799525E+01
 0.11069590161362E+01
 0.11056767217286E+01
 0.11044237009242E+01
 0.11031990011497E+01
 0.11020017087751E+01
 0.11008309545577E+01
 0.10996859001621E+01
 0.10985657437826E+01
 0.10974697164690E+01
 0.10963970804997E+01
 0.10953471276378E+01
 0.10943191778427E+01
 0.10933125755274E+01
 0.10923266970490E+01
 0.10913609364295E+01
 0.10904147127703E+01
 0.10894874670543E+01
 0.10885786611840E+01
 0.10876877768737E+01
 0.10868143148635E+01
 0.10859577939891E+01
 0.10851177478635E+01
 0.10842937340003E+01
 0.10834853183883E+01
 0.10826920844252E+01
 0.10819136299876E+01
 0.10811495667519E+01
 0.10803995196087E+01
 0.10796631261005E+01
 0.10789400359007E+01
 0.10782299102903E+01
 0.10775324216963E+01
 0.10768472506244E+01
 0.10761740956226E+01
 0.10755126573921E+01
 0.10748626485259E+01
 0.10742237907620E+01
 0.10735958145641E+01
 0.10729784587815E+01
 0.10723714703223E+01
 0.10717746038584E+01
 0.10711876215157E+01
 0.10706102926049E+01
 0.10700423906269E+01
 0.10694837038802E+01
 0.10689340190737E+01
 0.10683931316056E+01
 0.10678608429092E+01
 0.10673369601711E+01
 0.10668212961206E+01
 0.10663136688279E+01
 0.10658139015214E+01
 0.10653218224093E+01
 0.10648372645000E+01
 0.10643600654514E+01
 0.10638900645789E+01
 0.10634271139119E+01
 0.10629710614817E+01
 0.10625217618644E+01
 0.10620790736679E+01
 0.10616428592822E+01
 0.10612129847579E+01
 0.10607893196849E+01
 0.10603717370768E+01
 0.10599601132659E+01
 0.10595543277919E+01
 0.10591542633022E+01
 0.10587598054552E+01
 0.10583708399496E+01
 0.10579872638229E+01
 0.10576089685973E+01
 0.10572358509202E+01
 0.10568678101456E+01
 0.10565047481296E+01
 0.10561465698432E+01
 0.10557931804883E+01
 0.10554444896896E+01
 0.10551004085539E+01
 0.10547608503315E+01
