-0.00000000000000E+00
-0.00000000000000E+00
-0.00000000000000E+00
-0.33667642357773E-06
-0.00000000000000E+00
 0.37034406593550E-05
 0.16497144755309E-03
 0.26503168064039E-02
 0.23893589104888E-01
 0.14331776669426E+00
 0.63756448000556E+00
 0.22620494343828E+01
 0.67330914655567E+01
 0.17436035644445E+02
 0.40350419215208E+02
 0.85153634282813E+02
 0.16644663570416E+03
 0.30503913263304E+03
 0.52923586416317E+03
 0.87632222074496E+03
 0.13926813274519E+04
 0.21364408543022E+04
 0.31771702939889E+04
 0.45972490162263E+04
 0.64924532418841E+04
 0.89721369139787E+04
 0.12160086771620E+05
 0.16194632548583E+05
 0.21228748642850E+05
 0.27430309459761E+05
 0.34982785477381E+05
 0.44084632029649E+05
 0.54949235016967E+05
 0.67804559401872E+05
 0.82894107868218E+05
 0.10047637279344E+06
 0.12082419318478E+06
 0.14422492911273E+06
 0.17098036497039E+06
 0.20140628252232E+06
 0.23583238459381E+06
 0.27460226956056E+06
 0.31807160786070E+06
 0.36661093881095E+06
 0.42060177673839E+06
 0.48043867516687E+06
 0.54652821982355E+06
 0.61928817723975E+06
 0.69914749679698E+06
 0.78654555716355E+06
 0.88193174303785E+06
 0.98576527174110E+06
 0.10985140192048E+07
 0.12206542730605E+07
 0.13526702825152E+07
 0.14950530943663E+07
 0.16483007181549E+07
 0.18129167019326E+07
 0.19894100049540E+07
 0.21782942073722E+07
 0.23800867902834E+07
 0.25953084146156E+07
 0.28244825269023E+07
 0.30681345735276E+07
 0.33267913397689E+07
 0.36009803426408E+07
 0.38912294214444E+07
 0.41980660232379E+07
 0.45220167090306E+07
 0.48636066653945E+07
 0.52233593673875E+07
 0.56017959720126E+07
 0.59994350762460E+07
 0.64167922755859E+07
 0.68543798987629E+07
 0.73127068733643E+07
 0.77922783876244E+07
 0.82935957522159E+07
 0.88171564240351E+07
 0.93634538210125E+07
 0.99329773598895E+07
 0.10526207188135E+08
 0.11143634184158E+08
 0.11785732112556E+08
 0.12452975537927E+08
 0.13145835691623E+08
 0.13864780973430E+08
 0.14610276934453E+08
 0.15382787645137E+08
 0.16182775014925E+08
 0.17010700050148E+08
 0.17867023043806E+08
 0.18752204116474E+08
 0.19666704705831E+08
 0.20610986892888E+08
 0.21585515038040E+08
 0.22590755879253E+08
 0.23627180688045E+08
 0.24695263974514E+08
 0.25795485933758E+08
 0.26928331664001E+08
 0.28094294706621E+08
 0.29293874442154E+08
 0.30527577951062E+08
 0.31795923003945E+08
 0.33099434761316E+08
 0.34438647375069E+08
 0.35814084233051E+08
 0.37226339807499E+08
 0.38675958114913E+08
 0.40163514085389E+08
 0.41689586395397E+08
 0.43254759357138E+08
 0.44859624344316E+08
 0.46504766059742E+08
 0.48190770083083E+08
 0.49918202668006E+08
 0.51687616467494E+08
 0.53499522429796E+08
 0.55354389620273E+08
 0.57252618509519E+08
 0.59194441777710E+08
 0.61180126530315E+08
 0.63209611771711E+08
 0.65282634703665E+08
 0.67398574089895E+08
 0.69556354378936E+08
 0.71754264218023E+08
 0.73989569079656E+08
 0.76258522381042E+08
 0.78555340475706E+08
 0.80871487547622E+08
 0.83194584969623E+08
 0.85505749109556E+08
 0.87775549066521E+08
 0.89957147634625E+08
 0.91971196948403E+08
 0.93676248590616E+08
 0.94808370912114E+08
 0.94946638767130E+08
 0.94157883231294E+08
 0.93992654768867E+08
 0.95173452340439E+08
 0.97379782456832E+08
 0.10030768014331E+09
 0.10378198646945E+09
 0.10770355762318E+09
 0.11201535285975E+09
 0.11668355290853E+09
 0.12168970994701E+09
 0.12702393516093E+09
 0.13268391617537E+09
 0.13867182949945E+09
 0.14499351568677E+09
 0.15165776238981E+09
 0.15867598721624E+09
 0.16606090576840E+09
 0.17382775275609E+09
 0.18199290050661E+09
 0.19057407241302E+09
 0.19958993525536E+09
 0.20906013562793E+09
 0.21900513204318E+09
 0.22944589991819E+09
 0.24040398063128E+09
 0.25190127823162E+09
 0.26395989383058E+09
 0.27660218473468E+09
 0.28985049584748E+09
 0.30372725395609E+09
 0.31825511493580E+09
 0.33345566538950E+09
 0.34935137814514E+09
 0.36596421012099E+09
 0.38331586225221E+09
 0.40142789635494E+09
 0.42032165618110E+09
 0.44001820941749E+09
 0.46053847263859E+09
 0.48190315220747E+09
 0.50413269215248E+09
 0.52724740974646E+09
 0.55126742428699E+09
 0.57621270706094E+09
 0.60210302086266E+09
 0.62895804788246E+09
 0.65679732733037E+09
 0.68564028680379E+09
 0.71550627432900E+09
 0.74641449894976E+09
 0.77838415064414E+09
 0.81143433971376E+09
 0.84558414285699E+09
 0.88085254401382E+09
 0.91725855172051E+09
 0.95482112911971E+09
 0.99355923155882E+09
 0.10334918042792E+10
 0.10746378152788E+10
 0.11170161043620E+10
 0.11606458285750E+10
 0.12055458891362E+10
 0.12517353075201E+10
 0.12992331279878E+10
 0.13480584380607E+10
 0.13982303470737E+10
 0.14497680253810E+10
 0.15026906849760E+10
 0.15570175819649E+10
 0.16127680284952E+10
 0.16699614010271E+10
 0.17286171134595E+10
 0.17887546618495E+10
 0.18503935946799E+10
 0.19135535277280E+10
 0.19782541448663E+10
 0.20445151968379E+10
 0.21123565086019E+10
 0.21817979701836E+10
 0.22528595529747E+10
 0.23255612989060E+10
 0.23999233316427E+10
 0.24759658477042E+10
 0.25537091237227E+10
 0.26331735167474E+10
 0.27143794671503E+10
 0.27973474893589E+10
 0.28820981884613E+10
 0.29686522518062E+10
 0.30570304492568E+10
 0.31472536396398E+10
 0.32393427617028E+10
 0.33333188475013E+10
 0.34292030180501E+10
 0.35270164678882E+10
 0.36267804969668E+10
 0.37285164894640E+10
 0.38322459159602E+10
 0.39379903426243E+10
 0.40457714202340E+10
 0.41556108964866E+10
 0.42675306111098E+10
 0.43815524951848E+10
 0.44976985666973E+10
 0.46159909452573E+10
 0.47364518413126E+10
 0.48591035592044E+10
 0.49839684976773E+10
 0.51110691505547E+10
 0.52404281066200E+10
 0.53720680518069E+10
 0.55060117661405E+10
 0.56422821264275E+10
 0.57809021090397E+10
 0.59218947797432E+10
 0.60652833080503E+10
 0.62110909597898E+10
 0.63593410983647E+10
 0.65100571849894E+10
 0.66632627796767E+10
 0.68189815400124E+10
 0.69772372235492E+10
 0.71380536867941E+10
 0.73014548852194E+10
 0.74674648776452E+10
 0.76361078137479E+10
 0.78074079508833E+10
 0.79813896456119E+10
 0.81580773541268E+10
 0.83374956330223E+10
 0.85196691409906E+10
 0.87046226368081E+10
 0.88923809806670E+10
 0.90829691351245E+10
 0.92764121629974E+10
 0.94727352304233E+10
 0.96719636082987E+10
 0.98741226600770E+10
 0.10079237861352E+11
 0.10287334786450E+11
 0.10498439113378E+11
 0.10712576622003E+11
 0.10929773196041E+11
 0.11150054821894E+11
 0.11373447589299E+11
 0.11599977691182E+11
 0.11829671424587E+11
 0.12062555189664E+11
 0.12298655490494E+11
 0.12537998938091E+11
 0.12780612238733E+11
 0.13026522211246E+11
 0.13275755776346E+11
 0.13528339958541E+11
 0.13784301886797E+11
 0.14043669274253E+11
 0.14306468497010E+11
 0.14572727480973E+11
 0.14842473773910E+11
 0.15115735028021E+11
