 0.10940782383175E+00
 0.10940782383175E+00
 0.10940782383175E+00
 0.10940782383175E+00
 0.10940782383175E+00
 0.10940782383173E+00
 0.10940782383111E+00
 0.10940782382286E+00
 0.10940782376052E+00
 0.10940782344698E+00
 0.10940782227389E+00
 0.10940781875831E+00
 0.10940780987376E+00
 0.10940779023010E+00
 0.10940775119397E+00
 0.10940768006462E+00
 0.10940755930445E+00
 0.10940736611104E+00
 0.10940707199651E+00
 0.10940664275491E+00
 0.10940603848718E+00
 0.10940521391219E+00
 0.10940411867860E+00
 0.10940269790152E+00
 0.10940089263192E+00
 0.10939864042606E+00
 0.10939587596712E+00
 0.10939253154941E+00
 0.10938853763674E+00
 0.10938382340751E+00
 0.10937831713317E+00
 0.10937194668718E+00
 0.10936463984275E+00
 0.10935632417242E+00
 0.10934692907032E+00
 0.10933638360230E+00
 0.10932461679572E+00
 0.10931156275919E+00
 0.10929715075007E+00
 0.10928131774369E+00
 0.10926399833402E+00
 0.10924512958387E+00
 0.10922465006519E+00
 0.10920249978804E+00
 0.10917862026441E+00
 0.10915295433771E+00
 0.10912544618105E+00
 0.10909604114263E+00
 0.10906468562885E+00
 0.10903132690249E+00
 0.10899591297541E+00
 0.10895839234951E+00
 0.10891871382261E+00
 0.10887682619187E+00
 0.10883267803805E+00
 0.10878621739973E+00
 0.10873739145885E+00
 0.10868614617123E+00
 0.10863242595423E+00
 0.10857617323361E+00
 0.10851732807604E+00
 0.10845582771247E+00
 0.10839160611138E+00
 0.10832459345013E+00
 0.10825471563505E+00
 0.10818189374175E+00
 0.10810604344571E+00
 0.10802707455036E+00
 0.10794489015728E+00
 0.10785938620861E+00
 0.10777045073500E+00
 0.10767796313544E+00
 0.10758179372506E+00
 0.10748180255364E+00
 0.10737783886004E+00
 0.10726974027278E+00
 0.10715733188530E+00
 0.10704042517178E+00
 0.10691881788930E+00
 0.10679229180770E+00
 0.10666061255339E+00
 0.10652348120958E+00
 0.10638071058976E+00
 0.10623197245559E+00
 0.10607695468198E+00
 0.10591532291476E+00
 0.10574671883242E+00
 0.10557075759176E+00
 0.10538702930447E+00
 0.10519509277141E+00
 0.10499447668575E+00
 0.10478467610411E+00
 0.10456514949111E+00
 0.10433532108876E+00
 0.10409457054668E+00
 0.10384223527225E+00
 0.10357760348153E+00
 0.10329991858484E+00
 0.10300836400481E+00
 0.10270206588963E+00
 0.10238008391253E+00
 0.10204141728536E+00
 0.10168498199375E+00
 0.10130961043542E+00
 0.10091405762386E+00
 0.10049697010038E+00
 0.10005688465903E+00
 0.99592132811318E-01
 0.99101186538113E-01
 0.98582104790113E-01
 0.98032890258625E-01
 0.97451346702429E-01
 0.96835077249327E-01
 0.96181484376553E-01
 0.95487682768667E-01
 0.94750536542494E-01
 0.93966543381629E-01
 0.93131869268017E-01
 0.92242200228237E-01
 0.91292759385410E-01
 0.90278188781178E-01
 0.89192196956598E-01
 0.88028240142102E-01
 0.86778318891893E-01
 0.85433418059243E-01
 0.83983000249750E-01
 0.82414797276879E-01
 0.80714348459117E-01
 0.78863964605725E-01
 0.76842963070166E-01
 0.74625206178587E-01
 0.72177691951186E-01
 0.69458714297122E-01
 0.66412808754735E-01
 0.62963985010506E-01
 0.59005932949866E-01
 0.54381408884275E-01
 0.48851462636404E-01
 0.42062628951556E-01
 0.33731805677676E-01
 0.25008360462488E-01
 0.18637488757608E-01
 0.14706118765007E-01
 0.12150076810821E-01
 0.10353017488540E-01
 0.90117300731089E-02
 0.79666150791353E-02
 0.71261428068603E-02
 0.64338079281419E-02
 0.58527736505768E-02
 0.53577734445615E-02
 0.49309166522972E-02
 0.45590986129980E-02
 0.42324474573465E-02
 0.39433772583373E-02
 0.36859556117529E-02
 0.34554328445453E-02
 0.32480046857509E-02
 0.30605284798822E-02
 0.28904648978789E-02
 0.27356390167219E-02
 0.25942144585771E-02
 0.24646932422072E-02
 0.23457147003747E-02
 0.22361660737854E-02
 0.21350827683864E-02
 0.20415701285335E-02
 0.19549186959596E-02
 0.18744300519641E-02
 0.17995443331017E-02
 0.17297682215041E-02
 0.16646007124465E-02
 0.16036580800151E-02
 0.15465952268497E-02
 0.14930473496969E-02
 0.14427420786197E-02
 0.13954353266988E-02
 0.13508505409363E-02
 0.13087936894275E-02
 0.12690908642007E-02
 0.12315253064607E-02
 0.11959583515111E-02
 0.11622453161746E-02
 0.11302737257800E-02
 0.10998823421342E-02
 0.10709819010860E-02
 0.10434715595714E-02
 0.10172594317041E-02
 0.99227991570019E-03
 0.96841599042889E-03
 0.94561618253604E-03
 0.92381471320831E-03
 0.90297084800999E-03
 0.88298755232731E-03
 0.86383415999087E-03
 0.84546255625730E-03
 0.82782828873147E-03
 0.81089011283901E-03
 0.79462912971027E-03
 0.77883968097608E-03
 0.76377417331930E-03
 0.74926659926332E-03
 0.73528815737178E-03
 0.72181194520058E-03
 0.70881282843282E-03
 0.69626725844456E-03
 0.68415321261750E-03
 0.67245003498477E-03
 0.66113833863514E-03
 0.65019991807918E-03
 0.63961766390492E-03
 0.62937546825374E-03
 0.61945817482623E-03
 0.60985149343882E-03
 0.60054194712870E-03
 0.59151681501177E-03
 0.58276407888852E-03
 0.57427237177084E-03
 0.56603095622527E-03
 0.55802965092605E-03
 0.55025881353556E-03
 0.54270930472443E-03
 0.53537245164671E-03
 0.52824002132080E-03
 0.52130419294455E-03
 0.51455752164868E-03
 0.50799295749276E-03
 0.50160376083856E-03
 0.49538352364308E-03
 0.48932613970470E-03
 0.48342578892104E-03
 0.47767691767334E-03
 0.47207422780628E-03
 0.46661264537319E-03
 0.46128736343725E-03
 0.45609374854335E-03
 0.45102738199066E-03
 0.44608403541528E-03
 0.44125966270063E-03
 0.43655038749727E-03
 0.43195249726935E-03
 0.42746243351608E-03
 0.42307676549615E-03
 0.41879225432185E-03
 0.41460574120982E-03
 0.41051420917718E-03
 0.40651476083307E-03
 0.40260461218977E-03
 0.39878108727534E-03
 0.39504161290746E-03
 0.39138371412216E-03
 0.38780500904643E-03
 0.38430320498091E-03
 0.38087607429364E-03
 0.37752153000673E-03
 0.37423750383533E-03
 0.37102202019804E-03
 0.36787317472537E-03
 0.36478913065406E-03
 0.36176811593784E-03
 0.35880842028399E-03
 0.35590839280504E-03
 0.35306643925234E-03
 0.35028101970432E-03
 0.34755062454607E-03
 0.34487385918300E-03
 0.34224931284300E-03
 0.33967564080193E-03
 0.33715154295190E-03
 0.33467576152917E-03
 0.33224707948578E-03
 0.32986431868327E-03
 0.32752633848285E-03
 0.32523203434802E-03
 0.32298033624029E-03
 0.32077020760305E-03
 0.31860062035809E-03
 0.31647064702808E-03
 0.31437932181556E-03
 0.31232572819473E-03
 0.31030897823307E-03
 0.30832821045900E-03
 0.30638258901489E-03
 0.30447130264555E-03
 0.30259356383056E-03
 0.30074860796546E-03
 0.29893569254311E-03
 0.29715409634055E-03
 0.29540311872087E-03
 0.29368205405735E-03
 0.29199028938431E-03
 0.29032715907927E-03
 0.28869203669628E-03
 0.28708431421220E-03
 0.28550340036794E-03
 0.28394874572822E-03
 0.28241973872154E-03
 0.28091586138485E-03
 0.27943658390624E-03
 0.27798139057776E-03
