-0.13642672644084E+01
-0.13642672644084E+01
-0.13642672644084E+01
-0.13642672644084E+01
-0.13642672644084E+01
-0.13642672644084E+01
-0.13642672644085E+01
-0.13642672644101E+01
-0.13642672644242E+01
-0.13642672645029E+01
-0.13642672648289E+01
-0.13642672659003E+01
-0.13642672688490E+01
-0.13642672759078E+01
-0.13642672910203E+01
-0.13642673205689E+01
-0.13642673741832E+01
-0.13642674655876E+01
-0.13642676134497E+01
-0.13642678423598E+01
-0.13642681829086E+01
-0.13642686734324E+01
-0.13642693598136E+01
-0.13642702963829E+01
-0.13642715463067E+01
-0.13642731817060E+01
-0.13642752842205E+01
-0.13642779450814E+01
-0.13642812651782E+01
-0.13642853552274E+01
-0.13642903362312E+01
-0.13642963390748E+01
-0.13643035044903E+01
-0.13643119828251E+01
-0.13643219346738E+01
-0.13643335305172E+01
-0.13643469502978E+01
-0.13643623835351E+01
-0.13643800292619E+01
-0.13644000957423E+01
-0.13644228004216E+01
-0.13644483699097E+01
-0.13644770387780E+01
-0.13645090514044E+01
-0.13645446594049E+01
-0.13645841229953E+01
-0.13646277103267E+01
-0.13646756969241E+01
-0.13647283656880E+01
-0.13647860063970E+01
-0.13648489154292E+01
-0.13649173956471E+01
-0.13649917556241E+01
-0.13650723094809E+01
-0.13651593765892E+01
-0.13652532808041E+01
-0.13653543505722E+01
-0.13654629179934E+01
-0.13655793187361E+01
-0.13657038915163E+01
-0.13658369776227E+01
-0.13659789204414E+01
-0.13661300651954E+01
-0.13662907584268E+01
-0.13664613475606E+01
-0.13666421805045E+01
-0.13668336053787E+01
-0.13670359700447E+01
-0.13672496217798E+01
-0.13674749069545E+01
-0.13677121708108E+01
-0.13679617570618E+01
-0.13682240077322E+01
-0.13684992628673E+01
-0.13687878603576E+01
-0.13690901358509E+01
-0.13694064225284E+01
-0.13697370510143E+01
-0.13700823493910E+01
-0.13704426430771E+01
-0.13708182548525E+01
-0.13712095013836E+01
-0.13716167064143E+01
-0.13720401824015E+01
-0.13724802423297E+01
-0.13729371969850E+01
-0.13734113552862E+01
-0.13739030242733E+01
-0.13744125100095E+01
-0.13749401171333E+01
-0.13754861496870E+01
-0.13760509112429E+01
-0.13766347052594E+01
-0.13772378360635E+01
-0.13778606084065E+01
-0.13785033285432E+01
-0.13791663042962E+01
-0.13798498464782E+01
-0.13805542680378E+01
-0.13812798856729E+01
-0.13820270193152E+01
-0.13827959944647E+01
-0.13835871404725E+01
-0.13844007917681E+01
-0.13852372898311E+01
-0.13860969810150E+01
-0.13869802176033E+01
-0.13878873447804E+01
-0.13888187546123E+01
-0.13897748058883E+01
-0.13907558777860E+01
-0.13917623519535E+01
-0.13927946137562E+01
-0.13938530532164E+01
-0.13949380559570E+01
-0.13960500081789E+01
-0.13971892833374E+01
-0.13983562459179E+01
-0.13995512329007E+01
-0.14007745536432E+01
-0.14020264722638E+01
-0.14033071422193E+01
-0.14046167396711E+01
-0.14059552243914E+01
-0.14073224230596E+01
-0.14087179259584E+01
-0.14101410237408E+01
-0.14115905877367E+01
-0.14130648144723E+01
-0.14145612330039E+01
-0.14160760289050E+01
-0.14176035726399E+01
-0.14191357002649E+01
-0.14206599576600E+01
-0.14221569345773E+01
-0.14235957409749E+01
-0.14249240454027E+01
-0.14260485598972E+01
-0.14267952164374E+01
-0.14268864067587E+01
-0.14263662072464E+01
-0.14262572358838E+01
-0.14270359946917E+01
-0.14284911120231E+01
-0.14304221171055E+01
-0.14327134892407E+01
-0.14352998411696E+01
-0.14381435534190E+01
-0.14412223215267E+01
-0.14445239787975E+01
-0.14480420033673E+01
-0.14517748701801E+01
-0.14557240146858E+01
-0.14598932888423E+01
-0.14642884882762E+01
-0.14689171431202E+01
-0.14737876395597E+01
-0.14789100251802E+01
-0.14842950978478E+01
-0.14899545464825E+01
-0.14959006821863E+01
-0.15021464622678E+01
-0.15087053795111E+01
-0.15155912676089E+01
-0.15228183335163E+01
-0.15304010233769E+01
-0.15383539133006E+01
-0.15466917483629E+01
-0.15554292654593E+01
-0.15645812554891E+01
-0.15741626604398E+01
-0.15841877170929E+01
-0.15946712467126E+01
-0.16056277303106E+01
-0.16170714800729E+01
-0.16290167164336E+01
-0.16414775160096E+01
-0.16544677733471E+01
-0.16680012833312E+01
-0.16820917022082E+01
-0.16967525132098E+01
-0.17119971159698E+01
-0.17278387795537E+01
-0.17442906754109E+01
-0.17613658374861E+01
-0.17790772465640E+01
-0.17974377891310E+01
-0.18164602780629E+01
-0.18361574737568E+01
-0.18565420449481E+01
-0.18776266477980E+01
-0.18994238859197E+01
-0.19219463407641E+01
-0.19452065326064E+01
-0.19692169979435E+01
-0.19939902433342E+01
-0.20195387701964E+01
-0.20458750732826E+01
-0.20730116623540E+01
-0.21009609626254E+01
-0.21297356085389E+01
-0.21593480658131E+01
-0.21898108794778E+01
-0.22211366095913E+01
-0.22533378447424E+01
-0.22864271879068E+01
-0.23204172823034E+01
-0.23553207986128E+01
-0.23911504366093E+01
-0.24279189330268E+01
-0.24656390670155E+01
-0.25043236424166E+01
-0.25439855172563E+01
-0.25846375841367E+01
-0.26262927800417E+01
-0.26689640868657E+01
-0.27126645306051E+01
-0.27574071862035E+01
-0.28032051715167E+01
-0.28500716580634E+01
-0.28980198638841E+01
-0.29470630609247E+01
-0.29972145691799E+01
-0.30484877614803E+01
-0.31008960636930E+01
-0.31544529566384E+01
-0.32091719699775E+01
-0.32650666931641E+01
-0.33221507699041E+01
-0.33804378983236E+01
-0.34399418352218E+01
-0.35006763901071E+01
-0.35626554340264E+01
-0.36258928966971E+01
-0.36904027563269E+01
-0.37561990606450E+01
-0.38232959129302E+01
-0.38917074734449E+01
-0.39614479654940E+01
-0.40325316681838E+01
-0.41049729245405E+01
-0.41787861382867E+01
-0.42539857733939E+01
-0.43305863511491E+01
-0.44086024598622E+01
-0.44880487477527E+01
-0.45689399249646E+01
-0.46512907639024E+01
-0.47351160996772E+01
-0.48204308300281E+01
-0.49072499167665E+01
-0.49955883837591E+01
-0.50854613187017E+01
-0.51768838749555E+01
-0.52698712648386E+01
-0.53644387690921E+01
-0.54606017319794E+01
-0.55583755621161E+01
-0.56577757326264E+01
-0.57588177817938E+01
-0.58615173122532E+01
-0.59658899925693E+01
-0.60719515565696E+01
-0.61797178033506E+01
-0.62892046001690E+01
-0.64004278742028E+01
-0.65134036236468E+01
-0.66281479121232E+01
-0.67446768689637E+01
-0.68630066897167E+01
-0.69831536372658E+01
-0.71051340405025E+01
-0.72289642952037E+01
-0.73546608646581E+01
-0.74822402782775E+01
-0.76117191336159E+01
-0.77431140973176E+01
-0.78764418970700E+01
-0.80117193345194E+01
-0.81489632764283E+01
-0.82881906579373E+01
-0.84294184813681E+01
-0.85726638175303E+01
-0.87179438049585E+01
-0.88652756503382E+01
-0.90146766284100E+01
-0.91661640825827E+01
-0.93197554242644E+01
-0.94754681334096E+01
-0.96333197604946E+01
-0.97933279188271E+01
-0.99555102959404E+01
-0.10119884646566E+02
-0.10286468793891E+02
-0.10455280629990E+02
-0.10626338432214E+02
-0.10799659596113E+02
-0.10975262539359E+02
-0.11153165430238E+02
-0.11333386505909E+02
