 0.00000000000000E+00
 0.00000000000000E+00
 0.00000000000000E+00
 0.00000000000000E+00
 0.11312529510270E-26
-0.14237576081461E-25
-0.11367506289198E-23
-0.14290579334992E-22
-0.34836294405839E-22
-0.46007004501502E-21
-0.21265011938263E-20
-0.53212920869207E-20
-0.22854267296390E-19
-0.17230850567172E-19
-0.56760448927154E-19
-0.62525182021319E-19
-0.29966178183601E-18
-0.73473247777928E-18
-0.10605241773231E-17
-0.10216880806888E-17
-0.35029305623615E-17
-0.20949765694932E-17
-0.30206430211668E-17
-0.54679232466492E-17
-0.92633052649116E-17
-0.68112538712585E-17
-0.60880837071496E-17
-0.13168424151100E-16
-0.91443040478505E-17
-0.34994708778555E-16
 0.73495884251845E-12
-0.11936666784141E-11
 0.13523329281299E-11
 0.38234522193798E-12
-0.86029691219819E-13
-0.17082313914125E-11
 0.22685222930898E-11
-0.20367249361236E-11
 0.76423823962900E-12
-0.33548015408754E-11
 0.70477955387080E-12
 0.13351254638506E-11
 0.84106047095712E-12
 0.15030530142784E-11
 0.11499589052079E-11
-0.76367920552457E-12
 0.54920633609132E-12
-0.14600785431866E-12
 0.21428653202363E-12
 0.15219196426014E-11
 0.62695018744583E-13
 0.99500249618837E-12
-0.22933352989166E-11
 0.18946988337145E-11
 0.13526356945566E-11
 0.47332220501840E-12
-0.31208422771603E-12
-0.35006700760850E-12
 0.29350584166505E-11
 0.94447837076126E-12
-0.18813002986368E-11
-0.12499192824498E-11
-0.91237877210648E-12
-0.21847305670514E-11
 0.61371848034253E-12
-0.73545293873085E-12
 0.10689302326937E-11
 0.13569257092644E-12
-0.26106155937653E-11
-0.61271289376664E-13
 0.22750043292704E-12
-0.13147935899455E-11
-0.20611423996031E-12
 0.89071623497007E-12
 0.90341584587622E-12
-0.62032216028690E-12
-0.88104954664261E-12
-0.84255857747665E-12
-0.22503461288342E-11
-0.37326049012045E-11
-0.85152481806497E-12
 0.21910840160609E-13
 0.70178608111760E-12
 0.28253167550093E-13
-0.60136890574823E-12
 0.23514443796967E-11
 0.32505954904271E-12
 0.12467213408316E-11
-0.64286579351538E-12
 0.75411748793031E-12
 0.14253985326333E-12
 0.82435172279114E-12
-0.23281078614161E-12
 0.11683899293168E-12
-0.28352130550767E-11
-0.11533674786415E-11
-0.10447033964640E-11
 0.56756223169650E-12
 0.34647234840997E-12
-0.29781141363805E-12
-0.77247715075630E-12
-0.19969409678744E-11
 0.35324155388238E-12
-0.18817447577175E-12
 0.24816732123937E-12
 0.21392662785194E-12
-0.22532226008208E-11
-0.91756368595286E-13
-0.11989187894078E-11
-0.28013873124448E-12
 0.34718625954973E-12
 0.16807424105084E-11
 0.46633127870874E-12
-0.24799018539269E-14
-0.10615812905742E-11
 0.74865243985049E-12
 0.21067084185242E-11
 0.38213606279617E-12
-0.16269823322669E-11
-0.88898281708636E-12
 0.96666984167194E-12
 0.12498705343790E-11
-0.50850085087711E-12
-0.26980932186552E-12
-0.10115618858241E-11
 0.21516691299748E-11
-0.61813994557403E-12
-0.88840546493599E-12
-0.11062669153958E-11
 0.53222509018888E-13
 0.47137065773110E-12
 0.27262011971462E-12
-0.51328374612701E-12
-0.14385281425800E-12
 0.69068022078362E-12
-0.14036973876123E-12
 0.22406003757594E-12
-0.26570531037528E-11
 0.13356144790551E-11
-0.33478675028011E-13
-0.52639135445617E-10
-0.14741514609204E-10
-0.92593638955479E-11
-0.21099831607160E-12
 0.18327329839088E-11
-0.79652748985211E-11
 0.71417124573734E-11
 0.16257867920284E-09
 0.81751878632902E-11
-0.10613186366213E-10
 0.97652294195019E-11
 0.96414668446162E-11
 0.89607120321883E-12
 0.51566821498410E-11
 0.16102402721716E-10
-0.58388335342298E-11
-0.28562782958080E-11
 0.13211410301911E-10
 0.22811353808044E-11
 0.18524494863554E-10
 0.68582070848269E-11
-0.25570543560488E-12
-0.11740676939066E-10
 0.37820922688824E-11
-0.67218866978797E-11
-0.27107777286937E-10
-0.16262216277079E-11
 0.11856233627777E-10
-0.15541853072043E-10
-0.71330146407391E-11
-0.55624633654075E-11
 0.26146239639446E-11
 0.19616052333945E-10
-0.60096744334060E-10
 0.50652236271204E-10
 0.58834544256294E-11
 0.74894717277978E-11
 0.39662825785993E-11
-0.10698878474252E-10
-0.18622409655087E-11
 0.26238896139448E-09
 0.12593541150952E-11
-0.10563243582122E-10
-0.13844321654095E-11
 0.61583067616689E-11
-0.26701343251730E-10
 0.53642266326520E-11
-0.90330688848625E-11
-0.36114928789298E-10
 0.19721641379307E-10
-0.34532075013417E-10
 0.48250830396387E-10
-0.28620894225443E-10
 0.19045646238156E-11
 0.12366179388717E-09
 0.20593226459588E-09
 0.12539793666893E-10
 0.19792923330140E-10
-0.28252098682129E-08
 0.10475105430986E-10
 0.21712392040719E-10
-0.19664394027453E-11
 0.53098534599871E-10
-0.18053101990267E-10
 0.60581413515834E-10
-0.19818797775373E-10
-0.19074398723420E-10
 0.33117334251725E-09
 0.51523485086382E-10
-0.25582384107753E-10
-0.88063547919913E-11
-0.11561246294285E-09
 0.57797388970463E-09
-0.25205444323476E-10
-0.25183437929907E-10
 0.11329293847339E-10
 0.10278724631641E-10
 0.50567064415803E-10
 0.15947467483662E-11
-0.45832914816528E-10
-0.38207634659216E-10
-0.68933228614229E-11
 0.31381225194885E-09
-0.75058126597718E-10
 0.64056856847667E-10
-0.51511731252537E-12
-0.97802959247759E-10
 0.96709907287930E-10
 0.92099006563226E-10
-0.72922053123812E-10
-0.15850759693876E-11
 0.11964277942883E-09
 0.36932614212683E-10
 0.10957757918987E-09
 0.16939278809520E-09
 0.32698993885135E-09
 0.32982317963272E-10
-0.69174507350498E-10
 0.71919228995539E-12
-0.56526486074108E-09
-0.54412660540425E-09
 0.34009857708087E-09
-0.73699988884340E-10
-0.10516670212223E-09
 0.47501396464595E-10
-0.13747937152228E-08
 0.14254355375309E-09
 0.30554438759327E-09
-0.10463632150120E-10
 0.28583705874226E-10
-0.15676805286529E-09
 0.38774517246127E-09
-0.23899651255692E-09
 0.23873230170945E-09
 0.70657480323342E-10
-0.75922195257965E-10
-0.11636741636368E-09
-0.10432289637117E-09
 0.10632838678789E-09
-0.62846969961641E-10
 0.15644064631292E-09
-0.10235944453415E-09
 0.33644894457215E-10
 0.20192713568409E-10
-0.11628624759750E-09
 0.90194738970699E-10
 0.11030781776287E-09
 0.19262397062882E-09
 0.30657118294133E-10
-0.61531545235349E-10
 0.17306588982942E-09
-0.81924287127365E-10
-0.74019892522653E-10
 0.12810977481473E-09
-0.11899027200646E-09
 0.78183757926931E-11
-0.73556073449747E-10
 0.98996254727110E-10
-0.13927214141608E-09
-0.84089929149719E-10
 0.57526662792297E-10
-0.12767674443590E-09
 0.11134973138990E-09
-0.73339150443832E-10
 0.11772347833706E-08
 0.36060200832034E-10
-0.73475050574520E-10
-0.66702746799016E-10
 0.10034880805135E-09
-0.36219565173598E-10
 0.14284234678618E-09
 0.10656430419144E-09
-0.24208771428248E-09
 0.36121946742844E-10
 0.14458550762831E-09
-0.33627147422248E-09
 0.17147494289842E-09
-0.16114022771901E-09
 0.28472922636977E-11
-0.21684737951891E-09
