 0.00000000000000E+00
 0.00000000000000E+00
 0.00000000000000E+00
-0.65229309445924E-25
-0.48032224987057E-25
-0.27796426497139E-25
 0.12171066485537E-25
 0.39870499256834E-24
 0.10014949517192E-22
 0.15524015115817E-21
 0.36260540696465E-21
 0.58350258502795E-21
 0.44774691294261E-22
-0.11471719740349E-20
-0.50132265022343E-20
 0.29587850592027E-19
 0.25949016042835E-19
 0.70707652001797E-19
 0.15328452041334E-18
-0.56661118141532E-19
 0.16315334741830E-18
 0.47063872235432E-18
 0.58367114383759E-18
 0.48091998422596E-18
 0.47061465592398E-18
 0.41264355496791E-18
 0.24564761882898E-18
 0.26522616039687E-17
-0.72691107870376E-18
 0.65661608512985E-18
 0.59510034233513E-18
 0.27543599096578E-17
 0.47168061995781E-12
 0.13915491872232E-12
-0.35417460224423E-13
 0.10531057353350E-12
 0.50233839313192E-12
 0.16798937798226E-12
-0.80952044460837E-12
 0.38598555950235E-12
-0.86877905738125E-12
 0.63147611213286E-12
 0.67367346761194E-12
-0.14344418161018E-11
-0.25076236384629E-12
-0.13617366693709E-11
-0.61910845604773E-12
 0.80913370818065E-12
-0.34334928215218E-12
-0.92838630235555E-13
-0.15631911140971E-11
-0.29110774042178E-12
 0.59384474421506E-12
 0.12161964478699E-12
-0.14044490166889E-12
 0.21354696234942E-12
-0.15566366870278E-11
-0.71610904790857E-12
-0.23741817244747E-12
-0.49825246264029E-12
-0.23856954192213E-12
 0.65498799478587E-12
-0.13325735040934E-12
 0.35945990414982E-12
 0.53672990428874E-12
 0.16260668379396E-12
 0.49715731343833E-12
-0.32405941099879E-12
 0.38067034576784E-12
-0.47752575027446E-12
 0.95816430467187E-13
 0.42860504415422E-13
 0.21818039271171E-12
-0.33522370305787E-12
-0.14075610468113E-11
 0.44691342521466E-12
 0.59258267004416E-13
 0.24899907885285E-12
 0.51337781269582E-12
 0.18193970656491E-12
 0.41388554693790E-13
 0.99428573389107E-13
 0.93788180531111E-13
 0.18337009201871E-12
-0.46246098660110E-14
-0.18546787894437E-12
-0.21235131456073E-12
-0.57759432828272E-13
 0.11464697257347E-12
-0.16597669910164E-12
 0.40085981313927E-13
 0.12087321056845E-12
-0.98074203499270E-13
 0.15950683825008E-14
 0.14390670518735E-13
 0.14832574958829E-12
 0.25858503514590E-13
 0.12426136427706E-13
-0.67298804306483E-13
-0.22559796740043E-13
 0.39152510397274E-13
-0.55057434303936E-14
 0.44565207773340E-13
 0.39954899949027E-13
-0.68213348446357E-13
 0.86202165801114E-13
 0.50926754241738E-13
-0.51802824918971E-13
-0.18235913278905E-13
-0.26835637936804E-13
 0.16196016135585E-12
 0.89144182791782E-13
 0.11343790306173E-12
 0.13477752465774E-13
-0.24572094576937E-13
 0.48951513696418E-13
-0.98015962608903E-14
 0.22900386132677E-13
-0.61617315401821E-13
-0.59487029617909E-13
-0.55981315629662E-13
-0.42962412769498E-14
 0.10636409578262E-13
-0.45772954331174E-14
-0.29334652152280E-12
 0.10845708765823E-12
 0.24374731341084E-13
 0.64979285068698E-14
 0.39146531483513E-13
-0.64925755084121E-14
 0.70549193565583E-15
-0.21025348443838E-13
-0.59932646264360E-13
-0.15354131532385E-13
-0.57427639202625E-13
 0.94536532615574E-14
 0.46820947107482E-13
 0.42489076062265E-14
 0.93964256061384E-13
 0.41086751375227E-12
 0.56447430984658E-13
 0.41165876403684E-13
-0.78243894724847E-13
-0.87284617336596E-13
-0.19529652553989E-12
-0.27952476926570E-12
-0.15264491461166E-14
 0.15218326907612E-12
-0.69604178566434E-13
-0.15810344970738E-13
 0.52914363461464E-13
 0.21718276066513E-13
 0.12278357780447E-13
 0.43094620992215E-13
 0.79064641962419E-15
 0.46847072982453E-13
 0.12513512420521E-12
-0.33137103113874E-13
 0.45325699786346E-13
-0.35239689903348E-13
 0.11863864550134E-13
-0.72415394409008E-12
 0.28241309655396E-13
-0.38026522284659E-12
 0.92021626245440E-13
-0.66686120345937E-13
-0.31528129641662E-12
 0.11292313926612E-10
-0.25858602771631E-11
 0.11146092470555E-11
 0.11311721488536E-10
-0.40368606487235E-12
-0.69159642520078E-12
 0.12727250626365E-12
 0.52575737061182E-12
 0.35580294978046E-12
 0.96459736897393E-12
-0.29454982040281E-12
-0.40539139824499E-11
-0.11293633947251E-12
 0.73648334273840E-13
 0.18443690640328E-12
-0.24843274633458E-12
-0.99981989362908E-13
-0.24806089733166E-13
 0.31864767651885E-12
 0.27127551989376E-11
 0.72921499324908E-12
-0.14909777224631E-11
 0.49995029601590E-11
 0.67504643877351E-11
-0.27997960639008E-12
 0.11950309426864E-10
 0.60657141589044E-11
-0.24028293548204E-11
 0.11605571296441E-11
-0.76037956685112E-12
 0.35384695616151E-12
-0.77961191859225E-11
 0.13038045821410E-10
-0.28874054109376E-12
-0.45453738302859E-13
-0.17467786737288E-12
 0.39128452710600E-14
 0.10134360403550E-12
-0.34681026197719E-11
 0.56613473714924E-12
 0.59761056998944E-12
 0.93937626487798E-12
 0.36618303199676E-10
-0.44966979325796E-12
 0.31544873957614E-12
 0.34258239525232E-10
 0.16846433427916E-11
 0.10642983970086E-11
-0.41735831766789E-11
 0.17404315052135E-09
 0.17151726776917E-10
 0.74463612566560E-11
-0.24633261899350E-11
 0.12941491821291E-10
 0.52915055109338E-12
 0.67689422580353E-11
-0.50615650321629E-13
-0.11335177205958E-12
 0.16251744199383E-10
 0.33915016944907E-11
 0.72952972062449E-11
-0.12707959922352E-11
 0.62287503476250E-13
-0.42206949482480E-11
 0.24438422695207E-11
 0.92999816382821E-11
 0.47136692531346E-12
-0.20102769522224E-12
 0.48851424927408E-11
-0.49827787118168E-11
-0.27497877744226E-11
 0.18207494148077E-10
 0.12639119453344E-12
-0.45079092406523E-11
 0.27139628535493E-11
 0.25384516691871E-11
 0.18108525195801E-11
 0.95654032756843E-12
 0.26208368623664E-11
 0.23487582521353E-11
 0.62669476051002E-13
-0.38080942427976E-13
 0.33191279400550E-13
 0.16899969282480E-11
-0.72754642684764E-12
 0.24600822060039E-12
 0.30448876040137E-13
 0.14071412732372E-12
 0.22164570281009E-12
-0.32416393945653E-10
 0.48957189357020E-12
-0.71489294583730E-12
-0.10820087794873E-11
 0.11377717283722E-12
 0.32183940123987E-14
 0.41572706948441E-14
-0.74297629923101E-11
-0.12872649830463E-13
-0.44895995328835E-14
-0.95532447946271E-12
-0.26075616007825E-13
-0.17153694069992E-12
-0.31137152881858E-12
 0.79538089917182E-12
 0.23426217079316E-12
-0.22592457430031E-13
 0.26047873647438E-11
 0.12835241912819E-12
-0.21502009523677E-14
-0.21758986112918E-12
 0.39329472930616E-16
 0.15160537004759E-12
-0.93150419032845E-12
-0.35478318990556E-11
-0.30482719567176E-12
-0.64235999334377E-13
-0.59631152467370E-13
-0.12357788330600E-12
-0.86147523664853E-14
 0.94132619987281E-13
-0.41075426157726E-12
 0.26845370842716E-12
 0.19862799654864E-12
 0.13516055073912E-10
-0.95766760737863E-12
 0.42821082195614E-12
-0.22105560622754E-12
-0.30464650838952E-10
 0.10934510174705E-12
-0.83215240384163E-14
-0.52461570220610E-13
 0.66572875496543E-13
 0.33017273673890E-13
