 0.00000000000000E+00
 0.00000000000000E+00
 0.00000000000000E+00
-0.13940602798978E-24
-0.56822122159688E-24
-0.39459807055339E-24
 0.45520335670132E-25
 0.38966142520750E-23
 0.46414547088727E-22
 0.27814116587705E-21
 0.10950775673876E-20
 0.44758348531939E-20
 0.11203702354415E-19
-0.85786699697420E-12
 0.12312603397780E-11
-0.22991171067645E-10
 0.13033484048077E-12
 0.18831498414590E-11
 0.34401924874480E-12
-0.38057869239950E-11
 0.17147408604570E-10
-0.14551649319495E-10
 0.26970016435916E-10
-0.31253089179068E-11
-0.10846804807181E-10
 0.12093839787827E-10
 0.46131014091934E-09
-0.11286723885017E-08
 0.21482767671205E-07
-0.16465972315869E-08
 0.16625894003827E-08
-0.22824405441549E-08
 0.25011956760781E-08
 0.79873913596193E-10
 0.16623402804213E-09
 0.31996553599001E-09
 0.56005513273899E-09
 0.98470268458247E-09
 0.16753158924623E-08
 0.27618324756998E-08
 0.44573021290872E-08
 0.70156998258998E-08
 0.10808821264316E-07
 0.16339959114134E-07
 0.24233504295702E-07
 0.35334879293434E-07
 0.50683341370573E-07
 0.71624006879274E-07
 0.99787634091719E-07
 0.13718457561844E-06
 0.18625561724310E-06
 0.24992924567510E-06
 0.33169711315985E-06
 0.43564953622995E-06
 0.56660390972457E-06
 0.73011029950048E-06
 0.93261001322631E-06
 0.11814203260143E-05
 0.14847379782517E-05
 0.18525847489348E-05
 0.22950584470251E-05
 0.28242345925752E-05
 0.34534146295965E-05
 0.41973364664184E-05
 0.50722927853553E-05
 0.60962204605205E-05
 0.72887855758029E-05
 0.86715222477500E-05
 0.10267872357576E-04
 0.12103311606715E-04
 0.14205457808294E-04
 0.16604419516556E-04
 0.19332062924636E-04
 0.22423375381836E-04
 0.25909992271845E-04
 0.29848361030499E-04
 0.34264994822374E-04
 0.39208206971646E-04
 0.44734552300934E-04
 0.50888709778041E-04
 0.57728995989913E-04
 0.65316355817635E-04
 0.73884228989198E-04
 0.82803767292375E-04
 0.93463900020186E-04
 0.10385841785962E-03
 0.11653603152401E-03
 0.13019137501623E-03
 0.14495719808662E-03
 0.16108153995730E-03
 0.17866656913635E-03
 0.19781676933530E-03
 0.21862736734267E-03
 0.24123783498636E-03
 0.26574937931825E-03
 0.29229595923182E-03
 0.32100954999529E-03
 0.35203780914087E-03
 0.38552156177095E-03
 0.42162114053631E-03
 0.46050420997385E-03
 0.50234277464999E-03
 0.54731682774184E-03
 0.59559225566767E-03
 0.64744801112679E-03
 0.70302500897844E-03
 0.76256061440017E-03
 0.82630211292751E-03
 0.89448661377185E-03
 0.96737530503108E-03
 0.10452413863605E-02
 0.11283704957821E-02
 0.12170480886701E-02
 0.13116076093774E-02
 0.14124053915241E-02
 0.15197354396317E-02
 0.16340001053545E-02
 0.17555745501911E-02
 0.18848687694361E-02
 0.20223108106566E-02
 0.21683329537590E-02
 0.23234200749186E-02
 0.24880856261146E-02
 0.26628059458279E-02
 0.28481657058400E-02
 0.30447209362403E-02
 0.32530982325464E-02
 0.34739194919151E-02
 0.37078663673403E-02
 0.39556387921966E-02
 0.42183386208432E-02
 0.44955258970438E-02
 0.47901028088460E-02
 0.50988229363034E-02
 0.54293471735436E-02
 0.57771738553615E-02
 0.61449586991504E-02
 0.65337358768021E-02
 0.69446377931239E-02
 0.73788830545609E-02
 0.78376937428087E-02
 0.83224130210052E-02
 0.88344109741314E-02
 0.93751185729963E-02
 0.99461729898096E-02
 0.10549045475153E-01
 0.11185553144369E-01
 0.11857431570378E-01
 0.12566577991004E-01
 0.13314934406546E-01
 0.14104640079929E-01
 0.14937707126785E-01
 0.15816488446697E-01
 0.16743263580873E-01
 0.17720477961004E-01
 0.18750553368073E-01
 0.19836044183287E-01
 0.20979677137386E-01
 0.22183723141363E-01
 0.23451823407418E-01
 0.24782619408474E-01
 0.26184922745159E-01
 0.27655957193979E-01
 0.29199138011221E-01
 0.30815896938207E-01
 0.32507306262006E-01
 0.34273860581241E-01
 0.36115355716752E-01
 0.38030742799223E-01
 0.40018177789177E-01
 0.42074776420106E-01
 0.44196748843122E-01
 0.46379302295498E-01
 0.48616826304935E-01
 0.50902892367177E-01
 0.53230504045892E-01
 0.55592204306159E-01
 0.57980356429357E-01
 0.60387297884433E-01
 0.62805480092190E-01
 0.65227702303886E-01
 0.67647272356562E-01
 0.70057974955032E-01
 0.72454239411564E-01
 0.74830944936509E-01
 0.77183807654952E-01
 0.79509047891949E-01
 0.81803330757578E-01
 0.84064086030815E-01
 0.86289001510563E-01
 0.88476024405123E-01
 0.90623951738399E-01
 0.92731460876695E-01
 0.94797735724088E-01
 0.96822063468945E-01
 0.98804082752571E-01
 0.10074364915675E+00
 0.10264042937666E+00
 0.10449465381308E+00
 0.10630690308253E+00
 0.10807624300615E+00
 0.10980424899311E+00
 0.11149105309252E+00
 0.11313715118352E+00
 0.11474319983235E+00
 0.11630985989110E+00
 0.11783782257896E+00
 0.11932799254180E+00
 0.12078099628347E+00
 0.12219792501783E+00
 0.12357943892925E+00
 0.12492660595245E+00
 0.12624021932446E+00
 0.12752129547727E+00
 0.12877071366951E+00
 0.12998940849850E+00
 0.13117831225899E+00
 0.13233840241910E+00
 0.13347050431483E+00
 0.13457560052593E+00
 0.13565448628437E+00
 0.13670810590104E+00
 0.13773725638808E+00
 0.13874276834560E+00
 0.13972543205130E+00
 0.14068602698070E+00
 0.14162530107506E+00
 0.14254399474189E+00
 0.14344279796393E+00
 0.14432225974233E+00
 0.14518321387215E+00
 0.14602621956846E+00
 0.14685183103887E+00
 0.14766067044081E+00
 0.14845324163194E+00
 0.14923010623642E+00
 0.14999177995312E+00
 0.15073872230152E+00
 0.15147139816740E+00
 0.15219027025195E+00
 0.15289576125197E+00
 0.15358827045565E+00
 0.15426822443846E+00
 0.15493594657707E+00
 0.15559184389057E+00
 0.15623624592642E+00
 0.15686947732805E+00
 0.15749186980270E+00
 0.15810372422467E+00
 0.15870533419266E+00
 0.15929698652542E+00
 0.15987894627418E+00
 0.16045147525833E+00
 0.16101483474260E+00
 0.16156925175598E+00
 0.16211496386685E+00
 0.16265219823890E+00
 0.16318116425091E+00
 0.16370207211927E+00
 0.16421512311763E+00
 0.16472050793327E+00
 0.16521841228838E+00
 0.16570901790619E+00
 0.16619249600809E+00
 0.16666901592514E+00
 0.16713873594317E+00
 0.16760181627211E+00
 0.16805840565103E+00
 0.16850865263862E+00
 0.16895269437790E+00
 0.16939067203028E+00
 0.16982271587422E+00
 0.17024895618480E+00
 0.17066951777544E+00
 0.17108451865654E+00
 0.17149407763531E+00
 0.17189830895949E+00
 0.17229732055862E+00
 0.17269122211649E+00
 0.17308011651041E+00
 0.17346410206575E+00
 0.17384327992086E+00
 0.17421774556429E+00
 0.17458758985821E+00
 0.17495290287267E+00
 0.17531377420578E+00
 0.17567028511367E+00
 0.17602252309167E+00
 0.17637056632516E+00
 0.17671449449485E+00
 0.17705438454600E+00
 0.17739030475168E+00
 0.17772233853232E+00
 0.17805054859542E+00
 0.17837500895297E+00
 0.17869578156525E+00
 0.17901293373011E+00
 0.17932653416820E+00
 0.17963664014330E+00
 0.17994331754344E+00
