 0.00000000000000E+00
 0.00000000000000E+00
 0.00000000000000E+00
 0.75160825659747E-26
 0.45336272262983E-25
 0.45336272262983E-25
-0.75160825659747E-26
-0.85463853196810E-24
-0.12635429345562E-22
-0.92244300334414E-22
-0.44029466203846E-21
-0.20694151308438E-20
-0.63678031012179E-20
 0.12870691742717E-12
-0.70918805142897E-12
 0.25155681558686E-10
 0.31717266231550E-11
 0.86477607372776E-11
-0.32033107775391E-11
 0.20033052221922E-12
-0.24472599093261E-10
 0.23604264790508E-10
-0.59780417444704E-10
-0.90516454759149E-11
 0.27537136745703E-10
-0.32060914694183E-10
-0.26020693925895E-08
 0.11712029983363E-07
-0.46921015160205E-07
 0.59620509696597E-08
-0.59956923781533E-08
 0.83949294805745E-08
-0.67639261705082E-08
 0.11588340248236E-09
 0.17458215601996E-09
 0.28241519762788E-09
 0.58696709333351E-09
 0.10020806312352E-08
 0.16732820051274E-08
 0.27819428518779E-08
 0.44432293455836E-08
 0.70355932905971E-08
 0.10864086756583E-07
 0.16378513494823E-07
 0.24301275106097E-07
 0.35386018170043E-07
 0.50813091789205E-07
 0.71737420456325E-07
 0.99913641136520E-07
 0.13733062063120E-06
 0.18645371209237E-06
 0.25018883560852E-06
 0.33199661984489E-06
 0.43597700736715E-06
 0.56699241561554E-06
 0.73058496154459E-06
 0.93308291251525E-06
 0.11819577759756E-05
 0.14888492697413E-05
 0.18532234766510E-05
 0.22957350490985E-05
 0.28249797955987E-05
 0.34542396396302E-05
 0.41981828983143E-05
 0.50731710745368E-05
 0.60970462107143E-05
 0.72897843877017E-05
 0.86725560756431E-05
 0.10268944117379E-04
 0.12104388332873E-04
 0.14207025884964E-04
 0.16605642550497E-04
 0.19333402127746E-04
 0.22424410254964E-04
 0.25990985768631E-04
 0.29850249994348E-04
 0.34267249661941E-04
 0.39324444418087E-04
 0.44744727331738E-04
 0.50886480060306E-04
 0.57733738195735E-04
 0.65213036584595E-04
 0.67830289191802E-04
 0.89128954123699E-04
 0.83481813853370E-04
 0.11167511412114E-03
 0.11998355892062E-03
 0.13025450683993E-03
 0.14500398814105E-03
 0.16119326984399E-03
 0.17882324786436E-03
 0.19787439316477E-03
 0.21901035118535E-03
 0.24140360761039E-03
 0.26591323848028E-03
 0.29251220684739E-03
 0.32124351866590E-03
 0.35223514184695E-03
 0.38580697216176E-03
 0.42202574550176E-03
 0.46102178961062E-03
 0.50280026191683E-03
 0.54787127176943E-03
 0.59701353434760E-03
 0.64840601214019E-03
 0.70406927528238E-03
 0.76374188150672E-03
 0.82769064194441E-03
 0.89599824559222E-03
 0.96917692353575E-03
 0.10471701318911E-02
 0.11305523099418E-02
 0.12198396435955E-02
 0.13147328208668E-02
 0.14156032343344E-02
 0.15236011082352E-02
 0.16383612137406E-02
 0.17606168491604E-02
 0.18904183434625E-02
 0.20283110565562E-02
 0.21753698917760E-02
 0.23314776167030E-02
 0.24956500376815E-02
 0.26723049186819E-02
 0.28585988117771E-02
 0.30565509545046E-02
 0.32659278417451E-02
 0.34880008493940E-02
 0.37231556826082E-02
 0.39722649821016E-02
 0.42061482254906E-02
 0.45360549268522E-02
 0.47553321009067E-02
 0.51910044923835E-02
 0.54532479198894E-02
 0.58020657820136E-02
 0.61691964075682E-02
 0.65592438278157E-02
 0.69716488340619E-02
 0.74056930424464E-02
 0.78645264866646E-02
 0.83476378940592E-02
 0.88569304698664E-02
 0.93961831718182E-02
 0.99575645921342E-02
 0.10557328288230E-01
 0.11184621893263E-01
 0.11845371789936E-01
 0.12539903441666E-01
 0.13271247010819E-01
 0.14032308370020E-01
 0.14840442724191E-01
 0.15683083605957E-01
 0.16567347711526E-01
 0.17489832127045E-01
 0.18457699459310E-01
 0.19463245947668E-01
 0.20505004423967E-01
 0.21593893001676E-01
 0.22654791078195E-01
 0.23904992037873E-01
 0.25061479486268E-01
 0.26287246829936E-01
 0.27528320086038E-01
 0.28786343137853E-01
 0.30052165236829E-01
 0.31313400026139E-01
 0.32560136067263E-01
 0.33780840387049E-01
 0.34958275717303E-01
 0.36087724835255E-01
 0.37147199711988E-01
 0.38133922783176E-01
 0.39032151331544E-01
 0.39838034181390E-01
 0.40543513346492E-01
 0.41150490729363E-01
 0.41655550736225E-01
 0.42060164504436E-01
 0.42374821523691E-01
 0.42608998390581E-01
 0.42760249232348E-01
 0.42840789422347E-01
 0.42851575340073E-01
 0.42818301009210E-01
 0.42732469466637E-01
 0.42598326684009E-01
 0.42438157362138E-01
 0.42230045351684E-01
 0.41994631483498E-01
 0.41748463254622E-01
 0.41469677405325E-01
 0.41174604268554E-01
 0.40854967861981E-01
 0.40531593023154E-01
 0.40190793162386E-01
 0.39821873272874E-01
 0.39456862342807E-01
 0.39078654199620E-01
 0.38612543237136E-01
 0.38285880179676E-01
 0.37880379684498E-01
 0.37466442800450E-01
 0.37047956537180E-01
 0.36622618199900E-01
 0.36195570301921E-01
 0.35776052986590E-01
 0.35344403856076E-01
 0.34928567878350E-01
 0.34497785418271E-01
 0.34086082145493E-01
 0.33665273423543E-01
 0.33258634878895E-01
 0.32853553233995E-01
 0.32455319649331E-01
 0.32067903463934E-01
 0.31690571640662E-01
 0.31315986132889E-01
 0.30957294985078E-01
 0.30600168551164E-01
 0.30260732572717E-01
 0.29926090920195E-01
 0.29602111882098E-01
 0.29288476424465E-01
 0.28985640331185E-01
 0.28692292280653E-01
 0.28408292777864E-01
 0.28130211475572E-01
 0.27845261706261E-01
 0.27612268683950E-01
 0.27365505270477E-01
 0.27122715827828E-01
 0.26894353826212E-01
 0.26668613572659E-01
 0.26456437727369E-01
 0.26250578530210E-01
 0.26047904924708E-01
 0.25854532536595E-01
 0.25669586214487E-01
 0.25489528713028E-01
 0.25315171552266E-01
 0.25148984175650E-01
 0.24983162752973E-01
 0.24827970429355E-01
 0.24675992570249E-01
 0.24528198022688E-01
 0.24387030896152E-01
 0.24249385215015E-01
 0.24116161826320E-01
 0.23987621317366E-01
 0.23862428866519E-01
 0.23741210852436E-01
 0.23624492175806E-01
 0.23509799681063E-01
 0.23399322254108E-01
 0.23292114186715E-01
 0.23187643561142E-01
 0.23086476383641E-01
 0.22988176537141E-01
 0.22892396064113E-01
 0.22799179905777E-01
 0.22708887053618E-01
 0.22620743707044E-01
 0.22534837173652E-01
 0.22451146979731E-01
 0.22369967475119E-01
 0.22290533066857E-01
 0.22213300472592E-01
 0.22137520066036E-01
 0.22064304206050E-01
 0.21992478682357E-01
 0.21922616430103E-01
 0.21854111878933E-01
 0.21786985403875E-01
 0.21721864420169E-01
 0.21658009706840E-01
 0.21595544392319E-01
 0.21534728785052E-01
 0.21474918516556E-01
 0.21416310738391E-01
 0.21359515855359E-01
 0.21303706847593E-01
 0.21248889796610E-01
 0.21195195129070E-01
 0.21142857659897E-01
 0.21091091528801E-01
 0.21041190061444E-01
 0.20991437995115E-01
 0.20943036026291E-01
 0.20895220112735E-01
 0.20848527587720E-01
 0.20803638098310E-01
 0.20758381590904E-01
 0.20714617560457E-01
 0.20670655358189E-01
 0.20628576019188E-01
 0.20587646558335E-01
 0.20546562413825E-01
 0.20506692734329E-01
 0.20466390041504E-01
