 0.00000000000000E+00
 0.00000000000000E+00
 0.00000000000000E+00
 0.00000000000000E+00
 0.00000000000000E+00
 0.58633087142404E-25
 0.33039659133772E-23
 0.17360081213188E-11
-0.54928592023448E-11
 0.45747135525239E-07
-0.74990487160937E-06
 0.34766263990565E-06
 0.10209259426668E-05
 0.21427237103676E-06
-0.21206095962566E-07
-0.13302443048637E-06
-0.42273663375675E-06
 0.15045530942220E-06
 0.24852701595000E-06
-0.11293909778989E-06
 0.10627327633619E-06
 0.20672249161427E-06
-0.37048115200808E-07
 0.11531638987768E-06
 0.35323006815789E-08
 0.46624241900550E-07
-0.11115106653063E-07
 0.58011482571662E-07
-0.18988260613908E-07
-0.78542816379018E-08
 0.49972132534733E-07
-0.74295044590400E-07
 0.23631449839995E-07
 0.36831503149022E-07
 0.15887638340332E-07
 0.99470192194438E-08
 0.29321185176481E-07
 0.88798146890339E-07
 0.15267326457029E-06
 0.12331050290059E-06
 0.21910585972193E-06
 0.30814652360588E-06
 0.42486991683151E-06
 0.56750355188766E-06
 0.78802849715366E-06
 0.10534924707218E-05
 0.13389732078697E-05
 0.18456626885601E-05
 0.23318136440994E-05
 0.29101669263907E-05
 0.37233471651246E-05
 0.46978401052306E-05
 0.58180282935459E-05
 0.71484798959720E-05
 0.87178253786153E-05
 0.10588786555763E-04
 0.12783523455988E-04
 0.15361690416245E-04
 0.18355003560044E-04
 0.21794035256803E-04
 0.25777144650758E-04
 0.30245297338334E-04
 0.35337120038605E-04
 0.41123704741723E-04
 0.47616297375528E-04
 0.54918912204098E-04
 0.63037516133543E-04
 0.72126692454606E-04
 0.82249130587640E-04
 0.93415495688745E-04
 0.10576873792809E-03
 0.11944443214525E-03
 0.13440456926864E-03
 0.15079047260926E-03
 0.16883401988011E-03
 0.18849565880390E-03
 0.20975691432546E-03
 0.23296397183731E-03
 0.25822686261080E-03
 0.28572904382682E-03
 0.31535119801430E-03
 0.34732457046351E-03
 0.38184502229550E-03
 0.41899793414856E-03
 0.45903446849440E-03
 0.50193634974852E-03
 0.54803174961890E-03
 0.59741688922864E-03
 0.65025980602848E-03
 0.70680292101385E-03
 0.76715749043217E-03
 0.83161020153629E-03
 0.90029016242374E-03
 0.97351300584930E-03
 0.10515154841660E-02
 0.11343683630304E-02
 0.12226132213268E-02
 0.13161616868540E-02
 0.14155721086184E-02
 0.15210195588430E-02
 0.16328465286639E-02
 0.17512794388801E-02
 0.18768762153054E-02
 0.20096688550264E-02
 0.21502853821925E-02
 0.22989983125786E-02
 0.24561798733910E-02
 0.26224940040093E-02
 0.27980714184087E-02
 0.29835122820069E-02
 0.31792133387974E-02
 0.33859671937503E-02
 0.36041350779681E-02
 0.38345363919870E-02
 0.40772729635645E-02
 0.43333036987994E-02
 0.46034585530428E-02
 0.48881284176922E-02
 0.51882247315569E-02
 0.55044555082885E-02
 0.58378410352977E-02
 0.61891409443761E-02
 0.65593420583470E-02
 0.69493130411377E-02
 0.73600163674192E-02
 0.77928418230595E-02
 0.82488639510636E-02
 0.87295820523355E-02
 0.92355810653448E-02
 0.97686392561269E-02
 0.10330216063220E-01
 0.10922104099244E-01
 0.11545619343959E-01
 0.12202731479112E-01
 0.12895057939088E-01
 0.13624364078310E-01
 0.14393086899612E-01
 0.15203321330922E-01
 0.16056966985488E-01
 0.16956996860473E-01
 0.17904930394697E-01
 0.18904219477905E-01
 0.19957541917269E-01
 0.21067862855821E-01
 0.22238055313076E-01
 0.23471441964966E-01
 0.24770767123408E-01
 0.26140468142403E-01
 0.27584248394609E-01
 0.29107593366436E-01
 0.30716118691757E-01
 0.32417819628577E-01
 0.34223328332225E-01
 0.36148890686751E-01
 0.38216962095807E-01
 0.40456982436456E-01
 0.42907433148528E-01
 0.45613863615222E-01
 0.48625017976667E-01
 0.51978407981761E-01
 0.55685989425354E-01
 0.59718317773209E-01
 0.64004239318238E-01
 0.68444634297080E-01
 0.72931368728209E-01
 0.77363422880809E-01
 0.81661394495304E-01
 0.85770330935662E-01
 0.89660131749161E-01
 0.93316427865041E-01
 0.96738830956777E-01
 0.99934606055686E-01
 0.10291504893169E+00
 0.10569502527256E+00
 0.10828946864729E+00
 0.11071303394040E+00
 0.11297942421444E+00
 0.11510155026276E+00
 0.11709056023033E+00
 0.11895700801210E+00
 0.12071072591239E+00
 0.12236018997506E+00
 0.12391373954286E+00
 0.12537719533882E+00
 0.12675725489589E+00
 0.12805920420446E+00
 0.12928826691550E+00
 0.13044906699865E+00
 0.13154534767532E+00
 0.13258137147542E+00
 0.13356047742691E+00
 0.13448516105951E+00
 0.13535959141326E+00
 0.13618562161762E+00
 0.13696614376250E+00
 0.13770335764843E+00
 0.13839937292941E+00
 0.13905617440727E+00
 0.13967589741586E+00
 0.14025992035523E+00
 0.14081045804723E+00
 0.14132798591069E+00
 0.14181565381248E+00
 0.14227356390966E+00
 0.14270291312785E+00
 0.14310591121223E+00
 0.14348316792606E+00
 0.14383591122707E+00
 0.14416460597634E+00
 0.14447099555748E+00
 0.14475576184986E+00
 0.14501971991521E+00
 0.14526371840529E+00
 0.14548891498535E+00
 0.14569550323003E+00
 0.14588454323271E+00
 0.14605670674265E+00
 0.14621270136503E+00
 0.14635304896353E+00
 0.14647844038588E+00
 0.14658950177955E+00
 0.14668648896914E+00
 0.14677023070148E+00
 0.14684113959545E+00
 0.14689975491971E+00
 0.14694651639554E+00
 0.14698183548013E+00
 0.14700608934588E+00
 0.14701980143787E+00
 0.14702329515988E+00
 0.14701697743286E+00
 0.14700117927355E+00
 0.14697622969324E+00
 0.14694251259343E+00
 0.14690039885922E+00
 0.14685005020182E+00
 0.14679192654376E+00
 0.14672611142440E+00
 0.14665304405917E+00
 0.14657299054543E+00
 0.14648606074408E+00
 0.14639265680670E+00
 0.14629291572791E+00
 0.14618707717004E+00
 0.14607540374652E+00
 0.14595809427659E+00
 0.14583531239936E+00
 0.14570729010262E+00
 0.14557420720880E+00
 0.14543625282617E+00
 0.14529357974473E+00
 0.14514638444428E+00
 0.14499482193369E+00
 0.14483904738956E+00
 0.14467922431130E+00
 0.14451548979209E+00
 0.14434798353420E+00
 0.14417686236285E+00
 0.14400224552399E+00
 0.14382425970207E+00
 0.14364304727203E+00
 0.14345871839536E+00
 0.14327137255264E+00
 0.14308116014870E+00
 0.14288815088371E+00
 0.14269249635709E+00
 0.14249425679320E+00
 0.14229354485562E+00
 0.14209046225603E+00
 0.14188512639815E+00
 0.14167757613295E+00
 0.14146792066658E+00
 0.14125625195903E+00
 0.14104265985131E+00
 0.14082720326389E+00
 0.14060994592204E+00
 0.14039100485742E+00
 0.14017044523613E+00
 0.13994831561800E+00
 0.13972466738917E+00
 0.13949963788498E+00
 0.13927322343544E+00
 0.13904550232725E+00
 0.13881655300779E+00
 0.13858637460200E+00
 0.13835514205261E+00
 0.13812278842367E+00
 0.13788938651500E+00
 0.13765505032491E+00
 0.13741980853620E+00
 0.13718370544646E+00
 0.13694676008212E+00
 0.13670901433435E+00
 0.13647055570724E+00
 0.13623142881841E+00
 0.13599163847409E+00
 0.13575123104314E+00
 0.13551028584133E+00
 0.13526874031040E+00
 0.13502676379385E+00
