 0.00000000000000E+00
 0.00000000000000E+00
 0.00000000000000E+00
 0.00000000000000E+00
 0.00000000000000E+00
-0.18950213764425E-25
-0.11270418505892E-23
 0.51355035150274E-12
 0.35549048964844E-11
 0.13928885911641E-06
 0.47582433962537E-06
-0.32927056191906E-07
-0.16546874685660E-05
-0.95562487489060E-07
 0.25022505347564E-06
 0.48706563890823E-06
 0.75242594395855E-06
-0.44190923762307E-06
-0.52506235508410E-06
 0.32383037916508E-06
-0.19798148658141E-06
-0.94966958425960E-06
 0.29027982793744E-06
-0.41044456459521E-06
-0.89284821692497E-07
-0.29632122636625E-06
 0.13391713445024E-06
-0.22772589658782E-06
 0.41278395175569E-07
 0.45222709374562E-07
-0.42830149142787E-06
 0.56368152445370E-06
-0.47519967497539E-07
 0.44431999292353E-07
-0.78024258975729E-07
 0.89843130689844E-07
 0.21624065742832E-06
-0.10476549305842E-06
-0.41692093299266E-06
 0.44637855441428E-06
 0.20298652984405E-06
 0.13162028161811E-06
 0.30681246777079E-06
 0.53925779573249E-06
 0.61206398701822E-06
 0.82357951384919E-06
 0.18993446703868E-05
 0.10286060212461E-05
 0.21818958277784E-05
 0.39425517935960E-05
 0.40153202906880E-05
 0.40051110376710E-05
 0.48972816364553E-05
 0.64706129607196E-05
 0.83251346826109E-05
 0.10777547224626E-04
 0.13432899851479E-04
 0.15832952796460E-04
 0.18741076372240E-04
 0.22102443556468E-04
 0.25099289641263E-04
 0.30131283492060E-04
 0.35550170523866E-04
 0.40789393873254E-04
 0.47289598709279E-04
 0.54315099161628E-04
 0.63465290822216E-04
 0.72477384652432E-04
 0.81891783460954E-04
 0.93427038005106E-04
 0.10638787479414E-03
 0.11852906403561E-03
 0.13408716992539E-03
 0.15317414145176E-03
 0.16891127243386E-03
 0.18616785303423E-03
 0.21082430773867E-03
 0.23595472050490E-03
 0.26150321157339E-03
 0.28569996940238E-03
 0.31656572605393E-03
 0.34873022760884E-03
 0.38455118271279E-03
 0.42284621650772E-03
 0.46014300178459E-03
 0.50692699578030E-03
 0.55136172050379E-03
 0.60221428100041E-03
 0.65564797252814E-03
 0.71323409869288E-03
 0.77532601866777E-03
 0.84108823022966E-03
 0.91451911667973E-03
 0.98829289316848E-03
 0.10661955168226E-02
 0.11553838116909E-02
 0.12391223823893E-02
 0.13428515477516E-02
 0.14438528417766E-02
 0.15535092390013E-02
 0.16680256638803E-02
 0.17947098076956E-02
 0.19221769512376E-02
 0.20684735430216E-02
 0.22153334817577E-02
 0.23743205329334E-02
 0.25477187877762E-02
 0.27204569140905E-02
 0.29072674490476E-02
 0.31122991875982E-02
 0.33320992106799E-02
 0.35561043411808E-02
 0.37986913870811E-02
 0.40360021121390E-02
 0.43154023138337E-02
 0.46122394103199E-02
 0.48988929356596E-02
 0.52264814845980E-02
 0.55728603593817E-02
 0.59420265862158E-02
 0.63213518764579E-02
 0.67285318760816E-02
 0.71572484694161E-02
 0.76245185984075E-02
 0.81244751889990E-02
 0.86495936463869E-02
 0.92040499840975E-02
 0.97532648057752E-02
 0.10388446346969E-01
 0.11050435996297E-01
 0.11775917965377E-01
 0.12510082752837E-01
 0.13302684545973E-01
 0.14146464975875E-01
 0.15038311274928E-01
 0.16010268871404E-01
 0.17012608508940E-01
 0.18072168864645E-01
 0.19222516494760E-01
 0.20381071899363E-01
 0.21681545952170E-01
 0.23041834521231E-01
 0.24464046111656E-01
 0.25927276595506E-01
 0.27443552861993E-01
 0.29017065345640E-01
 0.30742027622790E-01
 0.32517402893919E-01
 0.34463759275527E-01
 0.36539164076199E-01
 0.38958836623874E-01
 0.41883072772099E-01
 0.45641613563528E-01
 0.50472579510304E-01
 0.56728211369683E-01
 0.65209227483242E-01
 0.76586626045812E-01
 0.91076724238874E-01
 0.10734295087702E+00
 0.12273808560628E+00
 0.13378324466741E+00
 0.13839086663751E+00
 0.13636583151024E+00
 0.12915264422683E+00
 0.11878700168691E+00
 0.10762307038260E+00
 0.97156014638511E-01
 0.88161882889688E-01
 0.80604968017275E-01
 0.74450782907602E-01
 0.69460393114757E-01
 0.65369746639564E-01
 0.62056341541214E-01
 0.59218341371111E-01
 0.56782937741450E-01
 0.54639296683749E-01
 0.52704066324612E-01
 0.50907218388893E-01
 0.49314095018552E-01
 0.47899579907839E-01
 0.46613538093389E-01
 0.45443590964988E-01
 0.44210943164024E-01
 0.43126224149511E-01
 0.42081196584074E-01
 0.41121384793810E-01
 0.40200919492336E-01
 0.39289909265361E-01
 0.38477345863163E-01
 0.37667632362650E-01
 0.36921745181644E-01
 0.36277231679403E-01
 0.35589037796021E-01
 0.34970193764279E-01
 0.34357891595292E-01
 0.33787472892278E-01
 0.33175305231373E-01
 0.32643757265776E-01
 0.32121100911203E-01
 0.31604924009369E-01
 0.31086972803786E-01
 0.30789738208035E-01
 0.30247226337591E-01
 0.29819314002475E-01
 0.29521708280970E-01
 0.29079627075452E-01
 0.28677188819668E-01
 0.28257374730007E-01
 0.27987629274674E-01
 0.27632683189272E-01
 0.27288417582643E-01
 0.26992675461112E-01
 0.26736477448999E-01
 0.26388235742204E-01
 0.26113361425520E-01
 0.25844250963457E-01
 0.25565827699430E-01
 0.25302501983943E-01
 0.25037842715726E-01
 0.24792858895443E-01
 0.24527056530725E-01
 0.24321573029370E-01
 0.24088517382650E-01
 0.23872124016348E-01
 0.23646758702400E-01
 0.23429856110436E-01
 0.23203838911436E-01
 0.23031270773581E-01
 0.22834470572075E-01
 0.22641650789419E-01
 0.22441489868968E-01
 0.22263983193518E-01
 0.22087109539465E-01
 0.21917943291188E-01
 0.21723314624196E-01
 0.21567923999910E-01
 0.21385937665949E-01
 0.21237755295814E-01
 0.21078167651466E-01
 0.20910698932225E-01
 0.20763316644101E-01
 0.20603056021039E-01
 0.20461382818141E-01
 0.20326023973369E-01
 0.20180831756406E-01
 0.20035539270851E-01
 0.19896027048014E-01
 0.19763915760684E-01
 0.19629233702031E-01
 0.19493984588495E-01
 0.19371144131762E-01
 0.19243022204674E-01
 0.19118555662912E-01
 0.18997736653687E-01
 0.18874323951474E-01
 0.18754234534879E-01
 0.18641318078073E-01
 0.18524684350711E-01
 0.18411805283673E-01
 0.18302415404316E-01
 0.18190107605272E-01
 0.18077127276067E-01
 0.17975801401250E-01
 0.17863887095816E-01
 0.17767936437381E-01
 0.17656627007132E-01
 0.17555548763898E-01
 0.17457049563406E-01
 0.17365096476652E-01
 0.17256675336297E-01
 0.17166960157660E-01
 0.17068729698007E-01
 0.16979226775080E-01
 0.16878707174502E-01
 0.16792629675423E-01
 0.16703906881744E-01
 0.16621473715871E-01
 0.16521224701537E-01
 0.16441277992992E-01
 0.16365767860340E-01
 0.16265490920699E-01
 0.16177526775639E-01
 0.16092393517394E-01
 0.16007132581161E-01
 0.15944172261590E-01
 0.15839198057245E-01
 0.15760263185637E-01
 0.15705068597788E-01
 0.15628063014142E-01
 0.15542296588236E-01
 0.15462079929793E-01
 0.15387245192777E-01
 0.15319668864794E-01
 0.15245417583342E-01
 0.15158943910251E-01
 0.15091567194998E-01
 0.15018538566213E-01
 0.14944922727956E-01
 0.14890653506036E-01
 0.14812390702043E-01
