 0.00000000000000E+00
 0.00000000000000E+00
 0.00000000000000E+00
 0.00000000000000E+00
 0.00000000000000E+00
-0.54621645852469E-25
-0.22479081293943E-23
 0.92437891622266E-12
-0.57625877869572E-11
-0.10624695511341E-05
-0.45983365837478E-06
 0.43680652234834E-06
 0.21879431412643E-06
-0.20667544318320E-06
 0.30767046086376E-06
 0.72900678913760E-06
-0.19785643117096E-06
 0.78272448292706E-06
-0.19930179514597E-06
 0.33003227997053E-06
-0.47846395060090E-06
-0.26759960809364E-07
 0.28132851784391E-06
-0.52022202553178E-06
-0.27252380524807E-06
 0.90841579534826E-06
 0.41824043221464E-06
-0.37965869429135E-07
-0.24871936220899E-06
-0.26931008723319E-06
-0.15883941271032E-07
 0.61306202825966E-06
 0.20080543414848E-06
 0.15075907944101E-08
-0.25880467366905E-06
 0.59374521000851E-06
-0.51259746191958E-07
-0.40750093618134E-07
 0.55738179574379E-07
 0.36982388004796E-06
-0.10240821922989E-06
-0.32039515112908E-06
 0.85321607403975E-06
 0.15184156426120E-06
 0.16544024305739E-05
 0.10378784091069E-05
-0.14127451737235E-06
 0.17872375176046E-05
 0.36792230094328E-05
 0.16552655437313E-05
 0.15845022994295E-05
 0.16371234212485E-05
 0.65158089253223E-05
 0.89987285905251E-05
 0.11727081660913E-04
 0.12504104579861E-04
 0.14258859202338E-04
 0.14757124678023E-04
 0.18455413686189E-04
 0.21879395172808E-04
 0.25492840113593E-04
 0.31816608655958E-04
 0.34682368389640E-04
 0.41654272755450E-04
 0.48315249239941E-04
 0.55023398525661E-04
 0.62297242661515E-04
 0.70185051493003E-04
 0.82864821227988E-04
 0.96098863530582E-04
 0.10747164181641E-03
 0.11799993015799E-03
 0.13990822576091E-03
 0.14957669426723E-03
 0.16073068352112E-03
 0.19159136009645E-03
 0.22603632753637E-03
 0.24370142203553E-03
 0.25010925441215E-03
 0.28900756181754E-03
 0.33378205994545E-03
 0.34913071197249E-03
 0.39092797744571E-03
 0.42853200691918E-03
 0.47115800575308E-03
 0.51245568494121E-03
 0.55868435670771E-03
 0.61345792967814E-03
 0.67955779741023E-03
 0.72703300340675E-03
 0.79672801391320E-03
 0.86788706622728E-03
 0.93021157103872E-03
 0.10086459644918E-02
 0.11116980612734E-02
 0.11989355258799E-02
 0.12996545059119E-02
 0.13880926093930E-02
 0.15187839984208E-02
 0.16478212099780E-02
 0.17819390844049E-02
 0.19271788785749E-02
 0.20248272300977E-02
 0.22121309200771E-02
 0.23854633125389E-02
 0.25318265493643E-02
 0.27302631484062E-02
 0.29136281102055E-02
 0.31647113585086E-02
 0.34205828515761E-02
 0.36509968026360E-02
 0.39247891247418E-02
 0.41310893202924E-02
 0.45781422435067E-02
 0.48961408878844E-02
 0.51567126936422E-02
 0.55530119219022E-02
 0.59751224415798E-02
 0.63837925405429E-02
 0.68039407775796E-02
 0.72929794681331E-02
 0.77775107137964E-02
 0.83684155332765E-02
 0.90382349045362E-02
 0.96881398473963E-02
 0.10254733377697E-01
 0.10975390064276E-01
 0.11876913671410E-01
 0.12754885110968E-01
 0.13722861730818E-01
 0.14696272236777E-01
 0.15692493259176E-01
 0.16727499030104E-01
 0.17901712585883E-01
 0.19306304230511E-01
 0.20492997594520E-01
 0.21831423465791E-01
 0.23324086128969E-01
 0.24943187463435E-01
 0.26625273018714E-01
 0.28703839741219E-01
 0.30319526738391E-01
 0.32034511713616E-01
 0.33893038096989E-01
 0.35965526899572E-01
 0.38495805054713E-01
 0.41208122999243E-01
 0.43886560687091E-01
 0.47347350955433E-01
 0.51355437399999E-01
 0.55904987826122E-01
 0.61617010578963E-01
 0.69810700999612E-01
 0.85327796811907E-01
 0.11534798261455E+00
 0.16594998641942E+00
 0.23259725182613E+00
 0.29837139109243E+00
 0.33912254678851E+00
 0.33581907682369E+00
 0.28823522218589E+00
 0.21042090845738E+00
 0.12571691478445E+00
 0.51667608690036E-01
-0.86084838376743E-03
-0.29855924639657E-01
-0.41715005025959E-01
-0.43472291925031E-01
-0.39514753686790E-01
-0.33572268985841E-01
-0.25313661763556E-01
-0.18309176820962E-01
-0.12526592615002E-01
-0.77763539405205E-02
-0.31799247313553E-02
-0.36910300713035E-03
 0.37133364185743E-02
 0.63731700759003E-02
 0.89548940808102E-02
 0.10817429178166E-01
 0.11677970168585E-01
 0.13957407431929E-01
 0.14928403995876E-01
 0.15775875220295E-01
 0.17040040136560E-01
 0.18044570041668E-01
 0.18032459925480E-01
 0.19014284567365E-01
 0.20211323470623E-01
 0.20509929528203E-01
 0.20687381505375E-01
 0.20982945934097E-01
 0.20964771085129E-01
 0.21836936993911E-01
 0.21378899882880E-01
 0.21584150870760E-01
 0.22111859616524E-01
 0.22307208505776E-01
 0.21976086878929E-01
 0.22082937353330E-01
 0.23026030284341E-01
 0.22477973768626E-01
 0.22556844584990E-01
 0.23196183110314E-01
 0.22481728958914E-01
 0.22869157650029E-01
 0.22890622237742E-01
 0.23084946794937E-01
 0.22303041452946E-01
 0.22636696150197E-01
 0.22670884566618E-01
 0.22558901346867E-01
 0.22336667313939E-01
 0.22873651337673E-01
 0.22705810734758E-01
 0.22426299487298E-01
 0.22574831581436E-01
 0.22231141822910E-01
 0.22379719926321E-01
 0.22125602585495E-01
 0.22466897915280E-01
 0.22427575117093E-01
 0.22218275735254E-01
 0.21917989498216E-01
 0.21834975847609E-01
 0.22127397496455E-01
 0.21951695542031E-01
 0.21863053639162E-01
 0.22215811957670E-01
 0.21957844616951E-01
 0.21836321935400E-01
 0.21968870594147E-01
 0.21592414077957E-01
 0.21688979035997E-01
 0.21707724492136E-01
 0.21672120052714E-01
 0.21551769204408E-01
 0.21496196301393E-01
 0.21320542501541E-01
 0.21431570492504E-01
 0.21381555526854E-01
 0.21393858654322E-01
 0.21351134252901E-01
 0.21397295024339E-01
 0.21303362880664E-01
 0.21263970761340E-01
 0.21168543816525E-01
 0.21111213448904E-01
 0.21077923415003E-01
 0.21000024471533E-01
 0.21026225090700E-01
 0.20980190127410E-01
 0.20907083644330E-01
 0.20928339850439E-01
 0.20860283899512E-01
 0.20859637827388E-01
 0.20812956234838E-01
 0.20752945167114E-01
 0.20687197085983E-01
 0.20635479335554E-01
 0.20609118795834E-01
 0.20640219001277E-01
 0.20585645082376E-01
 0.20641788589772E-01
 0.20516859221246E-01
 0.20481017827372E-01
 0.20494857961701E-01
 0.20464989665431E-01
 0.20410384758382E-01
 0.20348830068120E-01
 0.20313943500354E-01
 0.20197459688293E-01
 0.20240412241719E-01
 0.20304841272271E-01
 0.20163043030966E-01
 0.20148934466761E-01
 0.20153650140867E-01
 0.20179399604561E-01
 0.19960266601908E-01
 0.19968586991524E-01
 0.19897920104338E-01
 0.20136127379266E-01
 0.20045670196300E-01
 0.20054733968906E-01
 0.19919890420451E-01
 0.19848432394076E-01
 0.20038974731161E-01
 0.19869114757676E-01
 0.19855737871769E-01
 0.19962024897225E-01
 0.19774708353493E-01
 0.19798590056253E-01
 0.19601675356835E-01
 0.19858687118457E-01
 0.19835909887494E-01
 0.19912222285207E-01
 0.19524301288664E-01
 0.19308660788193E-01
 0.19573289462939E-01
 0.19617516040606E-01
