 0.00000000000000E+00
 0.00000000000000E+00
 0.00000000000000E+00
-0.13589439467901E-24
-0.10006713538970E-24
 0.86789893308719E-10
 0.23905700865737E-09
-0.15873430289363E-09
-0.29640273375487E-09
-0.31854470381514E-10
-0.42898900009662E-11
 0.23772247368070E-10
 0.46116013059315E-11
 0.51633883288390E-10
 0.11048593597902E-09
 0.22626204329099E-09
 0.12881561739645E-08
 0.49152178619540E-08
 0.12795836016711E-07
 0.31580624232938E-07
 0.71396240293884E-07
 0.14920451489734E-06
 0.29173414748239E-06
 0.53856167417490E-06
 0.94468137256816E-06
 0.15844508270082E-05
 0.25535235271588E-05
 0.39719102808896E-05
 0.59878022769537E-05
 0.87648540782390E-05
 0.12510195248055E-04
 0.17448031533585E-04
 0.23824458441155E-04
 0.31923643644342E-04
 0.42034694556400E-04
 0.54477235408633E-04
 0.69564181055903E-04
 0.87666374922897E-04
 0.10911327149457E-03
 0.13428234646414E-03
 0.16355068527079E-03
 0.19724235911500E-03
 0.23577617823226E-03
 0.27947674889884E-03
 0.32872810654420E-03
 0.38389922736406E-03
 0.44532437941451E-03
 0.51334525905031E-03
 0.58832624896212E-03
 0.67053999065351E-03
 0.76035898572031E-03
 0.85809546263057E-03
 0.96402673192782E-03
 0.10784628844290E-02
 0.12017004730712E-02
 0.13340069789086E-02
 0.14755164859271E-02
 0.16271370969678E-02
 0.17884265226474E-02
 0.19586803953171E-02
 0.21404693228859E-02
 0.23339990300335E-02
 0.25376499961122E-02
 0.27523324130884E-02
 0.29788141581778E-02
 0.32171225673915E-02
 0.34674794322634E-02
 0.37302407071611E-02
 0.40057271970952E-02
 0.42942082842800E-02
 0.45960082068821E-02
 0.49114631594635E-02
 0.52408929890081E-02
 0.55846650891381E-02
 0.59431602247533E-02
 0.63167098082011E-02
 0.67057334080865E-02
 0.71106433089199E-02
 0.75318292601399E-02
 0.79697648055693E-02
 0.84249310196653E-02
 0.88977750621080E-02
 0.93888028052269E-02
 0.98985556976039E-02
 0.10427554387442E-01
 0.10976384088317E-01
 0.11545655873688E-01
 0.12135976935124E-01
 0.12747994836742E-01
 0.13382375920898E-01
 0.14039826826753E-01
 0.14720992299494E-01
 0.15426971630755E-01
 0.16158044722314E-01
 0.16915389095102E-01
 0.17699950225509E-01
 0.18512443658799E-01
 0.19353601720176E-01
 0.20224370064645E-01
 0.21125946235583E-01
 0.22059638170023E-01
 0.23026593539863E-01
 0.24027904893630E-01
 0.25064174350522E-01
 0.26136787632892E-01
 0.27247094028459E-01
 0.28396728499159E-01
 0.29586588044924E-01
 0.30818385199466E-01
 0.32093374398615E-01
 0.33413160892245E-01
 0.34779282402637E-01
 0.36193383729571E-01
 0.37657099315370E-01
 0.39172129953690E-01
 0.40740251399004E-01
 0.42363302063916E-01
 0.44043193337565E-01
 0.45781989065224E-01
 0.47581427441749E-01
 0.49443618371297E-01
 0.51370965060438E-01
 0.53365572452396E-01
 0.55429436873181E-01
 0.57564841452879E-01
 0.59773911256987E-01
 0.62059277600636E-01
 0.64423670376093E-01
 0.66869703953528E-01
 0.69399653874949E-01
 0.72015759805707E-01
 0.74720407253618E-01
 0.77516152148448E-01
 0.80405675147993E-01
 0.83391646849057E-01
 0.86475993271517E-01
 0.89661460705576E-01
 0.92950011316710E-01
 0.96343751223057E-01
 0.99844456677393E-01
 0.10345375197327E+00
 0.10717298930411E+00
 0.11100311206095E+00
 0.11494468155918E+00
 0.11899773523394E+00
 0.12316167310271E+00
 0.12743526772964E+00
 0.13181657288483E+00
 0.13630282791182E+00
 0.14089026899585E+00
 0.14557418780276E+00
 0.15034881062029E+00
 0.15520726111418E+00
 0.16014152798780E+00
 0.16514248629714E+00
 0.17020000464978E+00
 0.17530288732662E+00
 0.18043904611467E+00
 0.18559573244743E+00
 0.19075961496168E+00
 0.19591692149678E+00
 0.20105382904276E+00
 0.20615646291822E+00
 0.21121129375397E+00
 0.21620514991824E+00
 0.22112553972330E+00
 0.22596080734210E+00
 0.23070015131584E+00
 0.23533382630002E+00
 0.23985305968773E+00
 0.24425039019471E+00
 0.24851935515325E+00
 0.25265474534481E+00
 0.25665229131363E+00
 0.26050915193133E+00
 0.26422292877884E+00
 0.26779255940043E+00
 0.27121795854019E+00
 0.27449959349645E+00
 0.27763820325372E+00
 0.28063562138840E+00
 0.28349422987415E+00
 0.28621693872594E+00
 0.28880691854831E+00
 0.29126715797430E+00
 0.29360146463299E+00
 0.29581361993020E+00
 0.29790754614134E+00
 0.29988724103704E+00
 0.30175669189569E+00
 0.30351997317876E+00
 0.30518112229439E+00
 0.30674410436213E+00
 0.30821283872477E+00
 0.30959114044000E+00
 0.31088274606716E+00
 0.31209129435185E+00
 0.31322031032079E+00
 0.31427317911962E+00
 0.31525318771060E+00
 0.31616347839369E+00
 0.31700711401518E+00
 0.31778696627812E+00
 0.31850590431734E+00
 0.31916650159307E+00
 0.31977138632847E+00
 0.32032306505673E+00
 0.32082378319683E+00
 0.32127574326137E+00
 0.32168106226299E+00
 0.32204190207969E+00
 0.32236021012589E+00
 0.32263776025559E+00
 0.32287634372176E+00
 0.32307764569321E+00
 0.32324328778769E+00
 0.32337480531056E+00
 0.32347366250049E+00
 0.32354126373721E+00
 0.32357894127721E+00
 0.32358797529589E+00
 0.32356958280907E+00
 0.32352492947075E+00
 0.32345512724059E+00
 0.32336124009990E+00
 0.32324428017542E+00
 0.32310522429741E+00
 0.32294499746155E+00
 0.32276448992584E+00
 0.32256455211991E+00
 0.32234599708034E+00
 0.32210960551284E+00
 0.32185612182373E+00
 0.32158626214870E+00
 0.32130071068833E+00
 0.32100012461733E+00
 0.32068513255884E+00
 0.32035633852640E+00
 0.32001432114469E+00
 0.31965963571600E+00
 0.31929281656825E+00
 0.31891437359713E+00
 0.31852479992633E+00
 0.31812456631207E+00
 0.31771412627442E+00
 0.31729391592427E+00
 0.31686435354254E+00
 0.31642584163440E+00
 0.31597876699614E+00
 0.31552350227475E+00
 0.31506040507276E+00
 0.31458981981315E+00
 0.31411207809892E+00
 0.31362749874243E+00
 0.31313638890161E+00
 0.31263904437124E+00
 0.31213574922494E+00
 0.31162677864351E+00
 0.31111239625173E+00
 0.31059285664280E+00
 0.31006840491517E+00
 0.30953927733122E+00
 0.30900570180905E+00
 0.30846789787187E+00
 0.30792607745096E+00
 0.30738044452209E+00
 0.30683119580302E+00
 0.30627852123131E+00
 0.30572260363534E+00
 0.30516362022733E+00
 0.30460174087397E+00
 0.30403713039115E+00
 0.30346994757066E+00
 0.30290034510399E+00
 0.30232847117907E+00
 0.30175446802799E+00
 0.30117847361894E+00
 0.30060062059815E+00
 0.30002103736327E+00
 0.29943984751466E+00
 0.29885717101936E+00
 0.29827312253625E+00
 0.29768781439174E+00
 0.29710135364583E+00
 0.29651384491330E+00
 0.29592538709887E+00
 0.29533607820432E+00
 0.29474601147876E+00
 0.29415527702802E+00
 0.29356396218964E+00
 0.29297215186386E+00
 0.29237992574282E+00
 0.29178736349570E+00
 0.29119454094849E+00
 0.29060153107280E+00
 0.29000840415664E+00
 0.28941522928442E+00
 0.28882207169372E+00
 0.28822899461979E+00
 0.28763605997787E+00
