 0.00000000000000E+00
 0.00000000000000E+00
 0.00000000000000E+00
-0.60506088537230E-24
-0.24662379409587E-23
-0.12891294887096E-10
 0.11315375252206E-09
-0.53454901963321E-09
 0.50938117102139E-09
 0.17057681069729E-09
 0.16310788540443E-10
-0.11945639317447E-10
 0.10883888437278E-09
-0.96416307509457E-10
-0.40600282757222E-10
 0.11184748474962E-08
-0.10240869547306E-08
 0.66489142032023E-08
 0.12129793520583E-07
 0.31474187462678E-07
 0.71366355787193E-07
 0.14911447417205E-06
 0.29165079999130E-06
 0.53828535050819E-06
 0.94440860761197E-06
 0.15840610881666E-05
 0.25529904764278E-05
 0.39710982495393E-05
 0.59708221569803E-05
 0.87633596639761E-05
 0.12508387361270E-04
 0.17416418450846E-04
 0.23801082470174E-04
 0.31915710962621E-04
 0.42030548936968E-04
 0.54521450317653E-04
 0.69605221185415E-04
 0.87662197655621E-04
 0.10910654418204E-03
 0.13427508475800E-03
 0.16352803435785E-03
 0.19725136259926E-03
 0.23574299458830E-03
 0.27943118817491E-03
 0.32878983333374E-03
 0.38390028585262E-03
 0.44535484090443E-03
 0.51336250787087E-03
 0.58838881199246E-03
 0.67062664944353E-03
 0.76049546371202E-03
 0.85828969353113E-03
 0.96431415471403E-03
 0.10787833258667E-02
 0.12021465961156E-02
 0.13352786097825E-02
 0.14767738689992E-02
 0.16296409877728E-02
 0.17859651330144E-02
 0.19579873487393E-02
 0.21449358009930E-02
 0.23390320150876E-02
 0.25393943713465E-02
 0.27554593727079E-02
 0.29822757009784E-02
 0.32219787935255E-02
 0.34731976216569E-02
 0.37371027632334E-02
 0.40137620786369E-02
 0.43036167916302E-02
 0.46070523692939E-02
 0.49242281535015E-02
 0.52556709150947E-02
 0.56018719467411E-02
 0.59629529261267E-02
 0.63393328363425E-02
 0.67316790125006E-02
 0.71401614454445E-02
 0.75653645290921E-02
 0.80079087410914E-02
 0.84681179177311E-02
 0.89464335534913E-02
 0.94435697274944E-02
 0.99599740317185E-02
 0.10496291461058E-01
 0.11053270005927E-01
 0.11631434551403E-01
 0.12231496685763E-01
 0.12854009110630E-01
 0.13499797977422E-01
 0.14169725406925E-01
 0.14865511226274E-01
 0.15584388212449E-01
 0.16331815465530E-01
 0.17108504562631E-01
 0.17911229007589E-01
 0.18741595470342E-01
 0.19601739907791E-01
 0.20494532049757E-01
 0.21422407866667E-01
 0.22385570583445E-01
 0.23383293511916E-01
 0.24414413806043E-01
 0.25481259191861E-01
 0.26586595544908E-01
 0.27733967428038E-01
 0.28924499905951E-01
 0.30153977594531E-01
 0.31430055259515E-01
 0.32751358048106E-01
 0.34120149583901E-01
 0.35538258990006E-01
 0.37006965392924E-01
 0.38527812516151E-01
 0.40102669229967E-01
 0.41733538178319E-01
 0.43422307791614E-01
 0.45171225807733E-01
 0.46980442685850E-01
 0.48853403616626E-01
 0.50794210226901E-01
 0.52803007252154E-01
 0.54877297698849E-01
 0.57021130669038E-01
 0.59239809324022E-01
 0.61533438933339E-01
 0.63908294757720E-01
 0.66365294120443E-01
 0.68903017105883E-01
 0.71521176550801E-01
 0.74219744637075E-01
 0.77002212218564E-01
 0.79872509469534E-01
 0.82834203290000E-01
 0.85885720247678E-01
 0.89020574151418E-01
 0.92248945088205E-01
 0.95563701158682E-01
 0.98964843133054E-01
 0.10245018671160E+00
 0.10601793068749E+00
 0.10966488095611E+00
 0.11338553395125E+00
 0.11717449782591E+00
 0.12102378898962E+00
 0.12492523004422E+00
 0.12886832919550E+00
 0.13284218967516E+00
 0.13683325769479E+00
 0.14082599788313E+00
 0.14480421978314E+00
 0.14874964448525E+00
 0.15264291755122E+00
 0.15646411997993E+00
 0.16019279004214E+00
 0.16380777456747E+00
 0.16729022770227E+00
 0.17061971811207E+00
 0.17378015227781E+00
 0.17675609719952E+00
 0.17953477354616E+00
 0.18210606863188E+00
 0.18446474264356E+00
 0.18660502465460E+00
 0.18852762464368E+00
 0.19023441119323E+00
 0.19173078067817E+00
 0.19302294953935E+00
 0.19412011186351E+00
 0.19503347017307E+00
 0.19577571126674E+00
 0.19635918181102E+00
 0.19679790511382E+00
 0.19710935272625E+00
 0.19730062069028E+00
 0.19738979085663E+00
 0.19739442411720E+00
 0.19732201828168E+00
 0.19718339596693E+00
 0.19699096760709E+00
 0.19675552856788E+00
 0.19649249662921E+00
 0.19620769327798E+00
 0.19590538343757E+00
 0.19558966657699E+00
 0.19527320324773E+00
 0.19495783653846E+00
 0.19464765859355E+00
 0.19434609111910E+00
 0.19405632257564E+00
 0.19378041586565E+00
 0.19352081205119E+00
 0.19327814009347E+00
 0.19305317316163E+00
 0.19284661903728E+00
 0.19265922916369E+00
 0.19249085729804E+00
 0.19234115721458E+00
 0.19220984619835E+00
 0.19209640770665E+00
 0.19200068498763E+00
 0.19192144300183E+00
 0.19185912698661E+00
 0.19181117686742E+00
 0.19177872844146E+00
 0.19176123554127E+00
 0.19175647856742E+00
 0.19176305209587E+00
 0.19178070616811E+00
 0.19181044590349E+00
 0.19185214747486E+00
 0.19190293146244E+00
 0.19196142518572E+00
 0.19202945720857E+00
 0.19210458639553E+00
 0.19218727197599E+00
 0.19227670086378E+00
 0.19237232492648E+00
 0.19247369033461E+00
 0.19258036196787E+00
 0.19269187846482E+00
 0.19280787606472E+00
 0.19292793106334E+00
 0.19305174766926E+00
 0.19317895631312E+00
 0.19330927688001E+00
 0.19344236443667E+00
 0.19357800500303E+00
 0.19371593698968E+00
 0.19385588980933E+00
 0.19399767517815E+00
 0.19414108072310E+00
 0.19428592820994E+00
 0.19443200860173E+00
 0.19457917318222E+00
 0.19472726928069E+00
 0.19487614961725E+00
 0.19502569086673E+00
 0.19517574929737E+00
 0.19532623211653E+00
 0.19547701046786E+00
 0.19562800743824E+00
 0.19577911043256E+00
 0.19593025710720E+00
 0.19608135128913E+00
 0.19623232794457E+00
 0.19638311997484E+00
 0.19653365509551E+00
 0.19668388810798E+00
 0.19683376780380E+00
 0.19698323491526E+00
 0.19713224959030E+00
 0.19728077593789E+00
 0.19742877178127E+00
 0.19757620166763E+00
 0.19772302525787E+00
 0.19786923091650E+00
 0.19801478314956E+00
 0.19815966151959E+00
 0.19830384041904E+00
 0.19844730288140E+00
 0.19859002665184E+00
 0.19873199989422E+00
 0.19887321138290E+00
 0.19901363691940E+00
 0.19915328019153E+00
 0.19929212617027E+00
 0.19943016489577E+00
 0.19956738731635E+00
 0.19970378236491E+00
 0.19983935683417E+00
 0.19997409749454E+00
 0.20010800868520E+00
 0.20024108672144E+00
 0.20037331567983E+00
 0.20050471078746E+00
 0.20063526726921E+00
 0.20076497835543E+00
 0.20089384942985E+00
 0.20102188053222E+00
 0.20114908641532E+00
 0.20127544914447E+00
 0.20140097612244E+00
 0.20152567966798E+00
 0.20164955285444E+00
 0.20177260920809E+00
 0.20189482704578E+00
 0.20201624574417E+00
 0.20213685571089E+00
 0.20225664040232E+00
 0.20237563554828E+00
 0.20249383958824E+00
 0.20261123491955E+00
 0.20272786392806E+00
 0.20284370277037E+00
 0.20295877690559E+00
 0.20307307808427E+00
 0.20318659447904E+00
 0.20329937475904E+00
 0.20341139861408E+00
