 0.00000000000000E+00
 0.00000000000000E+00
 0.00000000000000E+00
 0.34854112912429E-25
 0.28560828225811E-24
-0.68506997620238E-10
-0.34098268202627E-09
 0.19272797637993E-09
 0.46793205012877E-09
 0.27836887779631E-10
 0.10321904365983E-09
-0.25170797821231E-09
 0.17272544655993E-10
-0.84895490116798E-10
-0.72417443995842E-09
 0.20896655234201E-08
-0.11284367142585E-08
 0.44983070139436E-08
 0.13874945868515E-07
 0.31862882325060E-07
 0.71192825275468E-07
 0.14893052130674E-06
 0.29184626110722E-06
 0.53831650273477E-06
 0.94426099870351E-06
 0.15839831533504E-05
 0.25523769148585E-05
 0.39704706415247E-05
 0.59116843074732E-05
 0.87621032870422E-05
 0.12506791426310E-04
 0.17355849683186E-04
 0.23819671951463E-04
 0.31921705812733E-04
 0.42027107205096E-04
 0.54516442226421E-04
 0.69719305420347E-04
 0.87611517937619E-04
 0.10910295745936E-03
 0.13427122839639E-03
 0.16314932626745E-03
 0.19715197166983E-03
 0.23553319972322E-03
 0.27938987615328E-03
 0.32901983202754E-03
 0.38387747133872E-03
 0.44531794084804E-03
 0.51369234639059E-03
 0.58780026238608E-03
 0.67108283533413E-03
 0.76102909464680E-03
 0.85861482670646E-03
 0.96439259203645E-03
 0.10795323295147E-02
 0.12032511412521E-02
 0.13384461442691E-02
 0.14925298501725E-02
 0.16294865322898E-02
 0.17614354287718E-02
 0.19892808398267E-02
 0.21761572811751E-02
 0.23193209845720E-02
 0.25422348977197E-02
 0.27736658131772E-02
 0.29975042443123E-02
 0.32314121657802E-02
 0.34846433162045E-02
 0.37511136054049E-02
 0.40293860748451E-02
 0.43220975993005E-02
 0.46291856344396E-02
 0.49496055465171E-02
 0.52856453541640E-02
 0.56369879000269E-02
 0.60018298196626E-02
 0.63852349445377E-02
 0.67842198942390E-02
 0.71983856245609E-02
 0.76328348507126E-02
 0.80851983904914E-02
 0.85538689187796E-02
 0.90437532674461E-02
 0.95538876104509E-02
 0.10082356114853E-01
 0.10634093530586E-01
 0.11208387533095E-01
 0.11803539336537E-01
 0.12422936552431E-01
 0.13066434409735E-01
 0.13734948842990E-01
 0.14429300980048E-01
 0.15170929466269E-01
 0.15885946391844E-01
 0.16688052411944E-01
 0.17515302411582E-01
 0.18330497976843E-01
 0.19165517856046E-01
 0.20062681491815E-01
 0.21036910343265E-01
 0.22063495909145E-01
 0.23094600844043E-01
 0.24118587268685E-01
 0.25150244447292E-01
 0.26283995610816E-01
 0.27488608060168E-01
 0.28743273502278E-01
 0.29970760341630E-01
 0.31311142168945E-01
 0.32658796963043E-01
 0.34079356226774E-01
 0.35547930016170E-01
 0.37074995263676E-01
 0.38650501335016E-01
 0.40282599743642E-01
 0.41978195972159E-01
 0.43740528470565E-01
 0.45567386713442E-01
 0.47459960843235E-01
 0.49379634272971E-01
 0.51414527401922E-01
 0.53566357838609E-01
 0.55735806291124E-01
 0.57909317912814E-01
 0.60172411505309E-01
 0.62561563308372E-01
 0.65100886041952E-01
 0.67758643811531E-01
 0.70445768001242E-01
 0.73107216978198E-01
 0.75812135735550E-01
 0.78640137667688E-01
 0.81618906856441E-01
 0.84718990342183E-01
 0.87859451722482E-01
 0.90977114902550E-01
 0.94294543456639E-01
 0.97577582118609E-01
 0.10094080168611E+00
 0.10434264457316E+00
 0.10779450940974E+00
 0.11128265329098E+00
 0.11477390073478E+00
 0.11826304676691E+00
 0.12171378802447E+00
 0.12510331539217E+00
 0.12842108883461E+00
 0.13164567624804E+00
 0.13473744564074E+00
 0.13763781390477E+00
 0.14033671630360E+00
 0.14277807893535E+00
 0.14493429243613E+00
 0.14675941310723E+00
 0.14822238979695E+00
 0.14929726004039E+00
 0.14994158786956E+00
 0.15015667363322E+00
 0.14993504114427E+00
 0.14925891996754E+00
 0.14815648162515E+00
 0.14664689570918E+00
 0.14473294923173E+00
 0.14247726036552E+00
 0.13988266941413E+00
 0.13702530306531E+00
 0.13394779270257E+00
 0.13067032483904E+00
 0.12725046987523E+00
 0.12371662408456E+00
 0.12015134824911E+00
 0.11655203997582E+00
 0.11298758508590E+00
 0.10944345486031E+00
 0.10605275070031E+00
 0.10263671679000E+00
 0.99432549330931E-01
 0.96428671037668E-01
 0.93467257719792E-01
 0.90547394738428E-01
 0.87889828176384E-01
 0.85471527045632E-01
 0.83236075873466E-01
 0.81056711856753E-01
 0.78913889536914E-01
 0.77078361250917E-01
 0.75320061603542E-01
 0.73687206524822E-01
 0.72156794647017E-01
 0.70722393143671E-01
 0.69405631545299E-01
 0.68177917092061E-01
 0.67023238355266E-01
 0.65937127621832E-01
 0.64915837367420E-01
 0.63961181384572E-01
 0.63059878781140E-01
 0.62205140137731E-01
 0.61385827137143E-01
 0.60605033014764E-01
 0.59867259659673E-01
 0.59163918213442E-01
 0.58475165746455E-01
 0.57840898929832E-01
 0.57180136280004E-01
 0.56591952012490E-01
 0.56028309716697E-01
 0.55423490748764E-01
 0.54837279607772E-01
 0.54301679687128E-01
 0.53828002387766E-01
 0.53316586231999E-01
 0.52782065846694E-01
 0.52298583387866E-01
 0.51817120399732E-01
 0.51357913433757E-01
 0.50901495161356E-01
 0.50453429063913E-01
 0.50015418935182E-01
 0.49584510872589E-01
 0.49163312759351E-01
 0.48749911860797E-01
 0.48344567785765E-01
 0.47946321019545E-01
 0.47555182080599E-01
 0.47169921544682E-01
 0.46794317963961E-01
 0.46423060918535E-01
 0.46059019720775E-01
 0.45701171449087E-01
 0.45349222724457E-01
 0.45003479599923E-01
 0.44663037719196E-01
 0.44328893026525E-01
 0.43999676161004E-01
 0.43676185841891E-01
 0.43357374193296E-01
 0.43044324413930E-01
 0.42735873644050E-01
 0.42432572807718E-01
 0.42134299123773E-01
 0.41839823268150E-01
 0.41550880742099E-01
 0.41265459800882E-01
 0.40984832086113E-01
 0.40708483646385E-01
 0.40436168956162E-01
 0.40167679087326E-01
 0.39903353902104E-01
 0.39643053572745E-01
 0.39386263281831E-01
 0.39133239339693E-01
 0.38884111844885E-01
 0.38638288166139E-01
 0.38395940194993E-01
 0.38157136309340E-01
 0.37921415406093E-01
 0.37689481172246E-01
 0.37460184054257E-01
 0.37234040228040E-01
 0.37010930290569E-01
 0.36790945662386E-01
 0.36573747089621E-01
 0.36359570117766E-01
 0.36148242266706E-01
 0.35939544586146E-01
 0.35733491276839E-01
 0.35530227198021E-01
 0.35329466201889E-01
 0.35131612294716E-01
 0.34935855719192E-01
 0.34742894353788E-01
 0.34552292067032E-01
 0.34363531421724E-01
 0.34177577033944E-01
 0.33993453821576E-01
 0.33811899687692E-01
 0.33632097552998E-01
 0.33454702538529E-01
 0.33279334526248E-01
 0.33106324506355E-01
 0.32934951328168E-01
 0.32766114914104E-01
 0.32598832764183E-01
 0.32433533075855E-01
 0.32269418667807E-01
 0.32108001113621E-01
 0.31948169056736E-01
 0.31789822690182E-01
 0.31633713158472E-01
 0.31479064484876E-01
 0.31325138390077E-01
 0.31174486257909E-01
 0.31024986830222E-01
 0.30877055258450E-01
 0.30730317479297E-01
 0.30585738681250E-01
 0.30442058573528E-01
 0.30299856665498E-01
 0.30159846517953E-01
 0.30021391734245E-01
