 0.00000000000000E+00
 0.00000000000000E+00
 0.00000000000000E+00
 0.14158804746980E-24
 0.85404520412461E-24
-0.97085633398538E-11
-0.55824707989970E-10
 0.42900268454010E-09
-0.71411576362425E-09
-0.25486357430940E-09
-0.22627452722504E-10
 0.99085057722420E-10
-0.34640158684877E-09
 0.27011534513422E-09
 0.84755304072382E-10
-0.14162519428130E-08
 0.10637014111755E-07
-0.18551586907888E-08
 0.15014565200559E-07
 0.32683911280906E-07
 0.71276558965353E-07
 0.14939164538000E-06
 0.29202710711048E-06
 0.53957854505731E-06
 0.94500148788450E-06
 0.15847527267376E-05
 0.25531405012429E-05
 0.39719763256917E-05
 0.61933787917031E-05
 0.87647795235480E-05
 0.12508629802849E-04
 0.18001021536145E-04
 0.24403554096922E-04
 0.32007065909412E-04
 0.42030089202908E-04
 0.53737986459877E-04
 0.69009183212862E-04
 0.87442021239838E-04
 0.10911132766815E-03
 0.13428705333339E-03
 0.16332675474379E-03
 0.19688233395085E-03
 0.23603327626325E-03
 0.28096550881659E-03
 0.32665893931493E-03
 0.38416806741205E-03
 0.44550636895891E-03
 0.51499956706936E-03
 0.58971633127868E-03
 0.67191116056272E-03
 0.76153115159885E-03
 0.85847417752935E-03
 0.96600030261095E-03
 0.10820608699218E-02
 0.12056511694544E-02
 0.12889200038267E-02
 0.14854117648798E-02
 0.14954583259096E-02
 0.18860266497424E-02
 0.20901900066038E-02
 0.20668530467138E-02
 0.22512476714980E-02
 0.26626550526789E-02
 0.27854981685872E-02
 0.30666504825817E-02
 0.32490557604719E-02
 0.35101900128351E-02
 0.37766845679331E-02
 0.40636453907668E-02
 0.43620323503185E-02
 0.46709010672799E-02
 0.50026360442330E-02
 0.53509306573526E-02
 0.57036521279082E-02
 0.60807661905945E-02
 0.64819919186695E-02
 0.68872377403124E-02
 0.73208320227616E-02
 0.77765439777002E-02
 0.82398442690335E-02
 0.87267102658090E-02
 0.92444721751183E-02
 0.97724032150644E-02
 0.10333983823161E-01
 0.10922448806976E-01
 0.11525625650272E-01
 0.12156616222365E-01
 0.12809751122870E-01
 0.13500408558237E-01
 0.14221599286087E-01
 0.14971301741405E-01
 0.15585876731216E-01
 0.16672103151526E-01
 0.17536105135307E-01
 0.18039315203071E-01
 0.18883682075433E-01
 0.20026529454251E-01
 0.21354734276735E-01
 0.22623756289299E-01
 0.23593430076597E-01
 0.24377877649633E-01
 0.25242770273895E-01
 0.26572830559404E-01
 0.28130969759263E-01
 0.29738485608258E-01
 0.30965175030705E-01
 0.31986884680317E-01
 0.33910643003736E-01
 0.35332172571558E-01
 0.36973503548971E-01
 0.38679206029156E-01
 0.40402305883068E-01
 0.42190146229579E-01
 0.44111693268939E-01
 0.46135023639816E-01
 0.48222802978778E-01
 0.50393791530666E-01
 0.52543906279513E-01
 0.55071755871651E-01
 0.57772299318654E-01
 0.59834492867317E-01
 0.61552477539332E-01
 0.64345076193217E-01
 0.67765572222800E-01
 0.71032634474627E-01
 0.74639577926426E-01
 0.77509035236328E-01
 0.79784524844834E-01
 0.82231425082736E-01
 0.85253376407286E-01
 0.89238630342902E-01
 0.93598974271147E-01
 0.97657094453081E-01
 0.10064651778363E+00
 0.10354720879846E+00
 0.10846631248250E+00
 0.11155436604057E+00
 0.11518503476588E+00
 0.11892802863082E+00
 0.12282116487195E+00
 0.12653111844929E+00
 0.12991762961174E+00
 0.13320145734219E+00
 0.13610452068518E+00
 0.13887042556236E+00
 0.14125761383502E+00
 0.14327843198625E+00
 0.14457802400609E+00
 0.14515544553342E+00
 0.14512028803122E+00
 0.14413602167314E+00
 0.14222070836507E+00
 0.13936369227966E+00
 0.13545420394725E+00
 0.13039148051941E+00
 0.12449641496510E+00
 0.11739154902934E+00
 0.10968415197753E+00
 0.10110645249304E+00
 0.91959599955791E-01
 0.82497400404213E-01
 0.72924851227533E-01
 0.62861957675881E-01
 0.53303827665967E-01
 0.43916856488512E-01
 0.34866953244299E-01
 0.26092656267066E-01
 0.18032178182387E-01
 0.10869572580444E-01
 0.44108295238410E-02
-0.14165869674974E-02
-0.61605905609929E-02
-0.97860646433908E-02
-0.14590951356872E-01
-0.16306202524640E-01
-0.17130039356911E-01
-0.19498932834483E-01
-0.20978300534685E-01
-0.21060586856755E-01
-0.19837704339316E-01
-0.17711150762067E-01
-0.17308949522411E-01
-0.17492452786475E-01
-0.16357047675089E-01
-0.13342782591785E-01
-0.12380615157694E-01
-0.10992566851406E-01
-0.94637246257326E-02
-0.78051041356452E-02
-0.61606531844970E-02
-0.45252925376941E-02
-0.32356472757635E-02
-0.19355677451770E-02
-0.54715436960362E-03
 0.87611765759305E-03
 0.19787483172064E-02
 0.29320880383371E-02
 0.38991783888134E-02
 0.48585849418541E-02
 0.58255778632066E-02
 0.65854627329601E-02
 0.75567072995972E-02
 0.78621257992644E-02
 0.90322824138858E-02
 0.97819891739656E-02
 0.97849035846540E-02
 0.98962188064520E-02
 0.10682570568749E-01
 0.11865887079118E-01
 0.12405493568908E-01
 0.11999291367324E-01
 0.12116490297022E-01
 0.13149278191367E-01
 0.12989397789937E-01
 0.13569661910725E-01
 0.13848086907982E-01
 0.14095775172016E-01
 0.14344302363116E-01
 0.14576265611099E-01
 0.14784820491464E-01
 0.14985070429011E-01
 0.15172842996635E-01
 0.15361101474665E-01
 0.15520200672730E-01
 0.15675535501594E-01
 0.15810430874134E-01
 0.15965808654207E-01
 0.16094815878727E-01
 0.16210343500047E-01
 0.16336404023650E-01
 0.16446845045255E-01
 0.16552593452021E-01
 0.16638013065880E-01
 0.16732220625761E-01
 0.16821233506775E-01
 0.16902895015132E-01
 0.16983591105056E-01
 0.17048918344553E-01
 0.17124555056017E-01
 0.17184871907022E-01
 0.17250442638349E-01
 0.17307920529590E-01
 0.17367445838011E-01
 0.17414527829093E-01
 0.17464524360547E-01
 0.17510054363335E-01
 0.17550980167554E-01
 0.17594216378971E-01
 0.17634031345967E-01
 0.17666545368321E-01
 0.17700776960597E-01
 0.17734778308635E-01
 0.17762607359807E-01
 0.17787365594062E-01
 0.17812471540111E-01
 0.17842157169794E-01
 0.17864536025175E-01
 0.17886084588447E-01
 0.17905423597426E-01
 0.17921735180602E-01
 0.17938771248826E-01
 0.17958538364313E-01
 0.17975088237534E-01
 0.17985507515018E-01
 0.18006978653565E-01
 0.18018593067162E-01
 0.18028818210118E-01
 0.18037821904071E-01
 0.18049571594603E-01
 0.18065878761131E-01
 0.18074659231713E-01
 0.18084948558058E-01
 0.18087754219666E-01
 0.18087307870723E-01
 0.18098146976924E-01
 0.18101618102466E-01
 0.18101873917486E-01
 0.18110107432674E-01
 0.18116866570114E-01
 0.18121755688977E-01
 0.18113682912361E-01
 0.18112575850216E-01
 0.18118609399423E-01
 0.18114027851330E-01
 0.18115256113470E-01
 0.18108106572589E-01
 0.18118158199601E-01
 0.18117566717832E-01
 0.18111598542045E-01
 0.18128018869411E-01
 0.18127529698941E-01
 0.18121223108617E-01
 0.18130784152145E-01
 0.18125324558167E-01
 0.18125472491201E-01
 0.18107771123348E-01
 0.18100419120075E-01
 0.18115857153818E-01
 0.18096392159685E-01
 0.18090820159885E-01
