 0.00000000000000E+00
 0.00000000000000E+00
 0.00000000000000E+00
 0.74750150136107E-24
 0.17291600995340E-24
-0.68205759481621E-23
-0.12762848353704E-22
 0.37897425514788E-22
-0.83882241341103E-09
 0.10036733098844E-08
 0.14761259515485E-07
 0.18375927138602E-07
-0.68020204800835E-08
-0.96037541216593E-09
-0.19485232765111E-07
 0.58913319062596E-07
-0.60542070712658E-08
 0.38531857810693E-09
-0.49937183472493E-07
 0.28310657203940E-08
-0.39544845560899E-07
-0.23354528777711E-07
 0.93637732855669E-08
 0.23798146131590E-07
-0.48241519602761E-08
 0.99386537725757E-07
-0.33943741528255E-07
-0.14811655576255E-07
 0.68823336475566E-07
-0.45134277545232E-07
 0.92424301938047E-07
-0.17845597882347E-07
-0.34851875173285E-07
-0.26958714815544E-08
 0.11214386259480E-07
-0.32135940749945E-07
-0.66363562247982E-08
-0.43346026679308E-07
 0.10794877236430E-07
 0.54412702104403E-07
 0.62280396996857E-09
-0.10487950752177E-07
 0.69730068996812E-07
 0.26570091045175E-07
 0.45819532768066E-07
-0.70742437234207E-07
 0.20420719004103E-07
 0.15448005538832E-07
 0.28139890736493E-07
 0.89963657056793E-07
 0.16967210835928E-06
 0.12025631644367E-06
 0.10341919870375E-06
 0.13594502785344E-06
 0.19937144248575E-06
 0.19472731608284E-06
 0.20507277009493E-06
 0.23153203913408E-06
 0.36163540618200E-06
 0.51221317042609E-06
 0.53278572891618E-06
 0.63418219062159E-06
 0.93545165671078E-06
 0.10928906792543E-05
 0.13981143271930E-05
 0.15592935689387E-05
 0.16561250170400E-05
 0.22363997222143E-05
 0.25337521117896E-05
 0.29493002187592E-05
 0.33776154265067E-05
 0.38238793263327E-05
 0.44791219613933E-05
 0.50522982355557E-05
 0.61488773920206E-05
 0.70138663644259E-05
 0.80718453116016E-05
 0.91308135509466E-05
 0.11593224390144E-04
 0.12843984809076E-04
 0.13497167940488E-04
 0.14862285077011E-04
 0.16430716618655E-04
 0.18675486444859E-04
 0.20454402191293E-04
 0.23477580799704E-04
 0.25761097838830E-04
 0.28747950229637E-04
 0.31739513487503E-04
 0.35458357066372E-04
 0.38176036956421E-04
 0.42646715824946E-04
 0.46384284115806E-04
 0.50833722338178E-04
 0.55950787956835E-04
 0.61176386399314E-04
 0.67117319391020E-04
 0.73757626624240E-04
 0.80177946746487E-04
 0.86723015981173E-04
 0.95146810334833E-04
 0.10276389178555E-03
 0.11193505501798E-03
 0.12173888381776E-03
 0.13200560123724E-03
 0.14190530209048E-03
 0.15154545360226E-03
 0.16633756620516E-03
 0.17903834269601E-03
 0.19310292429383E-03
 0.20915687498212E-03
 0.22392443307824E-03
 0.24095060290709E-03
 0.25890249965952E-03
 0.27769315037606E-03
 0.29878854038756E-03
 0.32155764842101E-03
 0.34668778357715E-03
 0.36977826841341E-03
 0.39521790036294E-03
 0.42467176584745E-03
 0.45300726189861E-03
 0.48510580263963E-03
 0.50986774107863E-03
 0.55729015677756E-03
 0.58338433606547E-03
 0.61871402099495E-03
 0.65510728499394E-03
 0.69245791130604E-03
 0.72448491270547E-03
 0.75123736865021E-03
 0.79697290032890E-03
 0.80168967365768E-03
 0.82445595256250E-03
 0.81880504708829E-03
 0.78972567903632E-03
 0.73538466629617E-03
 0.61810555194171E-03
 0.44966379572796E-03
 0.16328321775512E-03
-0.26501193645808E-03
-0.81928779780283E-03
-0.16243196183487E-02
-0.23687713644170E-02
-0.27852961083741E-02
-0.18660759048450E-02
 0.10249745452852E-02
 0.60214168262932E-02
 0.11612448069816E-01
 0.15647743102510E-01
 0.17490384597648E-01
 0.17946671566624E-01
 0.17301815807989E-01
 0.16322741844721E-01
 0.15206806591689E-01
 0.14154295605306E-01
 0.13154073697298E-01
 0.12367229649783E-01
 0.11426721706316E-01
 0.10861310269763E-01
 0.10273168034287E-01
 0.97587724026193E-02
 0.92865575495559E-02
 0.88618727283619E-02
 0.85506471152509E-02
 0.81925118822482E-02
 0.78922959527408E-02
 0.76246073820794E-02
 0.73713765546331E-02
 0.71453303944356E-02
 0.69269008321539E-02
 0.67288021806928E-02
 0.65307300571834E-02
 0.63569399880168E-02
 0.61911890113714E-02
 0.60267122891140E-02
 0.58753290378132E-02
 0.57229107173847E-02
 0.55900269437921E-02
 0.54582056397969E-02
 0.53283210855778E-02
 0.52048163166794E-02
 0.50915589923607E-02
 0.49384045595871E-02
 0.48690876582710E-02
 0.47640032258807E-02
 0.46678725367702E-02
 0.45731793658684E-02
 0.44830645643649E-02
 0.43952830304225E-02
 0.43074657163670E-02
 0.42325102279932E-02
 0.41557257790872E-02
 0.40825130570120E-02
 0.40100267703721E-02
 0.39426209997210E-02
 0.38790229289146E-02
 0.38139677590416E-02
 0.37578480931783E-02
 0.36967655022940E-02
 0.36419378742816E-02
 0.35880623671600E-02
 0.35372749313136E-02
 0.34860535307225E-02
 0.34391109477923E-02
 0.33941876194286E-02
 0.33483077480025E-02
 0.33061005163021E-02
 0.32637583934282E-02
 0.32233817001857E-02
 0.31852231149331E-02
 0.31470731140508E-02
 0.31114342807491E-02
 0.30759252128092E-02
 0.30410279664945E-02
 0.30075878965360E-02
 0.29755721309285E-02
 0.29441244156059E-02
 0.29142139595202E-02
 0.28840268348303E-02
 0.28553858649842E-02
 0.28263777474625E-02
 0.27989974269722E-02
 0.27740963560897E-02
 0.27476855636404E-02
 0.27219749577357E-02
 0.26978432209632E-02
 0.26726398191084E-02
 0.26490000406778E-02
 0.26272727071988E-02
 0.26044223716221E-02
 0.25821936574040E-02
 0.25604626192266E-02
 0.25394883957860E-02
 0.25196113543920E-02
 0.24991323786036E-02
 0.24790673541359E-02
 0.24593982375105E-02
 0.24406702533634E-02
 0.24226244825726E-02
 0.24050629191933E-02
 0.23867629908553E-02
 0.23685858051814E-02
 0.23516442798618E-02
 0.23351253097765E-02
 0.23180860023259E-02
 0.23013907247713E-02
 0.22848692497744E-02
 0.22686167175752E-02
 0.22539482558694E-02
 0.22398010229635E-02
 0.22243729131762E-02
 0.22093307347449E-02
 0.21953246817585E-02
 0.21812436703008E-02
 0.21661636728907E-02
 0.21529215258784E-02
 0.21397471824228E-02
 0.21254500123649E-02
 0.21117557115784E-02
 0.20994655948983E-02
 0.20868164254104E-02
 0.20737061278020E-02
 0.20610148323928E-02
 0.20489339593510E-02
 0.20360938068299E-02
 0.20248225976341E-02
 0.20122298640283E-02
 0.20012424930555E-02
 0.19895807765152E-02
 0.19781862284266E-02
 0.19669012253659E-02
 0.19563313778043E-02
 0.19453937606142E-02
 0.19346917963208E-02
 0.19234983569392E-02
 0.19135004667837E-02
 0.19029781233266E-02
 0.18922086809354E-02
 0.18826130632616E-02
 0.18721314655802E-02
 0.18627382615456E-02
 0.18522312323284E-02
 0.18428513121136E-02
 0.18329563663805E-02
 0.18240046535327E-02
 0.18146027230455E-02
 0.18053895189705E-02
 0.17956425087230E-02
 0.17874389755701E-02
 0.17779474364552E-02
 0.17692794842078E-02
 0.17611491670974E-02
 0.17525171713687E-02
 0.17430921490998E-02
 0.17352871782961E-02
 0.17264045852476E-02
 0.17182872785572E-02
 0.17100799145607E-02
 0.17018584915090E-02
