 0.00000000000000E+00
 0.00000000000000E+00
 0.00000000000000E+00
 0.13213665093939E-23
 0.12594049391606E-23
-0.20334922770520E-22
-0.24853794497303E-22
 0.89824103303796E-22
 0.20294627852813E-09
-0.28253546698753E-08
-0.57953119244277E-08
-0.69662051672761E-08
-0.12202307508538E-07
-0.57210452140316E-07
 0.16872343548286E-07
-0.67295587687427E-07
-0.43068135694079E-07
 0.26547190853864E-07
 0.19483885972368E-07
 0.30646927128158E-07
-0.18341524588437E-07
 0.27360604383516E-07
-0.51236554147314E-07
 0.21357363397768E-07
 0.75044450193382E-07
-0.20808749005432E-07
 0.22401611364000E-07
-0.65249100555245E-08
-0.74162042502080E-07
-0.52136080551743E-07
-0.78291840097054E-07
 0.10660696508413E-06
 0.49571524881001E-07
-0.53538459270773E-07
 0.57548083086071E-07
 0.45494467607098E-07
 0.10632980733974E-07
-0.56032413153418E-07
 0.12276343491576E-06
 0.87406163652378E-07
 0.28191500384947E-07
 0.86059244677872E-07
-0.13309631717647E-07
-0.46422536289172E-07
-0.48999514828366E-07
 0.41307659488129E-07
 0.19344173423044E-06
 0.57422854706945E-07
-0.13238280014973E-06
 0.18537838488165E-06
 0.51118591336372E-07
 0.47168832876967E-06
 0.53415694336261E-06
 0.10804902902269E-05
 0.71941447826249E-06
 0.26348431759669E-06
 0.77617531704615E-06
 0.50672317031776E-06
 0.98911542943370E-06
 0.14326837944685E-05
 0.13313971698587E-05
 0.19370337056336E-05
 0.21257158840856E-05
 0.28399401602628E-05
 0.35073491757812E-05
 0.44040986243492E-05
 0.52250850183540E-05
 0.61551771956786E-05
 0.69430850342901E-05
 0.81888429336020E-05
 0.10149866009869E-04
 0.11413603496368E-04
 0.13059248257358E-04
 0.15362470337302E-04
 0.18579351864345E-04
 0.22435950547039E-04
 0.25979329144979E-04
 0.28474842448782E-04
 0.30047210203716E-04
 0.37445726498644E-04
 0.43020296577549E-04
 0.48470991508286E-04
 0.56729042749167E-04
 0.64343233639126E-04
 0.71838984686875E-04
 0.82044597314464E-04
 0.92097751683910E-04
 0.10107523769804E-03
 0.11524321556564E-03
 0.12702278101647E-03
 0.14294753207915E-03
 0.15752844205567E-03
 0.17508988781067E-03
 0.19392125531343E-03
 0.21508303732557E-03
 0.24032559846306E-03
 0.26380896164198E-03
 0.29045834847724E-03
 0.32291819822272E-03
 0.35392651861991E-03
 0.38512617849835E-03
 0.42477272256704E-03
 0.46397925652914E-03
 0.51357022979874E-03
 0.55589369710895E-03
 0.60457123736845E-03
 0.67979981870062E-03
 0.69602779273433E-03
 0.80848307992463E-03
 0.85998456624236E-03
 0.92914141360710E-03
 0.10208406455053E-02
 0.10997648471298E-02
 0.11931915383181E-02
 0.12911234418657E-02
 0.14038149771641E-02
 0.15093639411228E-02
 0.16314644686514E-02
 0.17658124499265E-02
 0.19145805850245E-02
 0.20538460496448E-02
 0.22286149413295E-02
 0.24128066931981E-02
 0.25218394252245E-02
 0.27365413521149E-02
 0.29434511431630E-02
 0.31543926497842E-02
 0.33548696147131E-02
 0.35647323855297E-02
 0.37819343929057E-02
 0.40113091109153E-02
 0.40139443032232E-02
 0.43717819204192E-02
 0.43157998408986E-02
 0.42933458047701E-02
 0.41850600312168E-02
 0.35548437068515E-02
 0.30046723701529E-02
 0.18023587476720E-02
-0.30314934019432E-03
-0.26600594327385E-02
-0.67880725486495E-02
-0.10306314331879E-01
-0.14917494961940E-01
-0.15701405764492E-01
-0.10412306252864E-01
 0.11972823934930E-01
 0.48654570899402E-01
 0.81994675623882E-01
 0.10310592003160E+00
 0.10986821060532E+00
 0.10840654003958E+00
 0.10322867126984E+00
 0.97324721630711E-01
 0.90598192930427E-01
 0.84850189145267E-01
 0.79475087229952E-01
 0.74963230570440E-01
 0.70842908673751E-01
 0.67036415926344E-01
 0.63885689114943E-01
 0.61133327461884E-01
 0.58898320231371E-01
 0.56633111191849E-01
 0.54324461045921E-01
 0.52949448857155E-01
 0.51333802503121E-01
 0.49976108532281E-01
 0.48649364404960E-01
 0.47442303126265E-01
 0.46316058626989E-01
 0.45282892979489E-01
 0.44282893782933E-01
 0.43359695434250E-01
 0.42424647275691E-01
 0.41598216942936E-01
 0.40797013778129E-01
 0.40028651721165E-01
 0.39273168767785E-01
 0.38605043318929E-01
 0.37904618211756E-01
 0.37293852410591E-01
 0.36820021289321E-01
 0.36100994857962E-01
 0.35446863375148E-01
 0.34900998372699E-01
 0.34339342438676E-01
 0.33835560312891E-01
 0.33351894773963E-01
 0.32904378989827E-01
 0.32453477043348E-01
 0.32015542871241E-01
 0.31603085697348E-01
 0.31218237421778E-01
 0.30833427184239E-01
 0.30469052189099E-01
 0.30119345199450E-01
 0.29790685471885E-01
 0.29457072792031E-01
 0.29160023156126E-01
 0.28876067287957E-01
 0.28598335538236E-01
 0.28330265181952E-01
 0.28061223255870E-01
 0.27818768940661E-01
 0.27579629903086E-01
 0.27355941481471E-01
 0.27144150504824E-01
 0.26912348839396E-01
 0.26710646976851E-01
 0.26520909035027E-01
 0.26335807263278E-01
 0.26150925328992E-01
 0.25983993066970E-01
 0.25805714647011E-01
 0.25640815435605E-01
 0.25492113695507E-01
 0.25332784965842E-01
 0.25188907154889E-01
 0.25053415180790E-01
 0.24919865643237E-01
 0.24782899266995E-01
 0.24652374530392E-01
 0.24537548990563E-01
 0.24414371064175E-01
 0.24281353094130E-01
 0.24182564556487E-01
 0.24066190188801E-01
 0.23956261431665E-01
 0.23868789385571E-01
 0.23760784513880E-01
 0.23656950332658E-01
 0.23558496753117E-01
 0.23479620697251E-01
 0.23385182094975E-01
 0.23301085619133E-01
 0.23209675099408E-01
 0.23125855544596E-01
 0.23038210968271E-01
 0.22972457508783E-01
 0.22890146793350E-01
 0.22816684400468E-01
 0.22738463458323E-01
 0.22664945123805E-01
 0.22593519406097E-01
 0.22535307054282E-01
 0.22465193081455E-01
 0.22395628944970E-01
 0.22326980793495E-01
 0.22249694422599E-01
 0.22188721157819E-01
 0.22141098512900E-01
 0.22090755113794E-01
 0.22034712182971E-01
 0.21967636570450E-01
 0.21912532530372E-01
 0.21845790873699E-01
 0.21805742400188E-01
 0.21745394275124E-01
 0.21708124523338E-01
 0.21648701299402E-01
 0.21596730316884E-01
 0.21545667946249E-01
 0.21492484488897E-01
 0.21446906031298E-01
 0.21400802117283E-01
 0.21360774953892E-01
 0.21306648075490E-01
 0.21273703542730E-01
 0.21227446180664E-01
 0.21175300990675E-01
 0.21141813096257E-01
 0.21105272269480E-01
 0.21058994270990E-01
 0.21020949552955E-01
 0.20974047804169E-01
 0.20942959986442E-01
 0.20897407226600E-01
 0.20859202903160E-01
 0.20824270260084E-01
 0.20783248751939E-01
 0.20739199664739E-01
 0.20729721040857E-01
 0.20675027628686E-01
 0.20643470050083E-01
 0.20617114012074E-01
 0.20578855344742E-01
 0.20547728786606E-01
 0.20506673820029E-01
 0.20479339641438E-01
 0.20451067401039E-01
 0.20412371364241E-01
 0.20376759656690E-01
 0.20361513963715E-01
 0.20324422748733E-01
 0.20292166428669E-01
 0.20261368692144E-01
 0.20229088820129E-01
 0.20206431455990E-01
 0.20179072009777E-01
