 0.00000000000000E+00
 0.00000000000000E+00
 0.00000000000000E+00
 0.16307327361481E-25
 0.45030210925366E-25
-0.88948564790847E-24
 0.44251262670292E-22
-0.11107452028257E-21
-0.43518936021352E-10
 0.14200036296331E-07
 0.21821868661334E-07
 0.99360096009151E-07
 0.52211717840121E-07
-0.14426325903289E-06
 0.20266865193199E-07
-0.32762312465045E-07
 0.71958409718691E-08
-0.89271476001445E-08
 0.18647287409198E-08
-0.27342260067982E-07
-0.22563854482498E-07
 0.63737508376905E-08
 0.13143171494486E-07
-0.31699559425561E-08
-0.39427842234188E-08
 0.61689792290625E-09
 0.12239904634147E-07
-0.69204869011256E-08
 0.62541131285831E-08
-0.19625812409739E-08
 0.90028016576844E-08
 0.12302788399403E-08
 0.42401981784654E-08
-0.21292561556638E-09
 0.76929599561257E-09
-0.47713983696054E-08
 0.11589123655840E-07
 0.43728745516359E-10
 0.35429019565083E-08
-0.34020047281895E-08
 0.59411508330559E-08
 0.81028831402105E-08
 0.12280129697887E-07
 0.22652497627937E-07
 0.28889654607218E-07
 0.33322261533994E-07
 0.49889079271895E-07
 0.77987928832878E-07
 0.10249371023154E-06
 0.15662153430083E-06
 0.22195223560370E-06
 0.29197307704185E-06
 0.38019070988613E-06
 0.48779219174121E-06
 0.61340354501613E-06
 0.77806087433864E-06
 0.99365615344755E-06
 0.12464192683639E-05
 0.15360416070495E-05
 0.19020355497109E-05
 0.23303430035211E-05
 0.28225229538112E-05
 0.34049558816334E-05
 0.40877731670446E-05
 0.48726824991925E-05
 0.57969532627165E-05
 0.68539165320180E-05
 0.80501649572043E-05
 0.94322998121962E-05
 0.10999263880622E-04
 0.12749352095844E-04
 0.14743854261173E-04
 0.16985516056816E-04
 0.19484077852511E-04
 0.22283040867220E-04
 0.25395868365199E-04
 0.28854949779704E-04
 0.32672637350855E-04
 0.36927343415315E-04
 0.41538963707805E-04
 0.46679707661107E-04
 0.52307594684739E-04
 0.58470411031331E-04
 0.65208889152360E-04
 0.72547474043620E-04
 0.80551735016121E-04
 0.89241394663934E-04
 0.98693766640403E-04
 0.10893760916777E-03
 0.12002643735757E-03
 0.13200198555177E-03
 0.14492366041633E-03
 0.15884985548090E-03
 0.17387183326623E-03
 0.19002059031249E-03
 0.20736270489973E-03
 0.22599431154745E-03
 0.24598587257704E-03
 0.26737413985639E-03
 0.29027875756119E-03
 0.31478471109019E-03
 0.34097675996907E-03
 0.36894053227044E-03
 0.39877848445090E-03
 0.43061000074016E-03
 0.46454369289525E-03
 0.50066357206285E-03
 0.53913537160583E-03
 0.58008962322182E-03
 0.62358488607263E-03
 0.66969967211696E-03
 0.71895955726279E-03
 0.77119553785270E-03
 0.82659928454273E-03
 0.88541651664135E-03
 0.94776537749363E-03
 0.10139352692938E-02
 0.10840117923836E-02
 0.11583185746021E-02
 0.12370239196638E-02
 0.13203264877203E-02
 0.14085992493814E-02
 0.15019639595639E-02
 0.16007520077421E-02
 0.17051804215275E-02
 0.18157588459454E-02
 0.19325221555354E-02
 0.20557819662533E-02
 0.21860638203969E-02
 0.23238926574514E-02
 0.24689992082142E-02
 0.26220435522590E-02
 0.27833729759287E-02
 0.29531540736271E-02
 0.31318093550875E-02
 0.33195620482584E-02
 0.35162340964005E-02
 0.37222091979452E-02
 0.39377598763191E-02
 0.41623264976284E-02
 0.43958457750813E-02
 0.46376005622915E-02
 0.48866860676969E-02
 0.51429759142696E-02
 0.54062770698240E-02
 0.56750500929266E-02
 0.59508088252999E-02
 0.62376714264709E-02
 0.65456960727115E-02
 0.68930415984621E-02
 0.73122733339880E-02
 0.78497944353675E-02
 0.85609194694307E-02
 0.94969445093593E-02
 0.10686757687749E-01
 0.12113532700329E-01
 0.13725404218730E-01
 0.15447166047573E-01
 0.17205265861714E-01
 0.18942507893742E-01
 0.20622556435977E-01
 0.22222825469327E-01
 0.23734325715880E-01
 0.25156607565256E-01
 0.26492733160841E-01
 0.27747398943467E-01
 0.28926285725919E-01
 0.30036812290918E-01
 0.31084509153040E-01
 0.32074937276615E-01
 0.33012384376116E-01
 0.33901934368700E-01
 0.34746939636237E-01
 0.35550164839413E-01
 0.36315269041193E-01
 0.37044528575488E-01
 0.37739927680896E-01
 0.38403528838707E-01
 0.39037030132168E-01
 0.39642080758808E-01
 0.40219931482392E-01
 0.40771807814667E-01
 0.41298995400291E-01
 0.41802563269006E-01
 0.42283366606427E-01
 0.42742584297603E-01
 0.43180961415063E-01
 0.43599499488687E-01
 0.43998769442114E-01
 0.44379610016382E-01
 0.44743062739035E-01
 0.45089147357822E-01
 0.45419153297729E-01
 0.45733545495999E-01
 0.46032847288961E-01
 0.46317765511135E-01
 0.46588790110482E-01
 0.46846491382339E-01
 0.47091473459243E-01
 0.47324099536162E-01
 0.47544920385954E-01
 0.47754363825445E-01
 0.47952946612373E-01
 0.48141078175183E-01
 0.48319120027843E-01
 0.48487389516982E-01
 0.48646406822284E-01
 0.48796407217184E-01
 0.48937888582667E-01
 0.49071083361800E-01
 0.49196235664432E-01
 0.49313734367763E-01
 0.49423948722016E-01
 0.49526981510148E-01
 0.49623226224940E-01
 0.49712839098619E-01
 0.49796165971813E-01
 0.49873359040592E-01
 0.49944711098801E-01
 0.50010369222033E-01
 0.50070578013863E-01
 0.50125588925520E-01
 0.50175465240540E-01
 0.50220498810319E-01
 0.50260843940528E-01
 0.50296632194488E-01
 0.50328041172371E-01
 0.50355234036226E-01
 0.50378351589202E-01
 0.50397574494283E-01
 0.50412990516711E-01
 0.50424737243952E-01
 0.50433015604428E-01
 0.50437847840769E-01
 0.50439421834925E-01
 0.50437792617397E-01
 0.50433121094107E-01
 0.50425482160326E-01
 0.50415032035942E-01
 0.50401826333746E-01
 0.50385936510122E-01
 0.50367520153576E-01
 0.50346583081339E-01
 0.50323286579370E-01
 0.50297680174950E-01
 0.50269810777713E-01
 0.50239808779477E-01
 0.50207753010104E-01
 0.50173664957495E-01
 0.50137632902668E-01
 0.50099739922869E-01
 0.50060010015929E-01
 0.50018583621336E-01
 0.49975457585532E-01
 0.49930679200384E-01
 0.49884367175101E-01
 0.49836506099331E-01
 0.49787219873351E-01
 0.49736478044177E-01
 0.49684391656079E-01
 0.49631015543882E-01
 0.49576327202697E-01
 0.49520438615353E-01
 0.49463357606499E-01
 0.49405145130753E-01
 0.49345835755403E-01
 0.49285451343691E-01
 0.49224051029731E-01
 0.49161672670988E-01
 0.49098364982930E-01
 0.49034094581430E-01
 0.48968963705166E-01
 0.48903004419122E-01
 0.48836216324054E-01
 0.48768644710728E-01
 0.48700316768551E-01
 0.48631257946004E-01
 0.48561505854815E-01
 0.48491080482019E-01
 0.48420006475581E-01
 0.48348303581876E-01
 0.48276021052109E-01
 0.48203153598964E-01
 0.48129743884574E-01
 0.48055805794437E-01
 0.47981374255458E-01
 0.47906456933866E-01
 0.47831065280528E-01
 0.47755228058480E-01
 0.47678998408854E-01
 0.47602339861847E-01
 0.47525300257604E-01
 0.47447900594001E-01
 0.47370149643437E-01
 0.47292058735506E-01
 0.47213653830962E-01
 0.47134948815535E-01
 0.47055961950094E-01
 0.46976704910096E-01
 0.46897188905208E-01
