 0.00000000000000E+00
 0.00000000000000E+00
 0.00000000000000E+00
 0.34851506997445E-25
 0.10182831697256E-24
-0.10750679334881E-21
 0.78859110933852E-22
-0.33161448131064E-21
 0.64802371737461E-10
-0.74596216271261E-08
-0.26157554254254E-08
 0.31483700076772E-07
-0.21509234149178E-07
-0.25851765140901E-07
-0.39183026683640E-07
-0.26363796322937E-07
-0.89079761222871E-09
-0.11647583509757E-07
-0.10215780680942E-07
 0.93821033543065E-08
 0.26584066709679E-08
-0.13860590394450E-07
 0.83341261421781E-08
-0.90665584510652E-08
 0.16394800462407E-07
 0.13026434848968E-07
-0.51187992714249E-08
 0.31134532904431E-08
 0.66958284014618E-08
-0.10581624708478E-07
-0.14242910045280E-07
-0.99896456771475E-08
 0.12805807495600E-07
-0.11867999273174E-07
 0.16288864901500E-08
 0.77523021825294E-08
-0.15355044813818E-07
-0.89809397140774E-08
-0.98471438704491E-08
-0.81654319955524E-09
 0.38017107440360E-08
 0.94213741994558E-08
 0.23479130123276E-07
 0.37892060187837E-07
 0.15041908552498E-07
 0.20892709072169E-07
 0.74657369921579E-07
 0.11319972518388E-06
 0.16890057383734E-06
 0.20696910707711E-06
 0.26468030865717E-06
 0.33296844558676E-06
 0.41186640136215E-06
 0.50110779337321E-06
 0.67537420128288E-06
 0.90052803039836E-06
 0.11271170218975E-05
 0.13985353653993E-05
 0.17805413956931E-05
 0.22014489477759E-05
 0.26984819478689E-05
 0.33014990186145E-05
 0.40249858668465E-05
 0.48521746938035E-05
 0.58407453080914E-05
 0.70112724959333E-05
 0.83278271726112E-05
 0.98907393553406E-05
 0.11642406501949E-04
 0.13649914346127E-04
 0.15949668985727E-04
 0.18586508082899E-04
 0.21523246497459E-04
 0.24874103460651E-04
 0.28657929441655E-04
 0.32898267042114E-04
 0.37611843950762E-04
 0.42829808572103E-04
 0.48810300624235E-04
 0.55080260132247E-04
 0.62812618091660E-04
 0.70634490561566E-04
 0.79540371053287E-04
 0.89319000430657E-04
 0.10005576025996E-03
 0.11190331568683E-03
 0.12487334223083E-03
 0.13911343662643E-03
 0.15459300622808E-03
 0.17147339172250E-03
 0.18996239264312E-03
 0.20999778013247E-03
 0.23187198752965E-03
 0.25563859375845E-03
 0.28129141083910E-03
 0.30914459090380E-03
 0.33926587747894E-03
 0.37195574210053E-03
 0.40708442094400E-03
 0.44504828299956E-03
 0.48595625490517E-03
 0.53008031345644E-03
 0.57742353179422E-03
 0.62853658584919E-03
 0.68345189260361E-03
 0.74242472692034E-03
 0.80556312894066E-03
 0.87368033102467E-03
 0.94613701557461E-03
 0.10238436682801E-02
 0.11076225987555E-02
 0.11974192299357E-02
 0.12925138268923E-02
 0.13949047359468E-02
 0.15041706212961E-02
 0.16208835800389E-02
 0.17455033868031E-02
 0.18787105178106E-02
 0.20210735449249E-02
 0.21723930453036E-02
 0.23341006378740E-02
 0.25064990048007E-02
 0.26899357127375E-02
 0.28856491712204E-02
 0.30942569600882E-02
 0.33159436025427E-02
 0.35509697690695E-02
 0.38014441612178E-02
 0.40694207618721E-02
 0.43517080596781E-02
 0.46519791487637E-02
 0.49707670847631E-02
 0.53077276314637E-02
 0.56649959878402E-02
 0.60424037440052E-02
 0.64391835413763E-02
 0.68576391860075E-02
 0.72971876270118E-02
 0.77586795136979E-02
 0.82380660561348E-02
 0.87357042033480E-02
 0.92476745962503E-02
 0.97745529635854E-02
 0.10314417762791E-01
 0.10857326929450E-01
 0.11410397197908E-01
 0.11986678870200E-01
 0.12619062773653E-01
 0.13353124011536E-01
 0.14265031301934E-01
 0.15461027056481E-01
 0.17103115403772E-01
 0.19369461445630E-01
 0.22365865188005E-01
 0.26009837244272E-01
 0.30070034073962E-01
 0.34276152930228E-01
 0.38406382798479E-01
 0.42341974175674E-01
 0.46052310905820E-01
 0.49527585665030E-01
 0.52787271743318E-01
 0.55870220709131E-01
 0.58795132776297E-01
 0.61580797188412E-01
 0.64245400290013E-01
 0.66808993704021E-01
 0.69279744305807E-01
 0.71667932851470E-01
 0.73980083788772E-01
 0.76225312132361E-01
 0.78409083579541E-01
 0.80531376342571E-01
 0.82597328553551E-01
 0.84616318179510E-01
 0.86584829547113E-01
 0.88506042362530E-01
 0.90382602625128E-01
 0.92215625312672E-01
 0.94007151147919E-01
 0.95758870790304E-01
 0.97470710614154E-01
 0.99145049891208E-01
 0.10078304858638E+00
 0.10238370372440E+00
 0.10395025917682E+00
 0.10548303082388E+00
 0.10698214990847E+00
 0.10844912702045E+00
 0.10988496329255E+00
 0.11128916744215E+00
 0.11266543579579E+00
 0.11401151755523E+00
 0.11532988854874E+00
 0.11662105612495E+00
 0.11788626497708E+00
 0.11912482071748E+00
 0.12033841680159E+00
 0.12152735857066E+00
 0.12269337366435E+00
 0.12383579061121E+00
 0.12495600344390E+00
 0.12605472893475E+00
 0.12713223719808E+00
 0.12818920020405E+00
 0.12922561078412E+00
 0.13024346612365E+00
 0.13124229993856E+00
 0.13222262318082E+00
 0.13318510825637E+00
 0.13413019239356E+00
 0.13505873857347E+00
 0.13597021003199E+00
 0.13686679558965E+00
 0.13774693823817E+00
 0.13861200251906E+00
 0.13946241134620E+00
 0.14029872466798E+00
 0.14112100059116E+00
 0.14192955281313E+00
 0.14272472439635E+00
 0.14350699383458E+00
 0.14427665809135E+00
 0.14503364813497E+00
 0.14577936746505E+00
 0.14651301018159E+00
 0.14723494176604E+00
 0.14794582649445E+00
 0.14864614649235E+00
 0.14933582282556E+00
 0.15001421236305E+00
 0.15068349922565E+00
 0.15134227335825E+00
 0.15199140889745E+00
 0.15263130127020E+00
 0.15326162808476E+00
 0.15388299677176E+00
 0.15449511563012E+00
 0.15509905293184E+00
 0.15569426389544E+00
 0.15628093845538E+00
 0.15685978880035E+00
 0.15743071292458E+00
 0.15799348863944E+00
 0.15854870068176E+00
 0.15909642653779E+00
 0.15963700820216E+00
 0.16017002687536E+00
 0.16069614662565E+00
 0.16121563653281E+00
 0.16172772234156E+00
 0.16223355170385E+00
 0.16273279869899E+00
 0.16322561282825E+00
 0.16371215651154E+00
 0.16419242583104E+00
 0.16466672841181E+00
 0.16513519971649E+00
 0.16559759026569E+00
 0.16605454232198E+00
 0.16650553714280E+00
 0.16695140633354E+00
 0.16739157490351E+00
 0.16782633984381E+00
 0.16825613280010E+00
 0.16868093108151E+00
 0.16910031339864E+00
 0.16951477365459E+00
 0.16992449136409E+00
 0.17032939306217E+00
 0.17072942226728E+00
 0.17112512925424E+00
 0.17151623283915E+00
 0.17190286221225E+00
 0.17228491095625E+00
 0.17266266864927E+00
 0.17303640134047E+00
 0.17340572707650E+00
 0.17377101933440E+00
 0.17413218662206E+00
 0.17448956353645E+00
 0.17484280491810E+00
 0.17519218554451E+00
 0.17553793075672E+00
 0.17587994791961E+00
 0.17621818127538E+00
 0.17655266982839E+00
 0.17688376584494E+00
 0.17721136111427E+00
 0.17753569661715E+00
 0.17785624800806E+00
 0.17817364169152E+00
 0.17848769544268E+00
 0.17879861893142E+00
 0.17910616656907E+00
 0.17941067069825E+00
 0.17971206550280E+00
 0.18001034229203E+00
 0.18030581466636E+00
 0.18059797183284E+00
