 0.00000000000000E+00
 0.00000000000000E+00
 0.00000000000000E+00
-0.96364651380283E-27
-0.60808796833614E-26
 0.61235322991499E-23
-0.66399747822108E-23
 0.29068334046567E-22
 0.29256000533560E-10
-0.80823492145130E-08
-0.33808859250586E-07
-0.76299635520191E-07
-0.92886811764798E-09
 0.10585333530543E-06
-0.36064695765454E-07
-0.71621096877639E-08
-0.24062715257230E-07
 0.26477845935282E-07
 0.92065482725684E-09
 0.54109741394860E-07
 0.38573072716075E-07
 0.17569661063801E-08
-0.24889608609926E-07
 0.78770406474300E-08
 0.23235568365961E-07
 0.79160280893034E-08
-0.47004393128546E-07
 0.22037875507023E-07
-0.78531892800857E-08
 0.25061201825865E-07
-0.46626299610425E-07
-0.15312786576523E-08
-0.10544394244291E-07
 0.16152233206819E-08
-0.44123914087168E-10
 0.27307459826248E-07
-0.52924136287949E-07
 0.15309561581539E-08
-0.42529608527404E-08
 0.53033273194209E-07
-0.17281441872400E-08
 0.17973946823765E-07
 0.46651025938597E-07
 0.24118270356225E-07
-0.25764825312492E-07
 0.57368459365746E-07
 0.15364321822632E-06
 0.18503038427319E-06
 0.28159332893943E-06
 0.18061105050973E-06
 0.14620882100546E-06
 0.25020900121707E-06
 0.32050994201655E-06
 0.47199572895540E-06
 0.67641428437810E-06
 0.88772462053016E-06
 0.98235301724446E-06
 0.11942452939457E-05
 0.15684851016037E-05
 0.18251076923669E-05
 0.21527730442967E-05
 0.27972820806513E-05
 0.33925376303238E-05
 0.41066412114202E-05
 0.50651748472378E-05
 0.58931686706842E-05
 0.68217400768363E-05
 0.82434611953569E-05
 0.94008716631101E-05
 0.10830039065598E-04
 0.12907857853607E-04
 0.14872408734634E-04
 0.16906086472947E-04
 0.19582089584972E-04
 0.22340358247363E-04
 0.25420471436174E-04
 0.28812793202728E-04
 0.32963527429730E-04
 0.36556235973578E-04
 0.41351719832176E-04
 0.46048221166471E-04
 0.52531124860337E-04
 0.58681120759910E-04
 0.65262589859444E-04
 0.72868149222134E-04
 0.80738314327958E-04
 0.89878534791503E-04
 0.99212031764802E-04
 0.10932150530429E-03
 0.12008592702972E-03
 0.13237558061415E-03
 0.14555743840342E-03
 0.16019289428474E-03
 0.17511742927809E-03
 0.19123784080758E-03
 0.20923324213267E-03
 0.22792737005213E-03
 0.24784503247898E-03
 0.26998880218430E-03
 0.29354044693502E-03
 0.31802967740814E-03
 0.34504881497587E-03
 0.37352634306872E-03
 0.40500773085524E-03
 0.43730480150731E-03
 0.47191799849918E-03
 0.51028491392188E-03
 0.55124040857502E-03
 0.59130937607388E-03
 0.63650077349699E-03
 0.69086154406524E-03
 0.73688626941652E-03
 0.79384910879987E-03
 0.85271126767034E-03
 0.91515532274281E-03
 0.98220015019444E-03
 0.10511843299941E-02
 0.11286086416142E-02
 0.12077888764437E-02
 0.12917677528255E-02
 0.13842117588114E-02
 0.14777074945002E-02
 0.15800722061575E-02
 0.16892592932620E-02
 0.18104303772747E-02
 0.19256745198704E-02
 0.20510108787775E-02
 0.21930578858050E-02
 0.23377628796665E-02
 0.24768891005401E-02
 0.26397898284919E-02
 0.28070686329789E-02
 0.29762931453116E-02
 0.31580925653646E-02
 0.33388694085321E-02
 0.35107225920639E-02
 0.37030752757470E-02
 0.38879460369364E-02
 0.40513179081176E-02
 0.42138599898468E-02
 0.43307439493029E-02
 0.44156638118895E-02
 0.44893316107890E-02
 0.44860704453659E-02
 0.43728278515961E-02
 0.42641112608654E-02
 0.42205956496808E-02
 0.43864367397113E-02
 0.49695412218800E-02
 0.62978590186418E-02
 0.87332767567985E-02
 0.12788150239228E-01
 0.18815008401936E-01
 0.26348723490324E-01
 0.33793168723227E-01
 0.39894954012462E-01
 0.43755889106428E-01
 0.45401115393082E-01
 0.45401168588355E-01
 0.44317365167955E-01
 0.42527360341872E-01
 0.40452098570787E-01
 0.38334994103873E-01
 0.36248795046016E-01
 0.34219591942515E-01
 0.32331198876232E-01
 0.30640601078626E-01
 0.29077121996858E-01
 0.27650669232967E-01
 0.26320703308061E-01
 0.25163406518922E-01
 0.24065570100177E-01
 0.23051295995083E-01
 0.22168894106108E-01
 0.21317217954624E-01
 0.20537347399403E-01
 0.19828655440474E-01
 0.19170906169980E-01
 0.18561648717486E-01
 0.17979926551647E-01
 0.17442201396129E-01
 0.16947179932934E-01
 0.16473568152427E-01
 0.16034961473845E-01
 0.15631172560031E-01
 0.15233097206610E-01
 0.14877551139463E-01
 0.14516899924761E-01
 0.14191852347978E-01
 0.13894747855281E-01
 0.13573755295430E-01
 0.13312197213485E-01
 0.13043525696990E-01
 0.12792350156474E-01
 0.12553957574672E-01
 0.12325724933934E-01
 0.12107349568179E-01
 0.11902793764410E-01
 0.11698146251553E-01
 0.11505016822756E-01
 0.11327931220996E-01
 0.11155301798556E-01
 0.10983378823312E-01
 0.10812812824562E-01
 0.10652799670590E-01
 0.10511344148644E-01
 0.10365961461436E-01
 0.10235294111738E-01
 0.10100598074658E-01
 0.99626745606543E-02
 0.98467118560501E-02
 0.97321149062346E-02
 0.96073863477887E-02
 0.94971051588263E-02
 0.93857733181526E-02
 0.92836440622854E-02
 0.91831392383857E-02
 0.90866164632045E-02
 0.89890889733332E-02
 0.88973185998302E-02
 0.88100247714082E-02
 0.87139945901756E-02
 0.86359593367442E-02
 0.85516244231962E-02
 0.84656392447231E-02
 0.83883022967392E-02
 0.83128464176696E-02
 0.82376775024503E-02
 0.81668784650552E-02
 0.80934866499356E-02
 0.80236935186327E-02
 0.79594796115631E-02
 0.78847406112660E-02
 0.78229228175093E-02
 0.77556075049429E-02
 0.76965516216141E-02
 0.76373088133629E-02
 0.75809487318554E-02
 0.75193896641120E-02
 0.74592680559600E-02
 0.74050712378288E-02
 0.73476235367499E-02
 0.72993539257192E-02
 0.72387931560389E-02
 0.71860344676547E-02
 0.71396019166158E-02
 0.70916748024599E-02
 0.70367959584170E-02
 0.69875728964124E-02
 0.69425177958616E-02
 0.68959660936812E-02
 0.68569415098364E-02
 0.68050900488334E-02
 0.67595735072520E-02
 0.67199029361165E-02
 0.66711346638910E-02
 0.66310810715800E-02
 0.65861341300800E-02
 0.65483752662992E-02
 0.65084815759235E-02
 0.64627143352738E-02
 0.64255465701582E-02
 0.63836081404221E-02
 0.63488556341501E-02
 0.63099970884455E-02
 0.62717851378257E-02
 0.62374497366614E-02
 0.62023725739141E-02
 0.61639548775378E-02
 0.61234490164433E-02
 0.60955288108307E-02
 0.60634752562945E-02
 0.60257074086910E-02
 0.59928660075638E-02
 0.59570736626397E-02
 0.59246086397695E-02
 0.58931572644421E-02
 0.58601544086170E-02
 0.58278216538046E-02
 0.57981010138186E-02
 0.57690966889738E-02
 0.57342593554385E-02
 0.57082853982711E-02
 0.56778574717977E-02
 0.56503858657553E-02
 0.56180935984671E-02
 0.55884706224172E-02
 0.55627238366104E-02
 0.55359634872397E-02
 0.55023145800443E-02
 0.54785922319563E-02
 0.54518293444354E-02
 0.54239872855252E-02
 0.53962864519055E-02
 0.53715158151684E-02
 0.53459770522271E-02
 0.53203400245809E-02
 0.52933903719508E-02
 0.52671672058601E-02
 0.52427601606020E-02
