 0.00000000000000E+00
 0.00000000000000E+00
 0.00000000000000E+00
-0.18790206414937E-26
-0.82354131673809E-26
 0.12786525660606E-22
-0.12484333030517E-22
 0.67842245454794E-22
-0.26554543881104E-10
 0.34423493891348E-08
-0.37502897377741E-08
-0.25031002698432E-07
 0.13445884108629E-07
-0.43218855756760E-08
 0.22879784608844E-07
 0.28437228099083E-07
 0.32775410213062E-09
 0.16215277685100E-07
 0.17266468422769E-07
-0.16234307719139E-07
-0.56854835240721E-08
 0.21433352530658E-07
-0.10360309439261E-07
 0.94014924031312E-08
-0.31612669001890E-07
-0.21827377324953E-07
 0.14653832606916E-08
 0.15819146639133E-08
-0.89353370887484E-08
 0.18434419223699E-07
 0.50496318046789E-07
 0.30819320476745E-07
-0.48048071829744E-07
 0.61550362069750E-07
-0.25803270599395E-08
-0.36335599989455E-07
 0.88549030695656E-07
 0.58091793035988E-07
 0.68980356036979E-07
 0.77963740030268E-07
 0.10194084099097E-07
 0.17812514915389E-07
-0.58795988125752E-08
-0.14447314878767E-06
 0.39486724193016E-07
 0.21042311657970E-06
 0.85929161194968E-07
 0.39422378162986E-07
-0.19927303177396E-06
-0.89268527040218E-08
 0.51943108018140E-07
 0.22482615161130E-06
 0.48336033788536E-06
 0.89947995998462E-06
 0.86438929190934E-06
 0.71181933005293E-06
 0.11987593466561E-05
 0.16603539851621E-05
 0.15939398760828E-05
 0.22348681599428E-05
 0.28943312248796E-05
 0.35358867545531E-05
 0.41747795240848E-05
 0.52904938010794E-05
 0.61837747242198E-05
 0.69941447702374E-05
 0.86081872319593E-05
 0.95228820693765E-05
 0.11551979664845E-04
 0.13744145397062E-04
 0.16014578315724E-04
 0.18236465393384E-04
 0.21585276204084E-04
 0.24892668824890E-04
 0.28314544752140E-04
 0.32224981241871E-04
 0.37495052683575E-04
 0.44913096626743E-04
 0.46855622420735E-04
 0.59644838031048E-04
 0.59416097712586E-04
 0.70538610361466E-04
 0.79049953877432E-04
 0.89311535646149E-04
 0.10049220448308E-03
 0.11214110069336E-03
 0.12536351038522E-03
 0.13838241391984E-03
 0.15476099513397E-03
 0.17324583497192E-03
 0.19152625424624E-03
 0.21375526841217E-03
 0.23430383244417E-03
 0.25641092589926E-03
 0.28470099529761E-03
 0.31328921914806E-03
 0.34321431965823E-03
 0.37389816104517E-03
 0.41214271367161E-03
 0.45139886145177E-03
 0.49484538598605E-03
 0.53880455429963E-03
 0.59239216951752E-03
 0.64388778489459E-03
 0.69803634465071E-03
 0.75868605338068E-03
 0.83224299921134E-03
 0.88814784272493E-03
 0.97544263486192E-03
 0.10666715287872E-02
 0.11465568442942E-02
 0.12324292238939E-02
 0.13508976260801E-02
 0.14514535623663E-02
 0.15729843176304E-02
 0.17023835786174E-02
 0.18416855030620E-02
 0.19852129569534E-02
 0.21284963630318E-02
 0.23112682922768E-02
 0.24841829940456E-02
 0.26745273691132E-02
 0.28900669404474E-02
 0.31093778509810E-02
 0.33154336435902E-02
 0.35505633072135E-02
 0.38535543806237E-02
 0.41496382356081E-02
 0.43777044720655E-02
 0.47338905155445E-02
 0.50394308662697E-02
 0.53539896607634E-02
 0.57359994196388E-02
 0.60546524343121E-02
 0.63666861418067E-02
 0.67512423437971E-02
 0.70592382231755E-02
 0.73526388554902E-02
 0.74966934594624E-02
 0.76075792256913E-02
 0.76097753386755E-02
 0.76482392768579E-02
 0.74728523151290E-02
 0.70748603684698E-02
 0.71968697052047E-02
 0.74470479473245E-02
 0.78384192958028E-02
 0.78197397087321E-02
 0.83626132811306E-02
 0.12290556595769E-01
 0.25368130789004E-01
 0.49914983770479E-01
 0.81189468519817E-01
 0.10783658083720E+00
 0.12257909474297E+00
 0.12429147918610E+00
 0.11670484390790E+00
 0.10565611067026E+00
 0.94661560925167E-01
 0.84473047434562E-01
 0.76354106350005E-01
 0.70507215549455E-01
 0.65550592679240E-01
 0.61474294426190E-01
 0.58307661186685E-01
 0.55873524318612E-01
 0.53623790086610E-01
 0.51660267418165E-01
 0.49882084012830E-01
 0.48505754355902E-01
 0.47084257164546E-01
 0.45630785145566E-01
 0.44542782273956E-01
 0.43655592726630E-01
 0.42486558125348E-01
 0.41505658246937E-01
 0.40601484259723E-01
 0.39739218239990E-01
 0.38970455323206E-01
 0.38218987173672E-01
 0.37477241605629E-01
 0.36794463590874E-01
 0.36118433429679E-01
 0.35455540223810E-01
 0.34935079587692E-01
 0.34347387635522E-01
 0.33748925842356E-01
 0.33277150967998E-01
 0.32817092469221E-01
 0.32342835324115E-01
 0.31949939152639E-01
 0.31455497888612E-01
 0.31106872084190E-01
 0.30760219543245E-01
 0.30372364640885E-01
 0.29952596942170E-01
 0.29667230274376E-01
 0.29354958018411E-01
 0.29087339691028E-01
 0.28764975098765E-01
 0.28510557595099E-01
 0.28228480002786E-01
 0.27966221389210E-01
 0.27686200452549E-01
 0.27430765605347E-01
 0.27278202379556E-01
 0.27011132699800E-01
 0.26798765464681E-01
 0.26594271961089E-01
 0.26395521181974E-01
 0.26209540360158E-01
 0.26006457220525E-01
 0.25902570811863E-01
 0.25629305145735E-01
 0.25484855583958E-01
 0.25355668050710E-01
 0.25236993315125E-01
 0.25059280381213E-01
 0.24892365545313E-01
 0.24758074665711E-01
 0.24644102301882E-01
 0.24530294552197E-01
 0.24389572784073E-01
 0.24342585271999E-01
 0.24151114262043E-01
 0.24035181835410E-01
 0.23965581887845E-01
 0.23882910109953E-01
 0.23735664638043E-01
 0.23592963836245E-01
 0.23612151942939E-01
 0.23435858097760E-01
 0.23372742341586E-01
 0.23287777336933E-01
 0.23164767842961E-01
 0.23098750833533E-01
 0.22994709077018E-01
 0.22973713179873E-01
 0.22864840802229E-01
 0.22786219530190E-01
 0.22744412996407E-01
 0.22647392251749E-01
 0.22549349985950E-01
 0.22501423584584E-01
 0.22442296568529E-01
 0.22382736923347E-01
 0.22278166733153E-01
 0.22258018434892E-01
 0.22188176550004E-01
 0.22076824608264E-01
 0.22067390598744E-01
 0.22002428851754E-01
 0.21936628738341E-01
 0.21884273979816E-01
 0.21825432285085E-01
 0.21783147035349E-01
 0.21737233861153E-01
 0.21654927106216E-01
 0.21641012779567E-01
 0.21552157254513E-01
 0.21546576131559E-01
 0.21457168606627E-01
 0.21435504912231E-01
 0.21423050081403E-01
 0.21349560930367E-01
 0.21264411034164E-01
 0.21248098756359E-01
 0.21227070477004E-01
 0.21184409357275E-01
 0.21132160745215E-01
 0.21129145689855E-01
 0.21063485496619E-01
 0.20998691356414E-01
 0.20937885367493E-01
 0.20927364143837E-01
 0.20911987374930E-01
 0.20839201930423E-01
 0.20803463223574E-01
 0.20771054988643E-01
 0.20731708955084E-01
 0.20668962062093E-01
 0.20643318310580E-01
 0.20644687901659E-01
 0.20597631407382E-01
 0.20531642777978E-01
 0.20514861084298E-01
 0.20508419799401E-01
 0.20481836903727E-01
 0.20439030086804E-01
 0.20353538274262E-01
 0.20379011550718E-01
 0.20337896638534E-01
 0.20320629293009E-01
 0.20258303766735E-01
 0.20240330213520E-01
 0.20226634042729E-01
 0.20186935794589E-01
 0.20184090425740E-01
 0.20101062263350E-01
 0.20136035125135E-01
