 0.22953796401622E+00
 0.22953796401639E+00
 0.22953796402084E+00
 0.22953796405359E+00
 0.22953796418044E+00
 0.22953796452164E+00
 0.22953796525356E+00
 0.22953796660447E+00
 0.22953796884048E+00
 0.22953797222373E+00
 0.22953797692044E+00
 0.22953798284877E+00
 0.22953798947727E+00
 0.22953799559979E+00
 0.22953799911667E+00
 0.22953799684701E+00
 0.22953788480645E+00
 0.22953785645202E+00
 0.22953768985298E+00
 0.22953748482094E+00
 0.22953711219325E+00
 0.22953667446221E+00
 0.22953602512489E+00
 0.22953525404536E+00
 0.22953419671964E+00
 0.22953294710670E+00
 0.22953132774516E+00
 0.22952944322793E+00
 0.22952710650720E+00
 0.22952442990549E+00
 0.22952131651824E+00
 0.22951760978790E+00
 0.22951346129627E+00
 0.22950866100226E+00
 0.22950334718525E+00
 0.22949741234417E+00
 0.22949071546814E+00
 0.22948341526629E+00
 0.22947540294801E+00
 0.22946654747103E+00
 0.22945701093601E+00
 0.22944668829989E+00
 0.22943555526933E+00
 0.22942349105410E+00
 0.22941067075094E+00
 0.22939699115454E+00
 0.22938243527506E+00
 0.22936689217460E+00
 0.22935053792054E+00
 0.22933327506864E+00
 0.22931509235049E+00
 0.22929598152833E+00
 0.22927593521689E+00
 0.22925484523250E+00
 0.22923290127777E+00
 0.22921000493792E+00
 0.22918614915699E+00
 0.22916132866693E+00
 0.22913553824807E+00
 0.22910867383246E+00
 0.22908092155746E+00
 0.22905218346464E+00
 0.22902245173011E+00
 0.22899171899537E+00
 0.22895997699502E+00
 0.22892721644978E+00
 0.22889342681121E+00
 0.22885849661996E+00
 0.22882260668126E+00
 0.22878564765469E+00
 0.22874760139889E+00
 0.22870844843473E+00
 0.22866816695071E+00
 0.22862673250176E+00
 0.22858411779572E+00
 0.22854029253441E+00
 0.22849512258718E+00
 0.22844876726369E+00
 0.22840108992320E+00
 0.22835204463972E+00
 0.22830158152276E+00
 0.22824964619117E+00
 0.22819617899421E+00
 0.22814110464645E+00
 0.22808437013941E+00
 0.22802578829054E+00
 0.22796547363355E+00
 0.22790323772518E+00
 0.22783898116179E+00
 0.22777259609607E+00
 0.22770396618273E+00
 0.22763296510538E+00
 0.22755945647762E+00
 0.22748319120987E+00
 0.22740420818203E+00
 0.22732223788648E+00
 0.22723709364510E+00
 0.22714857323634E+00
 0.22705645869163E+00
 0.22696051390470E+00
 0.22686038113657E+00
 0.22675598239234E+00
 0.22664692078267E+00
 0.22653287053368E+00
 0.22641347806059E+00
 0.22628835912666E+00
 0.22615699240860E+00
 0.22601912105404E+00
 0.22587415039703E+00
 0.22572153702528E+00
 0.22556068293200E+00
 0.22539083153511E+00
 0.22521142678019E+00
 0.22502163549273E+00
 0.22482055249658E+00
 0.22460720253935E+00
 0.22438039329819E+00
 0.22413912001031E+00
 0.22388192632429E+00
 0.22360718291134E+00
 0.22331336651366E+00
 0.22299841767404E+00
 0.22266011144448E+00
 0.22229576824624E+00
 0.22190264226753E+00
 0.22147709563568E+00
 0.22101522396109E+00
 0.22051215878685E+00
 0.21996235137296E+00
 0.21935872200150E+00
 0.21869306036069E+00
 0.21795469857933E+00
 0.21713050764143E+00
 0.21620331769630E+00
 0.21515071978726E+00
 0.21394178219803E+00
 0.21253236112328E+00
 0.21085695565224E+00
 0.20880921103107E+00
 0.20619753079406E+00
 0.20260814011096E+00
 0.19669992114176E+00
 0.13390492075076E+00
 0.13422389417017E+00
 0.13491882977477E+00
 0.13586280174881E+00
 0.13698728370463E+00
 0.13825034317878E+00
 0.13962423693687E+00
 0.14108929782771E+00
 0.14263055964137E+00
 0.14423655772216E+00
 0.14589788131184E+00
 0.14760661970644E+00
 0.14935593106395E+00
 0.15113976459698E+00
 0.15295266769836E+00
 0.15478957955981E+00
 0.15664607161960E+00
 0.15851776828550E+00
 0.16040062009187E+00
 0.16229086224813E+00
 0.16418517607874E+00
 0.16608022957034E+00
 0.16797301793991E+00
 0.16986077236081E+00
 0.17174090996873E+00
 0.17361119766559E+00
 0.17546949734475E+00
 0.17731392298435E+00
 0.17914279575191E+00
 0.18095462277717E+00
 0.18274809959051E+00
 0.18452209015787E+00
 0.18627561842079E+00
 0.18800785317005E+00
 0.18971809637350E+00
 0.19140577223197E+00
 0.19307038840862E+00
 0.19471163186484E+00
 0.19632919570720E+00
 0.19792287933526E+00
 0.19949255268211E+00
 0.20103814496606E+00
 0.20255963943990E+00
 0.20405706692101E+00
 0.20553049770865E+00
 0.20698003779952E+00
 0.20840582278423E+00
 0.20980801447732E+00
 0.21118678028615E+00
 0.21254235521788E+00
 0.21387494056798E+00
 0.21518476687042E+00
 0.21647207567282E+00
 0.21773711734194E+00
 0.21898014791823E+00
 0.22020143002596E+00
 0.22140123076068E+00
 0.22257982722235E+00
 0.22373747487197E+00
 0.22487445508325E+00
 0.22599104165255E+00
 0.22708750746600E+00
 0.22816412581532E+00
 0.22922115756550E+00
 0.23025889562334E+00
 0.23127759847213E+00
 0.23227753242645E+00
 0.23325896318261E+00
 0.23422215319653E+00
 0.23516736348540E+00
 0.23609485139367E+00
 0.23700487284459E+00
 0.23789768028068E+00
 0.23877352395995E+00
 0.23963265130490E+00
 0.24047530675402E+00
 0.24130173242904E+00
 0.24211216711920E+00
 0.24290684722354E+00
 0.24368600652023E+00
 0.24444987567775E+00
 0.24519868284218E+00
 0.24593265340793E+00
 0.24665201022618E+00
 0.24735697337733E+00
 0.24804775996420E+00
 0.24872458524488E+00
 0.24938766140720E+00
 0.25003719801925E+00
 0.25067340237073E+00
 0.25129647492782E+00
 0.25190663032300E+00
 0.25250405244914E+00
 0.25308894998007E+00
 0.25366151447390E+00
 0.25422193842144E+00
 0.25477041187670E+00
 0.25530712289102E+00
 0.25583225720212E+00
 0.25634599815264E+00
 0.25684852673960E+00
 0.25734002202952E+00
 0.25782066069578E+00
 0.25829061717969E+00
 0.25875006396681E+00
 0.25919917103315E+00
 0.25963810668102E+00
 0.26006703676996E+00
 0.26048612524493E+00
 0.26089553384853E+00
 0.26129542243300E+00
 0.26168594858633E+00
 0.26206726809893E+00
 0.26243953475105E+00
 0.26280290014575E+00
 0.26315751406708E+00
 0.26350352431268E+00
 0.26384107682035E+00
 0.26417031546921E+00
 0.26449138228547E+00
 0.26480441854426E+00
 0.26510955944034E+00
 0.26540694520804E+00
 0.26569670780208E+00
 0.26597898086907E+00
 0.26625389527829E+00
 0.26652158034101E+00
 0.26678216331759E+00
 0.26703576991450E+00
 0.26728252394479E+00
 0.26752254758029E+00
 0.26775596123386E+00
 0.26798288377942E+00
 0.26820343208217E+00
 0.26841772158064E+00
 0.26862586596156E+00
 0.26882797731547E+00
 0.26902416620611E+00
 0.26921454137587E+00
 0.26939921009311E+00
 0.26957827805524E+00
 0.26975184934299E+00
 0.26992002660703E+00
 0.27008291084138E+00
 0.27024060154162E+00
 0.27039319683874E+00
 0.27054079316860E+00
 0.27068348567327E+00
 0.27082136802249E+00
 0.27095453230975E+00
 0.27108306936857E+00
 0.27120706852173E+00
 0.27132661780617E+00
 0.27144180374807E+00
 0.27155271174207E+00
 0.27165942549407E+00
 0.27176202767777E+00
 0.27186059668718E+00
