 0.00000000000000E+00
-0.42084554436599E-07
 0.16210346894097E-06
 0.10810469920901E-05
 0.35407587367906E-05
 0.81129668830554E-05
 0.14913321791087E-04
 0.23874025235673E-04
 0.35716900286271E-04
 0.53684370677424E-04
 0.85665012327882E-04
 0.14588303934101E-03
 0.25544895250830E-03
 0.44156726215692E-03
 0.73567687748903E-03
 0.11710385578296E-02
-0.43709979967971E-02
-0.23008102261671E-02
-0.48716676499431E-02
-0.59510306257956E-02
-0.90786563009918E-02
-0.10398015289396E-01
-0.12832379772073E-01
-0.13935880104774E-01
-0.15927527409863E-01
-0.16903301250537E-01
-0.18545434246869E-01
-0.19312564028812E-01
-0.20521119108880E-01
-0.20957013624489E-01
-0.21124911689803E-01
-0.21618460093235E-01
-0.21422674169740E-01
-0.21348112292568E-01
-0.20683195044029E-01
-0.19763573340057E-01
-0.18902902159888E-01
-0.17554257049443E-01
-0.15980277294654E-01
-0.14404211494511E-01
-0.12440206075033E-01
-0.10286026039886E-01
-0.79608834007838E-02
-0.56168247247880E-02
-0.29885178628178E-02
-0.22136733059363E-03
 0.26684272961492E-02
 0.55736321617531E-02
 0.86723263051369E-02
 0.11860437862252E-01
 0.15124716827063E-01
 0.18454277750389E-01
 0.21838657829545E-01
 0.25206517340567E-01
 0.28671126153942E-01
 0.32162664311054E-01
 0.35671313192898E-01
 0.39188651274353E-01
 0.42706695975299E-01
 0.46178837337868E-01
 0.49676387613173E-01
 0.53153553765328E-01
 0.56603460275639E-01
 0.60020046882956E-01
 0.63397622178940E-01
 0.66730843829999E-01
 0.70014699638062E-01
 0.73220689722345E-01
 0.76392316640193E-01
 0.79501586145350E-01
 0.82544479115430E-01
 0.85517446495865E-01
 0.88417219313429E-01
 0.91240755187215E-01
 0.93985252924991E-01
 0.96648143698443E-01
 0.99212492568265E-01
 0.10170539857544E+00
 0.10411027642299E+00
 0.10642522352530E+00
 0.10864857792734E+00
 0.11077887864486E+00
 0.11281478594890E+00
 0.11475372557624E+00
 0.11659711386911E+00
 0.11833336283959E+00
 0.11998049427900E+00
 0.12152824939389E+00
 0.12297588650789E+00
 0.12432270205007E+00
 0.12556809440973E+00
 0.12671145951622E+00
 0.12775223107234E+00
 0.12868328676885E+00
 0.12951722631069E+00
 0.13024689792022E+00
 0.13087168544868E+00
 0.13139088496227E+00
 0.13180377966392E+00
 0.13210954640088E+00
 0.13230228412223E+00
 0.13239079449052E+00
 0.13236896499299E+00
 0.13223538699843E+00
 0.13198845292523E+00
 0.13162632216938E+00
 0.13114289382044E+00
 0.13054359729281E+00
 0.12982172678343E+00
 0.12897416471861E+00
 0.12799713347914E+00
 0.12688309191458E+00
 0.12563272359769E+00
 0.12423930884925E+00
 0.12269557907209E+00
 0.12099421914788E+00
 0.11912422771418E+00
 0.11708151066701E+00
 0.11485235950887E+00
 0.11242157925941E+00
 0.10977947801898E+00
 0.10690642036187E+00
 0.10378281629274E+00
 0.10038283628012E+00
 0.96683856379154E-01
 0.92649508506507E-01
 0.88243540871984E-01
 0.83418384164635E-01
 0.78120521663095E-01
 0.72277722226307E-01
 0.65808843556885E-01
 0.58602731885497E-01
 0.50524629325860E-01
 0.41393601384490E-01
 0.30973980844294E-01
 0.18934349471129E-01
 0.47959451507218E-02
-0.12154766765508E-01
-0.33092786876061E-01
-0.60154757139296E-01
-0.97999262531377E-01
-0.16190087929997E+00
-0.75958796145280E+00
-0.72518482228669E+00
-0.68947338142674E+00
-0.65337652437474E+00
-0.61735718071061E+00
-0.58167227697696E+00
-0.54647179999435E+00
-0.51184353636993E+00
-0.47784063026498E+00
-0.44449117561568E+00
-0.41180847108437E+00
-0.37979534941837E+00
-0.34844738678410E+00
-0.31775504340877E+00
-0.28770514227952E+00
-0.25828192464598E+00
-0.22946774835731E+00
-0.20124374747585E+00
-0.17359016249549E+00
-0.14648667408527E+00
-0.11991273985526E+00
-0.93847684912277E-01
-0.68270943170004E-01
-0.43162152316285E-01
-0.18501603385692E-01
 0.57307328538899E-02
 0.29553620067376E-01
 0.52985455083216E-01
 0.76043970693857E-01
 0.98746209531766E-01
 0.12110847258677E+00
 0.14314631366703E+00
 0.16487452286083E+00
 0.18630712677306E+00
 0.20745740393678E+00
 0.22833788445159E+00
 0.24896023344163E+00
 0.26933581775199E+00
 0.28947493185959E+00
 0.30938734831261E+00
 0.32908221828950E+00
 0.34856810851499E+00
 0.36785302669827E+00
 0.38694445288933E+00
 0.40584937136915E+00
 0.42457430408056E+00
 0.44312533594109E+00
 0.46150814340062E+00
 0.47972794552790E+00
 0.49778983764310E+00
 0.51569835648789E+00
 0.53345780560892E+00
 0.55107220249256E+00
 0.56854530333751E+00
 0.58588061744789E+00
 0.60308142529702E+00
 0.62015079568259E+00
 0.63709157157054E+00
 0.65390651259543E+00
 0.67059811011683E+00
 0.68716873584963E+00
 0.70362061751812E+00
 0.71995585208080E+00
 0.73617636930974E+00
 0.75228410343101E+00
 0.76828077076611E+00
 0.78416802902511E+00
 0.79994744300943E+00
 0.81562049680971E+00
 0.83118859520616E+00
 0.84665307654275E+00
 0.86201520845915E+00
 0.87727620139962E+00
 0.89243720789202E+00
 0.90749932801357E+00
 0.92246361578021E+00
 0.93733107851764E+00
 0.95210268473480E+00
 0.96677936357769E+00
 0.98136200789609E+00
 0.99585148141565E+00
 0.10102486115687E+01
 0.10245542058439E+01
 0.10387690395989E+01
 0.10528938670114E+01
 0.10669294210007E+01
 0.10808764107900E+01
 0.10947355289691E+01
 0.11085074519284E+01
 0.11221928360403E+01
 0.11357923115842E+01
 0.11493065475922E+01
 0.11627361099020E+01
 0.11760816389455E+01
 0.11893437157444E+01
 0.12025229228182E+01
 0.12156198348092E+01
 0.12286350155185E+01
 0.12415690196781E+01
 0.12544223963819E+01
 0.12671956872414E+01
 0.12798894265840E+01
 0.12925041415889E+01
 0.13050403549602E+01
 0.13174985842101E+01
 0.13298793408620E+01
 0.13421831309787E+01
 0.13544104579208E+01
 0.13665618202150E+01
 0.13786377113264E+01
 0.13906386222402E+01
 0.14025650401915E+01
 0.14144174487645E+01
 0.14261963277171E+01
 0.14379021553242E+01
 0.14495354060665E+01
 0.14610965512270E+01
 0.14725860601780E+01
 0.14840043995912E+01
 0.14953520335276E+01
 0.15066294271659E+01
 0.15178370295921E+01
 0.15289753114103E+01
 0.15400447184634E+01
 0.15510457053709E+01
 0.15619787243764E+01
 0.15728442235658E+01
 0.15836426500044E+01
 0.15943744482508E+01
 0.16050400614026E+01
 0.16156399297250E+01
 0.16261744926008E+01
 0.16366441870618E+01
 0.16470494481294E+01
 0.16573907089623E+01
 0.16676684009739E+01
 0.16778829535181E+01
 0.16880347942403E+01
 0.16981243485831E+01
 0.17081520405716E+01
 0.17181182918855E+01
 0.17280235224966E+01
 0.17378681503497E+01
 0.17476525916549E+01
 0.17573772604023E+01
 0.17670425690881E+01
 0.17766489276400E+01
 0.17861967445461E+01
 0.17956864261275E+01
 0.18051183766279E+01
 0.18144929984525E+01
 0.18238106918088E+01
 0.18330718549997E+01
 0.18422768842992E+01
 0.18514261738062E+01
 0.18605201158313E+01
 0.18695591001700E+01
 0.18785435849141E+01
