 0.00000000000000E+00
-0.65229309445924E-24
 0.78524904854419E-23
 0.52535246079594E-22
 0.78772848978773E-22
 0.60929766881730E-21
 0.11762993874381E-20
 0.21914702650345E-20
-0.25300925096063E-21
-0.12296249596687E-20
 0.11270792267436E-19
 0.31309894806378E-20
 0.32685524644811E-19
 0.38000071639906E-19
 0.19236799369039E-18
 0.42460486888558E-18
-0.15377194692050E-18
-0.91758021681722E-19
-0.12299476488256E-17
-0.62956797935035E-18
-0.26376457832625E-17
-0.15609123454967E-17
-0.45534628242649E-18
-0.57200331457179E-17
-0.32233880542738E-17
-0.42983703642491E-17
-0.10081787689439E-16
-0.30744208904135E-17
 0.29737271401517E-17
 0.10446164990702E-17
-0.98056306407494E-17
-0.61481247983433E-17
-0.27238512559527E-13
 0.69661060042970E-12
-0.24423066224530E-12
 0.80015499360700E-13
 0.63811794330033E-12
-0.10424758707140E-11
-0.53850989211315E-12
 0.21319872627434E-12
-0.61948888474668E-12
-0.40040387525560E-13
 0.12799935228140E-11
 0.18377876868466E-12
 0.29949225774857E-12
 0.50014352522785E-12
-0.32125280233056E-12
 0.81185960637124E-13
 0.16110775643432E-12
 0.19471178540318E-12
 0.37108692739027E-12
 0.20652122186886E-13
 0.43220165326308E-12
-0.38078676690710E-12
 0.35923451397084E-12
-0.25121946591518E-12
-0.13331476131312E-12
 0.97357183255554E-13
 0.11940625047797E-12
-0.39170999635949E-12
 0.36054696188111E-13
-0.61668625475256E-14
 0.16165630064412E-12
-0.19038037325558E-13
 0.11084910206866E-12
 0.19862445972189E-12
 0.81034455747171E-13
-0.24494763986418E-12
-0.15312489039806E-13
 0.75126932125358E-13
-0.26926486206537E-12
 0.81985813962741E-13
 0.11936918965484E-12
-0.15039444238854E-12
 0.82466777949364E-13
 0.14314681459860E-13
-0.16704768911267E-13
-0.12948978906948E-12
-0.62344415929683E-14
-0.16634696977587E-13
 0.63884393481057E-13
 0.99214556997349E-13
 0.20862864163152E-14
 0.53716173028407E-13
 0.24858075839676E-14
 0.47940331120753E-13
-0.11735526575943E-13
-0.13106366060273E-13
-0.13825861048074E-12
-0.49774417546554E-13
-0.64551000928220E-13
-0.30281355683693E-14
-0.15868060091162E-12
 0.54165760332568E-13
 0.25404076266855E-13
-0.27821075354143E-13
-0.48432705839783E-13
 0.50359256596124E-13
 0.11570323978969E-13
-0.56919359875500E-13
 0.15716027273891E-13
 0.42652890546666E-13
-0.42260826922688E-13
 0.43056145511030E-13
-0.39994988692645E-13
-0.13087808130520E-13
-0.30904707219339E-13
 0.17057770651484E-13
-0.38123438676295E-13
-0.12415008656220E-13
 0.23363989882135E-13
 0.10861607797678E-13
 0.34652621783619E-13
-0.93864709244344E-14
-0.35816670934024E-13
 0.36486971181408E-13
-0.16282324739003E-13
 0.12062040236243E-12
-0.23300161406535E-13
-0.14397799975756E-13
-0.47709231290090E-14
-0.40341451106201E-13
-0.15212291777799E-13
-0.26380257175405E-13
 0.83876002329357E-14
-0.45517028450948E-13
 0.10502251777709E-13
 0.11017538008628E-12
-0.83851103175201E-13
 0.25140607523751E-13
-0.13289089510137E-12
-0.15357129485612E-12
 0.12178915607855E-13
 0.17593718698777E-12
 0.90295191032774E-13
 0.15774623414598E-12
-0.79715590404375E-13
-0.65867173595637E-14
-0.73571532588438E-10
 0.25389786051520E-10
 0.57034539490923E-11
-0.16276273957418E-10
-0.19653015627945E-09
-0.12415493701378E-09
-0.35286579302480E-10
-0.53394936564496E-08
 0.56077181816109E-08
 0.90845770147561E-11
 0.93458661893476E-09
 0.86069962022994E-09
-0.64475702248550E-10
 0.37094737509879E-09
-0.39423773803122E-09
 0.49212493678136E-09
 0.11758663736634E-09
 0.49944671142224E-09
-0.17845852006356E-09
-0.16002690875971E-08
 0.75523456633368E-09
-0.67712338886972E-10
 0.65945511374336E-09
 0.37429385665940E-10
-0.46694256571935E-09
 0.67807370890956E-09
-0.64144807669095E-09
-0.69249895937119E-09
-0.63836078324040E-09
-0.10052548194632E-08
-0.13690052167210E-08
-0.15794510998502E-09
 0.46600629606465E-07
-0.19120734299889E-09
-0.17223108557701E-09
 0.31026879519752E-09
 0.13116551325527E-08
 0.10914774259883E-08
 0.10769909899247E-09
 0.84289779978258E-09
 0.17701049113631E-08
 0.43982093670253E-09
 0.69229101344841E-09
 0.57832199751176E-10
-0.15860149111706E-08
 0.40080999002473E-08
-0.44070230857271E-09
-0.22296438726727E-09
-0.14584808070957E-09
 0.49936844100799E-09
 0.43569033422920E-08
-0.23630745661443E-09
 0.45374659424640E-09
-0.37962910914401E-09
-0.49128190874990E-09
 0.15551267576692E-08
-0.14494336314738E-07
-0.13526454194022E-08
 0.38315237769666E-09
-0.10274762358511E-08
-0.37543769989541E-09
 0.86513273017681E-09
 0.52356368974580E-09
 0.24050541887491E-08
-0.50950261819762E-09
 0.43189965884557E-09
-0.50860331649394E-09
 0.66290803200091E-11
-0.42809735552620E-08
-0.22429499020242E-09
 0.23444013760728E-09
-0.41802544769058E-09
-0.36548172461324E-09
-0.19811269440624E-09
-0.16336865890367E-09
-0.18002045843159E-09
 0.49443280123809E-09
-0.55982846028444E-09
-0.60564503934951E-09
-0.60781102462789E-09
 0.65497807700120E-09
-0.36055816313531E-09
-0.84278802712827E-09
 0.71034110946158E-08
 0.10765518200821E-07
-0.40319997574390E-08
 0.21904131577035E-08
-0.70218319348511E-09
-0.19640176885536E-08
 0.58354797180042E-08
-0.48072264027076E-08
 0.25343721719305E-09
-0.30572870582714E-10
 0.19656504511111E-09
 0.26383781429171E-09
-0.60158925154882E-09
 0.43001415138176E-09
 0.70578370303548E-09
-0.92394867002003E-10
 0.20550798673674E-09
-0.71207491496104E-09
-0.67024134165988E-09
 0.72542002805195E-10
 0.32831746701854E-09
 0.10432174668031E-10
-0.62301206236360E-09
-0.49793917689397E-09
 0.15417869903991E-08
-0.17661586977003E-09
-0.17161454333032E-09
 0.98989849932277E-09
-0.24639901159571E-08
-0.91947574719676E-09
 0.88187095064803E-09
 0.46280167684967E-09
-0.49529892383892E-09
-0.42882732222504E-09
 0.39469964914037E-09
 0.42418922871350E-11
-0.27774785061588E-09
-0.63803198388603E-09
-0.31929096640236E-09
-0.40032009933431E-09
 0.14338861510393E-09
 0.44948643002414E-09
-0.33227791623788E-09
 0.12654714393132E-08
 0.14862614976832E-08
-0.11753734037665E-08
 0.24571770153360E-08
 0.26913476387488E-08
 0.52457022903966E-09
 0.32833925551610E-08
 0.15654502904139E-08
 0.10454384537823E-09
 0.36392981454598E-09
 0.14642186172276E-09
 0.81688736526460E-09
 0.34783337531431E-09
-0.42006895626944E-09
 0.82550816492797E-09
 0.92664549688255E-09
 0.12683270539860E-09
-0.33779087514808E-09
 0.64253470370470E-09
 0.27267626360260E-09
 0.88422799855974E-09
 0.17883291293463E-09
-0.14957694762560E-10
 0.11555284624115E-09
-0.93531231551307E-09
 0.10098586186641E-09
 0.50076254776089E-09
 0.13295813201577E-09
 0.41475679871982E-11
 0.27056758970316E-09
 0.68148960590169E-09
-0.60126365896969E-09
-0.93859937184893E-10
 0.81018481557677E-11
-0.19869213660380E-09
 0.31321326937233E-07
