 0.00000000000000E+00
-0.17425753498722E-23
 0.14543090343303E-22
 0.17276590925032E-21
 0.95910746854155E-21
 0.30975448202764E-20
 0.74593065155410E-20
 0.16638362735517E-19
 0.31029054537812E-19
 0.58530148080228E-19
-0.56129617246029E-11
 0.47915425262088E-11
 0.49364624216450E-10
 0.94712630864440E-11
 0.48289088874253E-10
 0.22539292907429E-10
-0.19586773952868E-10
 0.13736603223961E-10
 0.61141543687586E-11
 0.79058031744455E-12
 0.17918002682010E-10
 0.20808107941122E-10
-0.18641232581932E-10
-0.56515057670803E-11
 0.69275334773232E-11
-0.56854919579969E-11
 0.12719434433616E-10
 0.10765352191197E-10
 0.37812091551598E-11
-0.17111690360316E-11
 0.77902924673637E-11
-0.18042280344058E-11
-0.22725600309728E-06
-0.87049294943265E-06
 0.46273583295121E-06
-0.49780527215409E-06
 0.88544322897748E-06
-0.13269822971913E-05
-0.84864439391607E-07
-0.73579293344417E-08
-0.66438955444251E-08
-0.10856905261272E-07
-0.17755078537752E-07
-0.28579771713099E-07
-0.44858202133536E-07
-0.68947233098409E-07
-0.11326047821134E-06
-0.15495432186279E-06
-0.22552745699608E-06
-0.31966623611092E-06
-0.44784901112537E-06
-0.63777670656101E-06
-0.83715656491114E-06
-0.11879830657954E-05
-0.14849665318101E-05
-0.21505152852731E-05
-0.28579927702980E-05
-0.36724142475322E-05
-0.47579344330564E-05
-0.61779418907813E-05
-0.78641071055636E-05
-0.98622566785192E-05
-0.12378018495131E-04
-0.15378663903789E-04
-0.19190469995786E-04
-0.23431519664331E-04
-0.28688250510534E-04
-0.34852119431289E-04
-0.41973017717771E-04
-0.50631522334355E-04
-0.60534968653741E-04
-0.71653728431480E-04
-0.85024337434421E-04
-0.10013045745410E-03
-0.11754674001666E-03
-0.13696906372047E-03
-0.15976023419070E-03
-0.18506164073154E-03
-0.21433185399756E-03
-0.24655934834983E-03
-0.28319921685244E-03
-0.32368590930323E-03
-0.36926511044837E-03
-0.42059700761101E-03
-0.47718106909448E-03
-0.53982118573915E-03
-0.60943013068717E-03
-0.68553480192388E-03
-0.77016955887188E-03
-0.86257232021857E-03
-0.96512984259888E-03
-0.10787520239246E-02
-0.11996683723624E-02
-0.13341970237409E-02
-0.14809735008113E-02
-0.16406735714098E-02
-0.18159536060104E-02
-0.20050893919183E-02
-0.22113284754412E-02
-0.24363476970634E-02
-0.26814884265329E-02
-0.29461688997890E-02
-0.32338553740966E-02
-0.35460097439034E-02
-0.38844106012011E-02
-0.42515084299075E-02
-0.46486239502530E-02
-0.50824649764774E-02
-0.55495173624332E-02
-0.60652751096010E-02
-0.66120547596575E-02
-0.71593219753101E-02
-0.78699213000816E-02
-0.85831729979797E-02
-0.93598512172012E-02
-0.10170685772243E-01
-0.11135763768496E-01
-0.12152134698187E-01
-0.13268856276718E-01
-0.14498287706332E-01
-0.15850357345900E-01
-0.17346651347230E-01
-0.19325867562752E-01
-0.20869098092107E-01
-0.22941368164259E-01
-0.25283926551656E-01
-0.27918208993293E-01
-0.30926705677925E-01
-0.34359506797332E-01
-0.38339378670940E-01
-0.43020536167435E-01
-0.48429369585432E-01
-0.54994866455405E-01
-0.62892849537431E-01
-0.72645602373910E-01
-0.85078721688506E-01
-0.10140218849961E+00
-0.12386266979702E+00
-0.15628720978253E+00
-0.20858805331030E+00
-0.30963596489878E+00
-0.61535804082741E+00
 0.12555993526629E-01
 0.47481021135677E-01
 0.68331279079585E-01
 0.82231548515181E-01
 0.92074383638882E-01
 0.99473807236140E-01
 0.10523060041968E+00
 0.10984016956679E+00
 0.11362256061925E+00
 0.11678772882106E+00
 0.11948226938133E+00
 0.12181089882712E+00
 0.12385045996808E+00
 0.12565869775315E+00
 0.12727975295781E+00
 0.12874801766965E+00
 0.13009051457469E+00
 0.13132814504402E+00
 0.13247932478080E+00
 0.13355673937817E+00
 0.13457277902852E+00
 0.13553626495768E+00
 0.13645533845289E+00
 0.13731891147839E+00
 0.13818205853220E+00
 0.13899946331263E+00
 0.13979062121057E+00
 0.14055842839266E+00
 0.14130463191725E+00
 0.14203186968507E+00
 0.14274063387501E+00
 0.14343239411543E+00
 0.14410777271912E+00
 0.14476779789985E+00
 0.14541292698558E+00
 0.14600601494428E+00
 0.14665993049874E+00
 0.14726314710533E+00
 0.14785271175641E+00
 0.14842940607358E+00
 0.14899322903165E+00
 0.14954472891161E+00
 0.15008401429813E+00
 0.15061145907773E+00
 0.15112744477620E+00
 0.15163210541957E+00
 0.15212577459807E+00
 0.15260677139569E+00
 0.15308191514791E+00
 0.15354478348131E+00
 0.15399819454659E+00
 0.15444219001962E+00
 0.15487762831442E+00
 0.15530370307291E+00
 0.15572175285678E+00
 0.15613189524513E+00
 0.15653426097528E+00
 0.15692924073122E+00
 0.15731712141989E+00
 0.15769838861962E+00
 0.15807289432203E+00
 0.15844138355301E+00
 0.15880016205442E+00
 0.15916054361072E+00
 0.15951187358612E+00
 0.15985807503223E+00
 0.16019928269934E+00
 0.16053568380437E+00
 0.16086769809119E+00
 0.16119530987481E+00
 0.16151884275910E+00
 0.16183840882091E+00
 0.16215433748967E+00
 0.16246664605550E+00
 0.16277552118722E+00
 0.16308127318911E+00
 0.16338385077724E+00
 0.16368351530570E+00
 0.16398037154413E+00
 0.16427452327319E+00
 0.16456609911639E+00
 0.16485540825265E+00
 0.16514219365845E+00
 0.16542688514556E+00
 0.16570939127134E+00
 0.16598958410600E+00
 0.16626833330551E+00
 0.16654502520559E+00
 0.16681865359175E+00
 0.16708905547268E+00
 0.16736916562423E+00
 0.16762976598606E+00
 0.16790288768604E+00
 0.16817000078593E+00
 0.16843556137220E+00
 0.16869975264425E+00
 0.16896265003670E+00
 0.16922423712715E+00
 0.16948462661940E+00
 0.16974381996326E+00
 0.17000185743389E+00
 0.17025871034071E+00
 0.17051452858111E+00
 0.17076928635844E+00
 0.17102297025787E+00
 0.17127560912857E+00
 0.17152733150778E+00
 0.17177796680912E+00
 0.17202772309462E+00
 0.17227653403482E+00
 0.17252437737039E+00
 0.17277131312058E+00
 0.17301737789040E+00
 0.17326252854180E+00
 0.17350676773926E+00
 0.17375015606430E+00
 0.17399267569381E+00
 0.17423431780592E+00
 0.17447514896098E+00
 0.17471512143583E+00
 0.17495422019843E+00
 0.17519250757473E+00
 0.17542997412187E+00
 0.17566604091220E+00
 0.17590233035903E+00
 0.17613724112928E+00
 0.17637161141569E+00
 0.17660473074581E+00
 0.17683718062303E+00
 0.17706867014611E+00
 0.17729952441206E+00
 0.17752950812842E+00
 0.17775876134811E+00
 0.17798691433605E+00
 0.17821431526936E+00
 0.17844087650286E+00
 0.17866676172058E+00
 0.17889165045790E+00
 0.17911577029065E+00
 0.17933905144337E+00
 0.17956142796568E+00
 0.17978293626006E+00
 0.18000368686782E+00
 0.18022345205260E+00
 0.18044246246402E+00
 0.18066055411540E+00
 0.18087779518405E+00
 0.18109418731102E+00
 0.18130968252205E+00
 0.18152432024605E+00
 0.18173809249941E+00
 0.18195099216594E+00
 0.18216299183447E+00
 0.18237411526488E+00
 0.18258429756553E+00
 0.18279369487518E+00
 0.18300217982588E+00
 0.18317924974838E+00
