 0.00000000000000E+00
 0.60227907112677E-25
-0.16571117620535E-23
-0.29179576679637E-22
-0.12357730844670E-21
-0.52105357665959E-21
-0.15545972704382E-20
-0.30248774007849E-20
-0.42954898591092E-20
-0.13279949564422E-19
-0.64173008804235E-19
-0.69252477728539E-19
-0.18015329870641E-18
-0.40337319819805E-18
-0.14555611682580E-17
-0.21767312886038E-17
 0.40173843764663E-17
 0.39117157116969E-17
 0.15841255766727E-16
 0.75548157522042E-17
 0.30507065513663E-16
 0.26812727906005E-16
 0.13664362403987E-16
 0.87232939218785E-16
 0.93993995662624E-16
 0.82940254165738E-16
 0.13860568633377E-15
 0.74598409256051E-16
 0.80695852669062E-16
 0.77361313302572E-16
 0.31693183191699E-15
 0.22060061996436E-15
 0.12369534812170E-11
-0.19574629577310E-10
 0.94083823198985E-11
-0.27526552074545E-11
-0.14168082641550E-10
 0.49333794019170E-10
 0.27247898277049E-10
-0.12959061454861E-10
 0.35458785319020E-10
-0.10316491227392E-10
-0.50329347196422E-10
 0.26968057115635E-11
-0.12014476273710E-10
-0.25522726946024E-10
 0.17942591687147E-10
-0.61555027054933E-12
-0.14720545936758E-10
-0.19729455731555E-11
-0.84527761989222E-11
-0.96491278364735E-12
-0.26078300202248E-10
 0.18730709715883E-10
-0.23561853611543E-10
 0.13958705143174E-10
 0.51845543495670E-11
-0.10538083404394E-10
-0.20317325662550E-10
 0.24461977341210E-10
-0.67407321895207E-11
 0.80291260745225E-11
-0.10695646084643E-10
 0.33466310731409E-11
-0.12690245098837E-10
-0.21550686392195E-10
 0.38092248811599E-12
 0.23728771690699E-10
 0.30424298518552E-13
-0.73643019139997E-11
 0.32348517660298E-10
-0.17165272023634E-11
-0.13879628482786E-10
 0.17989139809193E-10
-0.11386397048366E-10
-0.33628555727822E-12
-0.48603320103187E-11
 0.15392029060502E-10
-0.27179164143738E-11
 0.94294157558240E-12
-0.67524163312369E-11
-0.16913522795954E-10
 0.29811731998915E-11
-0.74872194627701E-11
-0.61279771141148E-11
-0.12347873099264E-11
 0.27766131317940E-11
 0.32139546626153E-11
 0.24622440582902E-10
 0.12613263583298E-11
 0.18426016216828E-10
 0.57572962066846E-11
 0.33505055023979E-10
-0.59154344676665E-11
-0.60498566540053E-11
 0.74001769336885E-11
 0.13954411362417E-10
-0.10105345232183E-10
 0.28674509960509E-11
 0.15427504499090E-10
-0.16512243816452E-11
-0.33786082203057E-11
 0.77679771524322E-11
-0.78667648340739E-11
 0.28969262592346E-11
 0.70225622535336E-11
 0.62991254145828E-11
-0.40250804787946E-12
 0.13242848719551E-10
 0.13191594881581E-11
-0.12764443851630E-10
-0.29681988687931E-11
-0.22698756827909E-10
 0.62731610349044E-11
 0.14369281381628E-10
-0.13951584663083E-10
 0.62746399131635E-11
-0.41388543879276E-10
-0.66979139015536E-11
 0.63583985442308E-11
-0.26863735224809E-11
 0.18374514180263E-10
 0.68116196095277E-11
 0.18475358968186E-10
 0.28729194375486E-11
 0.14252478590653E-10
-0.57863435921239E-11
-0.41818586241465E-10
 0.14785361364799E-10
 0.70686817225634E-12
 0.73915973475103E-10
 0.49262784106705E-10
 0.44347180901576E-11
-0.40365923211784E-10
 0.20239828372049E-10
-0.77659764147962E-10
-0.20493822775938E-10
-0.20983150751367E-10
 0.55568816549334E-07
-0.13322113121647E-07
-0.45228626361429E-08
 0.54165648582002E-08
 0.16207611471024E-06
 0.94718303851966E-10
 0.80498671934247E-08
 0.87776694599771E-06
-0.26487950397206E-05
-0.15093077640264E-06
-0.10040159702668E-05
-0.22743376128385E-06
 0.11200359119548E-07
-0.26198163291426E-06
 0.59329991824843E-07
-0.17793098278733E-06
 0.60346686699254E-08
-0.13312678324945E-06
 0.11547364360597E-06
 0.10263112095334E-05
-0.53026646505935E-06
 0.21146357668635E-06
-0.20787166326184E-05
 0.19876842470197E-06
 0.46066873491787E-06
-0.42905249136579E-06
 0.71868461887098E-06
 0.63162127848417E-06
 0.61240034123028E-06
 0.42705040837656E-06
 0.11270649039831E-05
 0.16199771089470E-06
-0.23290815301201E-04
 0.12605964096332E-06
 0.23756277410706E-06
-0.74503963203860E-06
-0.10149925884534E-05
-0.10762459177045E-05
-0.12652989185777E-05
-0.20717997542945E-05
-0.21724835962620E-05
-0.34151196290030E-06
-0.41752537419153E-06
-0.49414983001447E-06
 0.13382337118160E-05
-0.22635311938484E-05
 0.81624784437715E-06
 0.30023951177707E-06
 0.36544474406600E-06
-0.92142867611467E-07
-0.36641419033081E-05
 0.30727435855099E-06
-0.86575890609378E-07
 0.57320270874135E-06
 0.25571571411052E-06
-0.34579202515917E-05
 0.22333227048075E-04
 0.76887826922283E-06
-0.57762988577833E-06
 0.13436453415699E-05
 0.16174034207298E-06
-0.10344323686781E-05
-0.10584906919275E-06
-0.30059622374562E-05
 0.53525328036550E-06
-0.35089035386023E-06
 0.71394234864536E-06
 0.12200136955626E-06
 0.60237380579658E-05
 0.52194387174862E-06
 0.24460160067056E-06
 0.27411284144660E-06
 0.18208332653841E-08
 0.59973937026034E-06
 0.68279939178250E-06
 0.90864752137079E-07
-0.24657305947734E-06
 0.88576681362307E-06
 0.71979691670751E-06
 0.10788325769663E-05
-0.55799952787172E-06
 0.55676950839961E-06
-0.21059250585601E-06
-0.86075734982491E-05
-0.75695684657029E-05
 0.33210533482653E-05
-0.29598621969224E-05
 0.14427216298714E-05
 0.35963887688682E-05
-0.53610396985738E-05
 0.58776167433489E-05
-0.51223502950738E-06
-0.16608962039125E-07
-0.20904524791327E-06
-0.86543041364172E-07
 0.98447598413501E-06
-0.42404984106149E-06
-0.83545563974499E-06
-0.40270171783983E-08
-0.22210498982330E-06
 0.64115192555481E-06
 0.10437734851634E-05
-0.20337370147562E-06
-0.49474025606581E-06
 0.13444738159988E-06
 0.90009541814105E-06
 0.10135037594385E-05
-0.16544103648070E-05
-0.14989499056329E-06
 0.39236649483238E-06
-0.11733730345305E-05
 0.34668937583633E-05
 0.80876787962556E-06
-0.16506911734693E-05
-0.42782030279864E-06
 0.38338245114386E-06
 0.81159708466439E-06
-0.66614276687904E-06
 0.78232500761001E-07
 0.42482259425050E-06
 0.92635436000622E-06
 0.10739679213859E-05
 0.49021360380527E-06
-0.25444245871508E-06
-0.47300171736654E-06
 0.97258249454627E-06
-0.20139290325972E-05
-0.21430389093201E-05
 0.19040733147927E-05
-0.36393293868090E-05
-0.74049181056619E-05
 0.23267396314575E-05
-0.65136149817470E-05
-0.28994925047725E-05
 0.10576815951265E-05
-0.47253623701685E-06
 0.18532216699320E-05
-0.20306851200963E-05
-0.22561740020127E-05
-0.45353265163553E-07
-0.56067047450895E-06
-0.20980738243249E-05
 0.55322782390673E-06
 0.80078894867879E-06
-0.84012667965114E-06
-0.24377974064774E-06
-0.18265427182079E-05
-0.18587954365306E-06
-0.78301913565771E-07
 0.33219410587159E-07
 0.12897638237808E-05
-0.11521816860800E-06
-0.12648993990579E-05
 0.45190070899719E-07
-0.26980403665350E-06
-0.71012231143639E-06
-0.10649027570663E-05
 0.12131510365903E-05
 0.10311863870938E-06
 0.52892655410787E-06
-0.83466559697267E-06
 0.16356526160988E-03
