 0.00000000000000E+00
 0.14679848761669E-24
-0.27003716887723E-23
-0.58883665256133E-22
-0.49910477112951E-21
-0.23475999729994E-20
-0.78145125436863E-20
-0.21720095287587E-19
-0.52222663887112E-19
-0.12134922801978E-18
 0.30182520602663E-10
 0.18733647921507E-10
-0.16727729767343E-09
-0.18790178797647E-10
-0.18978101747448E-09
-0.16287776104756E-09
 0.88177693917914E-10
-0.89746004526398E-10
-0.61853014485199E-10
 0.10336120518642E-10
-0.18296736006791E-09
-0.21782102797740E-09
 0.18817614409617E-09
 0.56911228427859E-10
-0.10760365938005E-09
 0.60965553058960E-10
-0.16246866637241E-09
-0.11642116726159E-09
-0.14199784170321E-09
-0.14863138246285E-10
-0.14474902352148E-09
-0.11119780255981E-09
 0.11999275212667E-04
 0.14236067329858E-04
-0.15300712770486E-04
-0.34940089929892E-04
 0.18377654396034E-04
-0.31653103465119E-04
-0.20917519587933E-05
-0.99271890967839E-07
-0.10850325559746E-07
-0.11207678737157E-07
-0.17776556665548E-07
-0.28628944461295E-07
-0.45010016434173E-07
-0.69442597317696E-07
-0.49418156029569E-06
-0.15509601805772E-06
-0.22392763345242E-06
-0.51904314786385E-06
-0.81996962686221E-06
-0.63835348438730E-06
-0.17563545900472E-05
-0.17604704694971E-05
-0.77081244727975E-05
-0.23987784945448E-05
-0.11169736442131E-05
-0.69144452465701E-05
-0.81273781057155E-05
-0.58744213410950E-05
-0.65861608843537E-05
-0.14296824066209E-04
-0.19131648644213E-04
-0.25532117124125E-04
-0.12545101130147E-04
-0.38153411390850E-04
-0.28367206560815E-04
-0.23663914741145E-04
-0.63941311775005E-04
-0.29032779242200E-04
-0.34496254894351E-04
-0.78419849555639E-04
-0.54475834277817E-04
-0.66398643893036E-04
-0.73997251640307E-04
-0.15269063378693E-03
-0.14041466649943E-03
-0.18252848625713E-03
-0.16450746331087E-03
-0.23423679204215E-03
-0.21342820064805E-03
-0.30036176446081E-03
-0.35200045175540E-03
-0.35245210228498E-03
-0.47687184799751E-03
-0.46788128583067E-03
-0.58006377924860E-03
-0.67580788563098E-03
-0.77843305286009E-03
-0.95522641320233E-03
-0.10678293376042E-02
-0.88938154842778E-03
-0.12223328505636E-02
-0.13102595139360E-02
-0.13989053890430E-02
-0.16042083238185E-02
-0.16761401754579E-02
-0.20199179486769E-02
-0.22841140495857E-02
-0.23954197294600E-02
-0.24900920922148E-02
-0.28844449875434E-02
-0.32247002503780E-02
-0.36113557449554E-02
-0.40592204761836E-02
-0.45425652410242E-02
-0.51054389941671E-02
-0.52665523883037E-02
-0.62315113286126E-02
-0.54387971428427E-02
-0.76231415807866E-02
-0.28043185886954E-01
-0.87099733106722E-02
-0.93648543714584E-02
-0.10449314397047E-01
-0.28843102637420E-01
-0.12702485967851E-01
-0.14222227075547E-01
-0.15878653743536E-01
-0.18182332877935E-01
-0.20021918086524E-01
-0.22862022739228E-01
 0.51224562762720E-01
-0.29225922174440E-01
-0.32371003224155E-01
-0.34685077432130E-01
-0.41900065140480E-01
-0.46132810232454E-01
-0.55624789213840E-01
-0.64430845407034E-01
-0.93284895717441E-01
-0.95730850397496E-01
-0.91867582822678E-01
-0.14407893155072E+00
-0.21474389678263E+00
-0.29449079813326E+00
-0.36332677494891E+00
-0.43558192649679E+00
-0.77294395764198E+00
-0.12518618717055E+01
-0.27989750797613E+01
-0.17299263858223E+02
 0.14820244370329E+01
 0.84953747444255E+00
 0.55329464519079E+00
 0.36095890179518E+00
 0.28428678006993E+00
 0.22081420989117E+00
 0.17738235125624E+00
 0.14655345076312E+00
 0.12384305058990E+00
 0.10675012210465E+00
 0.93598970170944E-01
 0.83273982019886E-01
 0.75096431074245E-01
 0.68498022832047E-01
 0.63103092431629E-01
 0.58611293449930E-01
 0.54868649757349E-01
 0.51802185115490E-01
 0.48849257922740E-01
 0.46863493671298E-01
 0.44902149353788E-01
 0.43339417374097E-01
 0.41623756325306E-01
 0.53974737614897E-01
 0.39114844876093E-01
 0.37929274170481E-01
 0.36941251029844E-01
 0.35967240422648E-01
 0.35340493913289E-01
 0.34326887643300E-01
 0.33572884021182E-01
 0.32845318899650E-01
 0.32243386334554E-01
 0.31587971544734E-01
 0.30945632667082E-01
 0.49147796474803E-01
 0.29876765274672E-01
 0.29255619726280E-01
 0.28780421351917E-01
 0.28237838718075E-01
 0.27799470906327E-01
 0.27314816373541E-01
 0.26922375695437E-01
 0.26518420415698E-01
 0.26098368901002E-01
 0.25731882404117E-01
 0.25442867528561E-01
 0.28966332003604E-01
 0.24707844265962E-01
 0.24477188489013E-01
 0.24052750480471E-01
 0.23723768812068E-01
 0.22870305630143E-01
 0.23168908489845E-01
 0.22933313869990E-01
 0.22635384974494E-01
 0.22401746579629E-01
 0.22184006301547E-01
 0.21989203489825E-01
 0.21638624169118E-01
 0.21590370228194E-01
 0.21317524620340E-01
 0.25443623473267E-01
 0.21047307235352E-01
 0.20878245587104E-01
 0.20647953777682E-01
 0.20448851784376E-01
 0.20350217438520E-01
 0.20141880062980E-01
 0.20029445971140E-01
 0.19874737711382E-01
 0.19791335629417E-01
 0.19633238016543E-01
 0.19511958553116E-01
 0.19445335287101E-01
 0.19285181012494E-01
 0.19212336493530E-01
 0.19107667355761E-01
 0.19021901871914E-01
 0.18968482601812E-01
 0.18744043993054E-01
 0.18744880022300E-01
 0.18737947340439E-01
 0.18611492344050E-01
 0.18555225500260E-01
 0.18740793276735E-01
 0.18501569002687E-01
 0.18433700093103E-01
 0.20645091257373E-01
 0.20224807228436E-01
 0.15499500283612E-01
 0.22068080597098E-01
 0.18256896531278E-01
 0.18100757985201E-01
 0.18031081361864E-01
 0.18022064252784E-01
 0.17971977440807E-01
 0.17966585736085E-01
 0.17912564476627E-01
 0.17881399009051E-01
 0.17862127228012E-01
 0.17882354534203E-01
 0.17839002669509E-01
 0.17796084383781E-01
 0.17779308213535E-01
 0.17801410892178E-01
 0.17719308569223E-01
 0.17760806033217E-01
 0.17732724450557E-01
 0.17671970961310E-01
 0.17697480893647E-01
 0.17677162062266E-01
 0.17634931197003E-01
 0.17615019001653E-01
 0.17654098768239E-01
 0.17652638799183E-01
 0.17643850096670E-01
 0.17663119066116E-01
 0.17627825907238E-01
 0.17609044913684E-01
 0.17621748134309E-01
 0.17619490781201E-01
 0.17584972920858E-01
 0.18619190148040E-01
 0.17621775826787E-01
 0.17666314340695E-01
 0.17191059355564E-01
 0.17599362249824E-01
 0.17537149951526E-01
 0.17728606810738E-01
 0.17625477916385E-01
 0.17615802444556E-01
 0.17359296702173E-01
 0.17623596180942E-01
 0.17704174689150E-01
 0.17800431395485E-01
 0.17619556255766E-01
 0.17683920186120E-01
 0.17677112345109E-01
 0.17612655424553E-01
 0.17652250681047E-01
 0.17689541452546E-01
 0.17634684906894E-01
 0.17739387528647E-01
 0.17683727605855E-01
 0.17719294115401E-01
 0.17739961125871E-01
 0.17714718678472E-01
 0.17748495214633E-01
 0.17748918218899E-01
 0.17746540767169E-01
 0.17734678545152E-01
 0.17730801380817E-01
 0.17747558949615E-01
 0.17879266121212E-01
 0.17772881562269E-01
 0.17768629296187E-01
 0.45268737705356E-01
