 0.57202671400168+278
 0.75632448153245+134
 0.83011597626634E+86
 0.86966916178066E+62
 0.35602723837236E+48
 0.91110679158642E+38
 0.12829274934246E+32
 0.93255968055115E+26
 0.93982193525379E+22
 0.59667873366225E+19
 0.14446528195330E+17
 0.95451387486108E+14
 0.13651556731291E+13
 0.35817520994950E+11
 0.15269297128581E+10
 0.96566180671971E+08
 0.84507563404440E+07
 0.96939510942643E+06
 0.13966874156347E+06
 0.24424814927822E+05
 0.50429533997101E+04
 0.12017522086380E+04
 0.32441813461037E+03
 0.97673341636194E+02
 0.32370467826585E+02
 0.11678920253892E+02
 0.45440821398897E+01
 0.18912831373459E+01
 0.83620525552763E+00
 0.39037410880834E+00
 0.19141561899482E+00
 0.98131150271806E-01
 0.52384322984222E-01
 0.29014666284060E-01
 0.24414722678196E+04
 0.14425411792975E+04
 0.14569451002126E+04
 0.90909392775259E+03
 0.92020163758048E+03
 0.74510646747695E+03
 0.61015256503183E+03
 0.50490206926158E+03
 0.42189999044820E+03
 0.35576549090870E+03
 0.30255799158367E+03
 0.25936243757086E+03
 0.22399483100090E+03
 0.19480620629854E+03
 0.17053619645736E+03
 0.15021128242155E+03
 0.13307892037933E+03
 0.11854548266657E+03
 0.10614507555730E+03
 0.95503881345351E+02
 0.86325335649894E+02
 0.78366448531577E+02
 0.71434453824683E+02
 0.65369063160584E+02
 0.60038107644741E+02
 0.55334953295096E+02
 0.51168825287155E+02
 0.47465367664826E+02
 0.44161380888495E+02
 0.41203649155877E+02
 0.38547985172978E+02
 0.36155755753117E+02
 0.33994892837562E+02
 0.32038052868002E+02
 0.30260332214346E+02
 0.28641881141385E+02
 0.27164703852531E+02
 0.25813409134470E+02
 0.24574458038040E+02
 0.23436114436371E+02
 0.22388112589492E+02
 0.21421339284593E+02
 0.20527996924514E+02
 0.19700782049302E+02
 0.18933529742203E+02
 0.18220723909497E+02
 0.17557516862492E+02
 0.16939435506278E+02
 0.16362556311830E+02
 0.15826067652306E+02
 0.15321473251633E+02
 0.14848636834152E+02
 0.14404824999185E+02
 0.13987813648762E+02
 0.13595457711821E+02
 0.13225890712243E+02
 0.12877357513035E+02
 0.12548295039963E+02
 0.12237251170541E+02
 0.11942923332821E+02
 0.11664053138927E+02
 0.11399566422393E+02
 0.11148431528398E+02
 0.10909726669972E+02
 0.10682571296158E+02
 0.10466161056101E+02
 0.10259779515006E+02
 0.10062673971732E+02
 0.98742254454291E+01
 0.96938281309237E+01
 0.95209152541653E+01
 0.93549512683346E+01
 0.91954658255406E+01
 0.90419201997833E+01
 0.88938902588759E+01
 0.87509319128051E+01
 0.86126429768405E+01
 0.84786437094320E+01
 0.83486817538833E+01
 0.82220506992057E+01
 0.80985461297976E+01
 0.79778020139892E+01
 0.78594743162945E+01
 0.77431562209048E+01
 0.76284998984392E+01
 0.75151478515584E+01
 0.74026650496048E+01
 0.72906871634596E+01
 0.71787752473140E+01
 0.70665045605329E+01
 0.69533663278229E+01
 0.68388527802472E+01
 0.67224433343891E+01
 0.66034183857583E+01
 0.64810971738606E+01
 0.63546848294173E+01
 0.62232191555605E+01
 0.60856112423047E+01
 0.59405286797378E+01
 0.57863614973946E+01
 0.56209943719069E+01
 0.54417668069025E+01
 0.52450548055499E+01
 0.50256178455415E+01
 0.47754370728712E+01
 0.44806852148749E+01
 0.41127374814177E+01
 0.35830297702045E+01
 0.60819396064628E+00
 0.57953860306568E+00
 0.55970231726030E+00
 0.54537407311402E+00
 0.53482711127383E+00
 0.52704071190482E+00
 0.52135870312519E+00
 0.51734349074816E+00
 0.51467045214015E+00
 0.51310866802618E+00
 0.51247804249674E+00
 0.51263682621065E+00
 0.51347075181239E+00
 0.51488582361767E+00
 0.51680329955958E+00
 0.51915559333145E+00
 0.52188604529098E+00
 0.52494333598252E+00
 0.52828231168850E+00
 0.53186284692750E+00
 0.53565038687746E+00
 0.53961211420434E+00
 0.54371899661332E+00
 0.54794501110504E+00
 0.55226278297064E+00
 0.55665858537338E+00
 0.56110988935499E+00
 0.56559978126991E+00
 0.57011327005273E+00
 0.57463703811462E+00
 0.57915941883133E+00
 0.58367018563200E+00
 0.58816045954254E+00
 0.59262252226010E+00
 0.59704987636914E+00
 0.60143688928805E+00
 0.60577499938470E+00
 0.61006785940658E+00
 0.61430857050447E+00
 0.61849451484660E+00
 0.62262365634560E+00
 0.62669442442969E+00
 0.63070567215630E+00
 0.63465662541474E+00
 0.63854681774917E+00
 0.64237606040540E+00
 0.64614439452627E+00
 0.64985206595404E+00
 0.65349580367469E+00
 0.65708340127260E+00
 0.66061202925994E+00
 0.66408241790809E+00
 0.66749542668680E+00
 0.67085197304432E+00
 0.67415302971359E+00
 0.67739961077974E+00
 0.68059276301274E+00
 0.68371675993671E+00
 0.68680594593363E+00
 0.68984493193006E+00
 0.69283480439906E+00
 0.69577664621731E+00
 0.69867153656427E+00
 0.70152053867029E+00
 0.70432471585123E+00
 0.70708510553561E+00
 0.70980272521564E+00
 0.71247858277177E+00
 0.71511366010644E+00
 0.71770892538505E+00
 0.72026531526081E+00
 0.72278375512013E+00
 0.72526514110425E+00
 0.72771035102154E+00
 0.73012024088823E+00
 0.73249564093430E+00
 0.73483736417774E+00
 0.73714619663081E+00
 0.73942290609964E+00
 0.74166824065092E+00
 0.74388292428140E+00
 0.74606766209334E+00
 0.74822313907558E+00
 0.75035002236298E+00
 0.75244895849735E+00
 0.75452057360907E+00
 0.75656547953181E+00
 0.75858427048385E+00
 0.76057751924602E+00
 0.76254578699491E+00
 0.76448961665334E+00
 0.76640953489655E+00
 0.76830605576741E+00
 0.77017967395330E+00
 0.77203087597636E+00
 0.77386013152080E+00
 0.77566789451958E+00
 0.77745460933040E+00
 0.77922070905887E+00
 0.78096661141919E+00
 0.78269272234799E+00
 0.78439943816198E+00
 0.78608714500777E+00
 0.78775621671304E+00
 0.78940701619090E+00
 0.79103989754654E+00
 0.79265520705777E+00
 0.79425327828643E+00
 0.79583443680504E+00
 0.79739900139532E+00
 0.79894728038979E+00
 0.80047957401882E+00
 0.80199617535819E+00
 0.80349737084233E+00
 0.80498343678904E+00
 0.80645464387598E+00
 0.80791125665658E+00
 0.80935353180889E+00
 0.81078171941143E+00
 0.81219606369929E+00
 0.81359680024094E+00
 0.81498416912429E+00
 0.81635838576350E+00
 0.81771967890634E+00
 0.81906826216897E+00
 0.82040434474548E+00
 0.82172813251523E+00
 0.82303982496134E+00
 0.82433961829060E+00
 0.82562770268112E+00
 0.82690426519331E+00
 0.82816948736865E+00
 0.82942354699353E+00
 0.83066661790131E+00
 0.83189886970854E+00
 0.83312046860603E+00
 0.83433157622306E+00
 0.83553235135412E+00
 0.83672294902534E+00
 0.83790352031075E+00
 0.83907421388263E+00
 0.84023517412154E+00
 0.84138654324638E+00
 0.84252845990613E+00
 0.84366105973096E+00
 0.84478447537795E+00
 0.84589883724182E+00
 0.84700427227226E+00
 0.84810090511886E+00
 0.84918885782807E+00
 0.85026824977197E+00
 0.85133919813269E+00
 0.85240181750689E+00
 0.85345622002085E+00
 0.85450251603342E+00
 0.85554081283800E+00
 0.85657121669382E+00
 0.85759371873632E+00
