 0.89057248936444E+02
 0.89057248936380E+02
 0.89057248934650E+02
 0.89057248921922E+02
 0.89057248872546E+02
 0.89057248739538E+02
 0.89057248453633E+02
 0.89057247923146E+02
 0.89057247029037E+02
 0.89057245603335E+02
 0.89057243370552E+02
 0.89057239829333E+02
 0.89057234061264E+02
 0.89057224471895E+02
 0.89057208486741E+02
 0.89057182235305E+02
 0.89057189655693E+02
 0.89057124655441E+02
 0.89057084526464E+02
 0.89057004197622E+02
 0.89056929430489E+02
 0.89056788420808E+02
 0.89056630390781E+02
 0.89056385053786E+02
 0.89056106293896E+02
 0.89055718076934E+02
 0.89055277568971E+02
 0.89054700910617E+02
 0.89054048038768E+02
 0.89053229840485E+02
 0.89052260636939E+02
 0.89051184216940E+02
 0.89049891673706E+02
 0.89048453684131E+02
 0.89046768375602E+02
 0.89044857037226E+02
 0.89042757227351E+02
 0.89040359808593E+02
 0.89037687421736E+02
 0.89034776455863E+02
 0.89031517748984E+02
 0.89027935725694E+02
 0.89024015706819E+02
 0.89019791716018E+02
 0.89015152087178E+02
 0.89010123874990E+02
 0.89004692237301E+02
 0.88998889614796E+02
 0.88992607027709E+02
 0.88985871583225E+02
 0.88978668268625E+02
 0.88970981050870E+02
 0.88962793853728E+02
 0.88954140783793E+02
 0.88944908661856E+02
 0.88935127000334E+02
 0.88924779986621E+02
 0.88913850736501E+02
 0.88902322010948E+02
 0.88890224934279E+02
 0.88877446402806E+02
 0.88864013020595E+02
 0.88849905803834E+02
 0.88835104352410E+02
 0.88819587223477E+02
 0.88803331989514E+02
 0.88786314901345E+02
 0.88768560023080E+02
 0.88749944811143E+02
 0.88730487346989E+02
 0.88710158000475E+02
 0.88688924615206E+02
 0.88666752897604E+02
 0.88643606130681E+02
 0.88619444989065E+02
 0.88594227442602E+02
 0.88567957942755E+02
 0.88540491091501E+02
 0.88511822410480E+02
 0.88481896706666E+02
 0.88450654295309E+02
 0.88418031591809E+02
 0.88383960287789E+02
 0.88348355065872E+02
 0.88311159456980E+02
 0.88272329330666E+02
 0.88231677148980E+02
 0.88189154326076E+02
 0.88144658604682E+02
 0.88098079632147E+02
 0.88049299939629E+02
 0.87998193466927E+02
 0.87944625715805E+02
 0.87888503224170E+02
 0.87829573709227E+02
 0.87767720162759E+02
 0.87702766705305E+02
 0.87634524049767E+02
 0.87562790284410E+02
 0.87487348721927E+02
 0.87408016801789E+02
 0.87324448106405E+02
 0.87236422204494E+02
 0.87143651440812E+02
 0.87045826083099E+02
 0.86942612660392E+02
 0.86833699613770E+02
 0.86718604181602E+02
 0.86596951900240E+02
 0.86468288829287E+02
 0.86332119280885E+02
 0.86187953139085E+02
 0.86035081547231E+02
 0.85872966674899E+02
 0.85700881706606E+02
 0.85518057325723E+02
 0.85323693945379E+02
 0.85116764511977E+02
 0.84896275330802E+02
 0.84661114712438E+02
 0.84409914582881E+02
 0.84141258129400E+02
 0.83853518740386E+02
 0.83544884698060E+02
 0.83213152549902E+02
 0.82855984923890E+02
 0.82470422948269E+02
 0.82053344883738E+02
 0.81600753489129E+02
 0.81108094343863E+02
 0.80569710308353E+02
 0.79978816203404E+02
 0.79326803790718E+02
 0.78602686388709E+02
 0.77792362344849E+02
 0.76876550947732E+02
 0.75828165838781E+02
 0.74607349156845E+02
 0.73150211387580E+02
 0.71343096616609E+02
 0.68942710555322E+02
 0.65168140889695E+02
 0.22618039259303E+02
 0.21189310302541E+02
 0.20041175345554E+02
 0.19076275366391E+02
 0.18242049915078E+02
 0.17506448589083E+02
 0.16848126738891E+02
 0.16252783310101E+02
 0.15709457524308E+02
 0.15210324374929E+02
 0.14749207217989E+02
 0.14321229509203E+02
 0.13922468480980E+02
 0.13549716346864E+02
 0.13200312648072E+02
 0.12872034301326E+02
 0.12562948185265E+02
 0.12271431574850E+02
 0.11996062482042E+02
 0.11735584301513E+02
 0.11488854681909E+02
 0.11254880984367E+02
 0.11032753431629E+02
 0.10821651619544E+02
 0.10620662738580E+02
 0.10429407318409E+02
 0.10247102542556E+02
 0.10073165834334E+02
 0.99070599251766E+01
 0.97482891694338E+01
 0.95963946630696E+01
 0.94509517314533E+01
 0.93115667556323E+01
 0.91778729588831E+01
 0.90495355118452E+01
 0.89262381734301E+01
 0.88075336189926E+01
 0.86934548768207E+01
 0.85836014939274E+01
 0.84777375119309E+01
 0.83756442028852E+01
 0.82771179436054E+01
 0.81819689342870E+01
 0.80900201260649E+01
 0.80011063704063E+01
 0.79150734305015E+01
 0.78317772243537E+01
 0.77510830107415E+01
 0.76727187115213E+01
 0.75968530927129E+01
 0.75232366693598E+01
 0.74517639157484E+01
 0.73823374686177E+01
 0.73148659201441E+01
 0.72492633905745E+01
 0.71854490634347E+01
 0.71233468461874E+01
 0.70622217718874E+01
 0.70033205405398E+01
 0.69459284526919E+01
 0.68899853314805E+01
 0.68354342860835E+01
 0.67822215123769E+01
 0.67302958568170E+01
 0.66796095471105E+01
 0.66301166177230E+01
 0.65817737027612E+01
 0.65345396101567E+01
 0.64883752227760E+01
 0.64432433314972E+01
 0.63991085722004E+01
 0.63559372405761E+01
 0.63136972513466E+01
 0.62723580061389E+01
 0.62318903112591E+01
 0.61922663153962E+01
 0.61534593993215E+01
 0.61154441383047E+01
 0.60781962082897E+01
 0.60416923292758E+01
 0.60059102212965E+01
 0.59708285368429E+01
 0.59364268135643E+01
 0.59026854217819E+01
 0.58695855310139E+01
 0.58371090646166E+01
 0.58052386562246E+01
 0.57739576066206E+01
 0.57432498781603E+01
 0.57131000248909E+01
 0.56834932046259E+01
 0.56544150666737E+01
 0.56258518960535E+01
 0.55977903584838E+01
 0.55702176579294E+01
 0.55431214437017E+01
 0.55164898031526E+01
 0.54903112287281E+01
 0.54645746023567E+01
 0.54392691936729E+01
 0.54143846309185E+01
 0.53899108853953E+01
 0.53658382517527E+01
 0.53421573458184E+01
 0.53188590913263E+01
 0.52959346909946E+01
 0.52733756264786E+01
 0.52511736518365E+01
 0.52293207755476E+01
 0.52078092423403E+01
 0.51866315417024E+01
 0.51657803850447E+01
 0.51452487020170E+01
 0.51250296275587E+01
 0.51051165030185E+01
 0.50855028602724E+01
 0.50661824140635E+01
 0.50471490627241E+01
 0.50283968750926E+01
 0.50099200854269E+01
 0.49917129717065E+01
 0.49737704291395E+01
 0.49560866996473E+01
 0.49386569595078E+01
 0.49214760883629E+01
 0.49045391942612E+01
 0.48878415200700E+01
 0.48713784338524E+01
 0.48551454233662E+01
 0.48391380944194E+01
 0.48233521633486E+01
 0.48077834577986E+01
 0.47924279119452E+01
 0.47772815569116E+01
 0.47623405266807E+01
 0.47476010482951E+01
 0.47330594439569E+01
 0.47187121248408E+01
 0.47045555865029E+01
 0.46905864115374E+01
 0.46768012620335E+01
 0.46631968806829E+01
 0.46497700862965E+01
 0.46365177713723E+01
 0.46234369008896E+01
 0.46105245118607E+01
 0.45977777050065E+01
 0.45851936510778E+01
 0.45727695836531E+01
 0.45605027966785E+01
 0.45483906469781E+01
 0.45364305480834E+01
 0.45246199723695E+01
 0.45129564460484E+01
 0.45014375512930E+01
 0.44900609196390E+01
 0.44788242352897E+01
 0.44677252193521E+01
