 0.84176351460572E-01
 0.84176351460572E-01
 0.84176351460572E-01
 0.84176351460572E-01
 0.84176351460572E-01
 0.84176351460572E-01
 0.84176351460572E-01
 0.84176351460572E-01
 0.84176351460572E-01
 0.84176351460572E-01
 0.84176351460572E-01
 0.84176351460572E-01
 0.84176351460572E-01
 0.84176351460572E-01
 0.84176351460572E-01
 0.84176351460572E-01
 0.84176142753668E-01
 0.84176142753668E-01
 0.84175901083989E-01
 0.84175644406722E-01
 0.84175122054346E-01
 0.84174571149089E-01
 0.84173708936843E-01
 0.84172749586046E-01
 0.84171375334098E-01
 0.84169810741948E-01
 0.84167711841111E-01
 0.84165325497046E-01
 0.84162286878042E-01
 0.84158857380705E-01
 0.84154858704714E-01
 0.84149985971676E-01
 0.84144577832436E-01
 0.84138213421826E-01
 0.84131198741080E-01
 0.84123323467495E-01
 0.84114303750133E-01
 0.84104481609785E-01
 0.84093635112485E-01
 0.84081495153906E-01
 0.84068402209816E-01
 0.84054135858402E-01
 0.84038642298730E-01
 0.84021663993871E-01
 0.84003559492453E-01
 0.83984103934898E-01
 0.83963250810992E-01
 0.83940756001730E-01
 0.83916972581855E-01
 0.83891681583929E-01
 0.83864842571020E-01
 0.83836420271307E-01
 0.83806380177705E-01
 0.83774477173374E-01
 0.83741084985309E-01
 0.83705977162830E-01
 0.83669116630858E-01
 0.83630469449885E-01
 0.83590001250299E-01
 0.83547472266657E-01
 0.83503243798174E-01
 0.83457087677681E-01
 0.83408962249387E-01
 0.83358826404055E-01
 0.83306636655964E-01
 0.83252347112010E-01
 0.83195908715686E-01
 0.83137064107958E-01
 0.83076157728103E-01
 0.83012935368031E-01
 0.82947330432668E-01
 0.82879272944787E-01
 0.82808687598389E-01
 0.82735493024712E-01
 0.82659601332236E-01
 0.82580917849856E-01
 0.82499135104647E-01
 0.82414544223106E-01
 0.82326830962797E-01
 0.82235865646512E-01
 0.82141509561250E-01
 0.82043614310257E-01
 0.81942019828121E-01
 0.81836524499106E-01
 0.81726996412687E-01
 0.81613007902149E-01
 0.81494747395940E-01
 0.81371790453729E-01
 0.81243892371757E-01
 0.81110790381632E-01
 0.80972204590475E-01
 0.80827834500095E-01
 0.80677359494451E-01
 0.80520235003538E-01
 0.80356489005471E-01
 0.80185536286835E-01
 0.80006957691165E-01
 0.79820303869358E-01
 0.79625096424591E-01
 0.79420823023910E-01
 0.79206735971470E-01
 0.78982637951529E-01
 0.78747711327783E-01
 0.78501282984867E-01
 0.78242631639606E-01
 0.77970983900376E-01
 0.77685311282164E-01
 0.77385103851716E-01
 0.77069214275234E-01
 0.76736610015171E-01
 0.76386170359332E-01
 0.76016497685807E-01
 0.75626577393732E-01
 0.75214952651156E-01
 0.74780019698083E-01
 0.74320101010233E-01
 0.73833169582392E-01
 0.73317598281288E-01
 0.72771003269323E-01
 0.72190775989684E-01
 0.71574598966919E-01
 0.70919309921734E-01
 0.70221611874952E-01
 0.69477589427830E-01
 0.68683429737793E-01
 0.67834067088416E-01
 0.66924289572599E-01
 0.65947765296569E-01
 0.64897511929559E-01
 0.63764768866358E-01
 0.62539861318972E-01
 0.61210429144091E-01
 0.59761906596895E-01
 0.58175788414154E-01
 0.56429008412711E-01
 0.54490674654945E-01
 0.52318344302213E-01
 0.49851907426972E-01
 0.46997375577779E-01
 0.43592672154575E-01
 0.39303692693920E-01
 0.33099558444379E-01
 0.18477448907957E-02
 0.16294173656893E-02
 0.14727551033277E-02
 0.13530920043345E-02
 0.12579020279124E-02
 0.11799607761772E-02
 0.11147151312056E-02
 0.10592114428634E-02
 0.10113153021480E-02
 0.96954211689969E-03
 0.93276953748203E-03
 0.90014258491999E-03
 0.87099660701876E-03
 0.84480586395166E-03
 0.82114825946567E-03
 0.79968112880775E-03
 0.78011958812854E-03
 0.76222886050357E-03
 0.74581060338789E-03
 0.73069578113441E-03
 0.71673793007355E-03
 0.70381207937210E-03
 0.69180851727073E-03
 0.68063192498503E-03
 0.67017741004638E-03
 0.66041017202791E-03
 0.65124508395587E-03
 0.64262360498351E-03
 0.63449368611367E-03
 0.62680896757042E-03
 0.61952804290140E-03
 0.61261390572291E-03
 0.60603342760281E-03
 0.59975668024406E-03
 0.59375752057419E-03
 0.58801178770907E-03
 0.58247727913393E-03
 0.57717515913732E-03
 0.57206831975609E-03
 0.56714089203495E-03
 0.56237867638150E-03
 0.55776884634129E-03
 0.55329979929666E-03
 0.54896102743595E-03
 0.54474300955321E-03
 0.54063710655494E-03
 0.53663547413717E-03
 0.53273098034151E-03
 0.52889692446261E-03
 0.52516704238751E-03
 0.52151677447198E-03
 0.51794095378482E-03
 0.51443508594112E-03
 0.51099506699650E-03
 0.50761714036613E-03
 0.50429786548702E-03
 0.50103408758704E-03
 0.49782289766106E-03
 0.49466166940386E-03
 0.49154794339090E-03
 0.48847947250318E-03
 0.48545418695886E-03
 0.48247017916240E-03
 0.47950562583409E-03
 0.47659828324445E-03
 0.47372774104311E-03
 0.47089222165566E-03
 0.46809043115961E-03
 0.46532118000793E-03
 0.46258336380921E-03
 0.45987595965074E-03
 0.45719801553935E-03
 0.45454864744986E-03
 0.45192703229265E-03
 0.44933240318228E-03
 0.44676404565838E-03
 0.44422129213366E-03
 0.44170352023757E-03
 0.43921014685240E-03
 0.43674062611205E-03
 0.43429444713599E-03
 0.43187112991763E-03
 0.42947022473967E-03
 0.42709130718675E-03
 0.42473397876648E-03
 0.42239786400095E-03
 0.42008260763267E-03
 0.41778787470110E-03
 0.41551334853290E-03
 0.41325872840036E-03
 0.41100364924462E-03
 0.40880721303124E-03
 0.40659125425387E-03
 0.40441278167550E-03
 0.40225358320798E-03
 0.40011280434758E-03
 0.39799020908163E-03
 0.39588559125955E-03
 0.39379875366263E-03
 0.39172950724674E-03
 0.38967767019432E-03
 0.38764306697863E-03
 0.38562552772749E-03
 0.38362488885911E-03
 0.38164099174502E-03
 0.37967368271051E-03
 0.37772281212043E-03
 0.37578823503062E-03
 0.37386981010517E-03
 0.37196739934513E-03
 0.37008086835509E-03
 0.36821008587709E-03
 0.36635492314667E-03
 0.36451525407515E-03
 0.36269095528640E-03
 0.36088190550332E-03
 0.35908798536196E-03
 0.35730907770734E-03
 0.35554506716665E-03
 0.35379583986386E-03
 0.35208122945829E-03
 0.35034227326522E-03
 0.34865561738753E-03
 0.34696550100480E-03
 0.34528853671060E-03
 0.34362563348261E-03
 0.34197674908666E-03
 0.34034178209558E-03
 0.33872063049336E-03
 0.33711319298968E-03
 0.33551936772465E-03
 0.33393905447660E-03
 0.33237215349501E-03
 0.33081856548087E-03
 0.32927819221975E-03
 0.32775093563375E-03
 0.32623669849244E-03
 0.32473538404302E-03
 0.32324689616020E-03
 0.32177113903306E-03
 0.32030801744797E-03
 0.31885743662404E-03
 0.31741930238333E-03
 0.31599352056511E-03
 0.31457999792339E-03
 0.31317864144609E-03
 0.31178935832065E-03
 0.31041205638644E-03
 0.30904664397370E-03
 0.30769302948583E-03
 0.30635112188772E-03
 0.30502083055869E-03
 0.30370206507969E-03
 0.30239473566105E-03
 0.30109875276093E-03
 0.29981402714628E-03
 0.29854047002216E-03
 0.29729794200184E-03
