 0.10184173329160E+00
 0.10184173329145E+00
 0.10184173328750E+00
 0.10184173325844E+00
 0.10184173314587E+00
 0.10184173284311E+00
 0.10184173219363E+00
 0.10184173099488E+00
 0.10184172901073E+00
 0.10184172600856E+00
 0.10184172184088E+00
 0.10184171658030E+00
 0.10184171069842E+00
 0.10184170526552E+00
 0.10184170214478E+00
 0.10184170415880E+00
 0.10184155107284E+00
 0.10184157623351E+00
 0.10184143167978E+00
 0.10184130307232E+00
 0.10184100174969E+00
 0.10184072364919E+00
 0.10184025667200E+00
 0.10183978018965E+00
 0.10183905571180E+00
 0.10183827154736E+00
 0.10183716898029E+00
 0.10183595386447E+00
 0.10183435071823E+00
 0.10183257610957E+00
 0.10183050023944E+00
 0.10182789303222E+00
 0.10182502967911E+00
 0.10182158714947E+00
 0.10181781291348E+00
 0.10181354767408E+00
 0.10180857279487E+00
 0.10180316117550E+00
 0.10179714046106E+00
 0.10179030082482E+00
 0.10178291024972E+00
 0.10177479468533E+00
 0.10176591007626E+00
 0.10175605115899E+00
 0.10174549621829E+00
 0.10173406385634E+00
 0.10172171208773E+00
 0.10170824272672E+00
 0.10169392652674E+00
 0.10167858368643E+00
 0.10166217416220E+00
 0.10164466139977E+00
 0.10162600892317E+00
 0.10160601405907E+00
 0.10158496049806E+00
 0.10156265940315E+00
 0.10153907047088E+00
 0.10151415551464E+00
 0.10148787566867E+00
 0.10146003004522E+00
 0.10143089046540E+00
 0.10140026453577E+00
 0.10136810632025E+00
 0.10133436999404E+00
 0.10129900747262E+00
 0.10126196849902E+00
 0.10122319989437E+00
 0.10118248402066E+00
 0.10114007692902E+00
 0.10109576260461E+00
 0.10104947240722E+00
 0.10100113449842E+00
 0.10095067232957E+00
 0.10089800398853E+00
 0.10084304179131E+00
 0.10078569207795E+00
 0.10072569252783E+00
 0.10066325238070E+00
 0.10059810247919E+00
 0.10053011836409E+00
 0.10045916743684E+00
 0.10038510857094E+00
 0.10030779029180E+00
 0.10022702320042E+00
 0.10014268280393E+00
 0.10005439898535E+00
 0.99962290834930E-01
 0.99865991149530E-01
 0.99765273406483E-01
 0.99659894825473E-01
 0.99549597382325E-01
 0.99434104611988E-01
 0.99313122056849E-01
 0.99186175419565E-01
 0.99053241736476E-01
 0.98913809248654E-01
 0.98767495006880E-01
 0.98613888705495E-01
 0.98452553783161E-01
 0.98283022906407E-01
 0.98104637365995E-01
 0.97917172049277E-01
 0.97719903419060E-01
 0.97512217551893E-01
 0.97293456258605E-01
 0.97062913386924E-01
 0.96819671560242E-01
 0.96563220389761E-01
 0.96292530995021E-01
 0.96006656746563E-01
 0.95704568642968E-01
 0.95385003407885E-01
 0.95046983204364E-01
 0.94689182570700E-01
 0.94310118039652E-01
 0.93908232904247E-01
 0.93481664678520E-01
 0.93028847288778E-01
 0.92547571506692E-01
 0.92035408522596E-01
 0.91490124927728E-01
 0.90908747208609E-01
 0.90288135481982E-01
 0.89624570207715E-01
 0.88914330214719E-01
 0.88152564650874E-01
 0.87334155455385E-01
 0.86452933939585E-01
 0.85501960806460E-01
 0.84472570519702E-01
 0.83354997808493E-01
 0.82136782685476E-01
 0.80802999703322E-01
 0.79334539340290E-01
 0.77707251235033E-01
 0.75888453241459E-01
 0.73832673096949E-01
 0.71474421811818E-01
 0.68709855738043E-01
 0.65356879065758E-01
 0.61032942792456E-01
 0.54532896209841E-01
 0.65689154443487E-02
 0.57652402024453E-02
 0.51573919746484E-02
 0.46727326134528E-02
 0.42729818094175E-02
 0.39353183439415E-02
 0.36449116526307E-02
 0.33918704383608E-02
 0.31688825366621E-02
 0.29707131339684E-02
 0.27933227535814E-02
 0.26335670139887E-02
 0.24889504526980E-02
 0.23574591273569E-02
 0.22374441300495E-02
 0.21275419951627E-02
 0.20265946958129E-02
 0.19336337811806E-02
 0.18478265496381E-02
 0.17684516864216E-02
 0.16948732955918E-02
 0.16265431097182E-02
 0.15629734082749E-02
 0.15037334541073E-02
 0.14483949448765E-02
 0.13966996446426E-02
 0.13482981198504E-02
 0.13029139442678E-02
 0.12602982823731E-02
 0.12202268341874E-02
 0.11824967766593E-02
 0.11469245652876E-02
 0.11133437789295E-02
 0.10816029128758E-02
 0.10515655302748E-02
 0.10231061749576E-02
 0.99607578804963E-03
 0.97043974053504E-03
 0.94606909965068E-03
 0.92287673116614E-03
 0.90078304899411E-03
 0.87971511069053E-03
 0.85960595794503E-03
 0.84039404930710E-03
 0.82202277979692E-03
 0.80444000697179E-03
 0.78759765673134E-03
 0.77145134497906E-03
 0.75593128296188E-03
 0.74105632909037E-03
 0.72676367617480E-03
 0.71302037300492E-03
 0.69979615657439E-03
 0.68706291008838E-03
 0.67479448327683E-03
 0.66296651650363E-03
 0.65155629803267E-03
 0.64054257484997E-03
 0.62990568661839E-03
 0.61962705207140E-03
 0.60968934438186E-03
 0.60007633359476E-03
 0.59077279407329E-03
 0.58174015047808E-03
 0.57301286639553E-03
 0.56455520257557E-03
 0.55635480604113E-03
 0.54840046734145E-03
 0.54068163358347E-03
 0.53318834086672E-03
 0.52591118706749E-03
 0.51884127863965E-03
 0.51197020830024E-03
 0.50529001511452E-03
 0.49879315795306E-03
 0.49247248951728E-03
 0.48632122675431E-03
 0.48033293406989E-03
 0.47450149518067E-03
 0.46882109549206E-03
 0.46328620622719E-03
 0.45789156348034E-03
 0.45263215524790E-03
 0.44750320303741E-03
 0.44250015188538E-03
 0.43761865726088E-03
 0.43285456811611E-03
 0.42820392200459E-03
 0.42366293259169E-03
 0.41922797790839E-03
 0.41487533830883E-03
 0.41066159310945E-03
 0.40650515975029E-03
 0.40246047918865E-03
 0.39850657753250E-03
 0.39464002760901E-03
 0.39085812517812E-03
 0.38715829366592E-03
 0.38353805964891E-03
 0.37999504793862E-03
 0.37652697633529E-03
 0.37313164958637E-03
 0.36980695645474E-03
 0.36655086635079E-03
 0.36336142396001E-03
 0.36023674769113E-03
 0.35717502350053E-03
 0.35417450486995E-03
 0.35123350765665E-03
 0.34835040811962E-03
 0.34552363994519E-03
 0.34275169254553E-03
 0.34003310707319E-03
 0.33736647512877E-03
 0.33475043728016E-03
 0.33218367972632E-03
 0.32966493281358E-03
 0.32719296932500E-03
 0.32476660299911E-03
 0.32238468624444E-03
 0.32006423826407E-03
 0.31775069004462E-03
 0.31551269246762E-03
 0.31329876513883E-03
 0.31112310171881E-03
 0.30898567671485E-03
 0.30688563122986E-03
 0.30482208089745E-03
 0.30279416667737E-03
 0.30080105588286E-03
 0.29884193955214E-03
 0.29691603383098E-03
 0.29502257761858E-03
 0.29316083280539E-03
 0.29133008279245E-03
 0.28952963165034E-03
 0.28775880371887E-03
 0.28601694247483E-03
 0.28430341066069E-03
 0.28261758865901E-03
 0.28095887437147E-03
 0.27932668261285E-03
 0.27772044433871E-03
 0.27613960609235E-03
 0.27458362997003E-03
 0.27305199228521E-03
 0.27154418375978E-03
 0.27005970867179E-03
 0.26859808466301E-03
 0.26715884218032E-03
 0.26574152388937E-03
 0.26434568467621E-03
 0.26297089066774E-03
 0.26161671970190E-03
 0.26028275993649E-03
 0.25896861066298E-03
 0.25767388085396E-03
 0.25641540072756E-03
