 0.10000000133514E-09
 0.10000000133514E-09
 0.10000000133514E-09
 0.10000000133514E-09
 0.10000000133514E-09
 0.10000000133514E-09
 0.10000000133514E-09
 0.10000000133514E-09
 0.10000000133514E-09
 0.10000000133514E-09
 0.10000000133514E-09
 0.10000000133514E-09
 0.10000000133514E-09
 0.10000000133514E-09
 0.10000000133514E-09
 0.10000000133514E-09
 0.10000000133514E-09
 0.10000000133514E-09
 0.10000000133514E-09
 0.10000000133514E-09
 0.10000000133514E-09
 0.10000000133514E-09
 0.10000000133514E-09
 0.10000000133514E-09
 0.10000000133514E-09
 0.10000000133514E-09
 0.10000000133514E-09
 0.10000000133514E-09
 0.10000000133514E-09
 0.10000000133514E-09
 0.10000000133514E-09
 0.10000000133514E-09
 0.10000000133514E-09
 0.10000000133514E-09
 0.14688548460274E-04
 0.14688548460274E-04
 0.24405137416914E-04
 0.24405137416914E-04
 0.38646341204417E-04
 0.47873835686580E-04
 0.58747949214288E-04
 0.71465300550118E-04
 0.86233065341185E-04
 0.10326977245097E-03
 0.12280670311387E-03
 0.14508457788957E-03
 0.17035423694988E-03
 0.19887725236520E-03
 0.23092919795676E-03
 0.26678834189529E-03
 0.30675068236335E-03
 0.35111470153157E-03
 0.40019633032505E-03
 0.45430715011933E-03
 0.51378928251085E-03
 0.57896352413259E-03
 0.65019144752305E-03
 0.72782360887384E-03
 0.81220800592462E-03
 0.90372703017188E-03
 0.10027550026611E-02
 0.11096825437754E-02
 0.12248949549267E-02
 0.13487808937115E-02
 0.14817627628712E-02
 0.16242301217251E-02
 0.17766135373681E-02
 0.19393536553235E-02
 0.21128412924445E-02
 0.22975469311790E-02
 0.24939023144235E-02
 0.27023643879968E-02
 0.29233835769031E-02
 0.31574265698956E-02
 0.34049709176153E-02
 0.36664878658384E-02
 0.39424790034764E-02
 0.42334313505071E-02
 0.45398441332729E-02
 0.48622361468008E-02
 0.52011564309634E-02
 0.55571235034203E-02
 0.59306888784726E-02
 0.63235049214337E-02
 0.67341170662493E-02
 0.71640851938623E-02
 0.76140011480937E-02
 0.80845075335792E-02
 0.85762234898458E-02
 0.90898369084647E-02
 0.96260196295914E-02
 0.10185492272757E-01
 0.10768980675624E-01
 0.11377214269391E-01
 0.12011019894982E-01
 0.12671206764425E-01
 0.13358614045770E-01
 0.14074152866306E-01
 0.14818737543283E-01
 0.15593338133891E-01
 0.16398958337052E-01
 0.17236688806143E-01
 0.18107636769793E-01
 0.19012979584360E-01
 0.19953961239233E-01
 0.20931889925753E-01
 0.21948159190498E-01
 0.23004239115123E-01
 0.24101690155598E-01
 0.25242139662183E-01
 0.26427395473192E-01
 0.27659330758267E-01
 0.28940679749653E-01
 0.30272324358943E-01
 0.31657191990763E-01
 0.33097803164114E-01
 0.34596867402432E-01
 0.36157358674010E-01
 0.37782488007261E-01
 0.39475760434139E-01
 0.41240961488072E-01
 0.43082447397263E-01
 0.45004781973761E-01
 0.47013185820972E-01
 0.49113517732609E-01
 0.51312100581070E-01
 0.53617138142488E-01
 0.56035870096689E-01
 0.58578576475582E-01
 0.61256436060310E-01
 0.64082739239810E-01
 0.67073263234673E-01
 0.70247442536740E-01
 0.73629817425506E-01
 0.77249489240626E-01
 0.81146769454300E-01
 0.85376713838069E-01
 0.90016626294995E-01
 0.95188823164010E-01
 0.10110456139633E+00
 0.10820374528094E+00
 0.11786272049632E+00
 0.18748955221759E+00
 0.19392107265174E+00
 0.20015367378571E+00
 0.20630710038763E+00
 0.21244272727431E+00
 0.21859569650618E+00
 0.22478911541682E+00
 0.23103494766676E+00
 0.23734099169373E+00
 0.24371080441309E+00
 0.25014519009782E+00
 0.25664270681283E+00
 0.26320009937715E+00
 0.26981267670760E+00
 0.27647457227079E+00
 0.28317850425490E+00
 0.28991799151882E+00
 0.29668434218604E+00
 0.30346874206315E+00
 0.31026230042090E+00
 0.31705727135261E+00
 0.32384444316587E+00
 0.33061537055752E+00
 0.33736193015628E+00
 0.34407646716604E+00
 0.35075162191973E+00
 0.35738074184296E+00
 0.36395767537207E+00
 0.37047688213125E+00
 0.37693336361955E+00
 0.38332275255164E+00
 0.38964123649107E+00
 0.39588556353058E+00
 0.40205299839694E+00
 0.40814128310040E+00
 0.41414862547766E+00
 0.42007368394117E+00
 0.42591539570050E+00
 0.43167312844612E+00
 0.43734653368815E+00
 0.44293554236759E+00
 0.44844031388210E+00
 0.45386122195223E+00
 0.45919883029097E+00
 0.46445385350065E+00
 0.46962714567398E+00
 0.47471967188509E+00
 0.47973249726121E+00
 0.48466678879344E+00
 0.48952370775767E+00
 0.49430453439092E+00
 0.49901056887980E+00
 0.50364314348502E+00
 0.50820360524053E+00
 0.51269331641334E+00
 0.51711364760975E+00
 0.52146597275591E+00
 0.52575172009109E+00
 0.52997211781469E+00
 0.53412858078064E+00
 0.53822243996791E+00
 0.54225500897229E+00
 0.54622758445246E+00
 0.55014144202283E+00
 0.55399783130295E+00
 0.55779798405265E+00
 0.56154310043769E+00
 0.56523436322703E+00
 0.56887292458263E+00
 0.57245991697926E+00
 0.57599643834821E+00
 0.57948357007562E+00
 0.58292236175773E+00
 0.58631384097082E+00
 0.58965901067157E+00
 0.59295884582039E+00
 0.59621430122140E+00
 0.59942630313735E+00
 0.60259575716707E+00
 0.60572354709978E+00
 0.60881053127376E+00
 0.61185754722681E+00
 0.61486541079133E+00
 0.61783491819958E+00
 0.62076684374960E+00
 0.62366194014588E+00
 0.62652094376135E+00
 0.62934457216017E+00
 0.63213352044252E+00
 0.63488847026760E+00
 0.63761008357903E+00
 0.64029900606365E+00
 0.64295586677938E+00
 0.64558127729999E+00
 0.64817583746805E+00
 0.65074012965625E+00
 0.65327471945572E+00
 0.65578016120678E+00
 0.65825699660822E+00
 0.66070575096472E+00
 0.66312693654298E+00
 0.66552105445770E+00
 0.66788859437005E+00
 0.67023003247766E+00
 0.67254583275398E+00
 0.67483644912426E+00
 0.67710232611836E+00
 0.67934389465113E+00
 0.68156157624542E+00
 0.68375578427232E+00
 0.68592692049750E+00
 0.68807537740706E+00
 0.69020153896348E+00
 0.69230578118624E+00
 0.69438846901736E+00
 0.69644996038116E+00
 0.69849060582121E+00
 0.70051074687412E+00
 0.70251071733798E+00
 0.70449084394076E+00
 0.70645144623950E+00
 0.70839283652965E+00
 0.71031531980276E+00
 0.71221919498263E+00
 0.71410475470585E+00
 0.71597228407924E+00
 0.71782206346026E+00
 0.71965436590568E+00
 0.72146945995237E+00
 0.72326760719508E+00
 0.72504906493505E+00
 0.72681408401821E+00
 0.72856291043259E+00
 0.73029578528553E+00
 0.73201294441802E+00
 0.73371461925827E+00
 0.73540103574760E+00
 0.73707241595089E+00
 0.73872897729554E+00
 0.74037093232810E+00
 0.74199849020474E+00
 0.74361185497524E+00
 0.74521122752991E+00
 0.74679680437996E+00
 0.74836877814706E+00
 0.74992733759291E+00
 0.75147266839325E+00
 0.75300495194814E+00
 0.75452436652134E+00
 0.75603108700347E+00
 0.75752528478541E+00
 0.75900712829487E+00
 0.76047678259025E+00
 0.76193440954672E+00
 0.76338016843160E+00
 0.76481421486107E+00
 0.76623670254109E+00
 0.76764768143798E+00
