 0.33129296859152E+03
 0.33129296859128E+03
 0.33129296858485E+03
 0.33129296853750E+03
 0.33129296835382E+03
 0.33129296785903E+03
 0.33129296679546E+03
 0.33129296482205E+03
 0.33129296149597E+03
 0.33129295619235E+03
 0.33129294788640E+03
 0.33129293471307E+03
 0.33129291325585E+03
 0.33129287758340E+03
 0.33129281811863E+03
 0.33129272046328E+03
 0.33129274806712E+03
 0.33129250626619E+03
 0.33129235698639E+03
 0.33129205816309E+03
 0.33129178002936E+03
 0.33129125547334E+03
 0.33129066760164E+03
 0.33128975494801E+03
 0.33128871796121E+03
 0.33128727379410E+03
 0.33128563510446E+03
 0.33128348993537E+03
 0.33128106125207E+03
 0.33127801755444E+03
 0.33127441211722E+03
 0.33127040783479E+03
 0.33126559957392E+03
 0.33126025025266E+03
 0.33125398090489E+03
 0.33124687072608E+03
 0.33123905943328E+03
 0.33123014103543E+03
 0.33122019975625E+03
 0.33120937096312E+03
 0.33119724857343E+03
 0.33118392344669E+03
 0.33116934097637E+03
 0.33115362773046E+03
 0.33113636831104E+03
 0.33111766336156E+03
 0.33109745766920E+03
 0.33107587191332E+03
 0.33105250068918E+03
 0.33102744483550E+03
 0.33100064850498E+03
 0.33097205205472E+03
 0.33094159568111E+03
 0.33090940626071E+03
 0.33087506276684E+03
 0.33083867498570E+03
 0.33080018409439E+03
 0.33075952728363E+03
 0.33071664042424E+03
 0.33067163929869E+03
 0.33062410316124E+03
 0.33057413097903E+03
 0.33052165213228E+03
 0.33046659073256E+03
 0.33040886701248E+03
 0.33034839754167E+03
 0.33028509397320E+03
 0.33021904582554E+03
 0.33014979723661E+03
 0.33007741546940E+03
 0.33000179029978E+03
 0.32992280210598E+03
 0.32984032331586E+03
 0.32975421734225E+03
 0.32966433789474E+03
 0.32957052862118E+03
 0.32947280608100E+03
 0.32937062939355E+03
 0.32926398189933E+03
 0.32915265828029E+03
 0.32903643650914E+03
 0.32891508005119E+03
 0.32878833479926E+03
 0.32865588337271E+03
 0.32851751570657E+03
 0.32837306763557E+03
 0.32822184151853E+03
 0.32806365661611E+03
 0.32789813253126E+03
 0.32772485875209E+03
 0.32754339829453E+03
 0.32735328221462E+03
 0.32715401017891E+03
 0.32694523450842E+03
 0.32672601671115E+03
 0.32649592151652E+03
 0.32625429465293E+03
 0.32600043197238E+03
 0.32573358236320E+03
 0.32545293974860E+03
 0.32515782500342E+03
 0.32484694945420E+03
 0.32451949309657E+03
 0.32417438585302E+03
 0.32381047551953E+03
 0.32342652158411E+03
 0.32302136504755E+03
 0.32259321003660E+03
 0.32214066354645E+03
 0.32166203691883E+03
 0.32115548619487E+03
 0.32061918814325E+03
 0.32005050581718E+03
 0.31944743848747E+03
 0.31880728240050E+03
 0.31812717569838E+03
 0.31740414391794E+03
 0.31663436641976E+03
 0.31581414665948E+03
 0.31493934915244E+03
 0.31400488466330E+03
 0.31300548264867E+03
 0.31193509211331E+03
 0.31078697346702E+03
 0.30955292986638E+03
 0.30822426628740E+03
 0.30678997572706E+03
 0.30523844531507E+03
 0.30355480531417E+03
 0.30172211327969E+03
 0.29971932465219E+03
 0.29752119856488E+03
 0.29509571237103E+03
 0.29240199561484E+03
 0.28938759014850E+03
 0.28598077172502E+03
 0.28208077908973E+03
 0.27753934099800E+03
 0.27211878845464E+03
 0.26539632145493E+03
 0.25646688523827E+03
 0.24242548597414E+03
 0.84139106691714E+02
 0.78824234931685E+02
 0.74553172858843E+02
 0.70963744908752E+02
 0.67860426206001E+02
 0.65123989252253E+02
 0.62675031950705E+02
 0.60460354378571E+02
 0.58439182439877E+02
 0.56582407109908E+02
 0.54867051272896E+02
 0.53274974183967E+02
 0.51791583147572E+02
 0.50404945197994E+02
 0.49105163428490E+02
 0.47883967969205E+02
 0.46734167608613E+02
 0.45649725809531E+02
 0.44625352776405E+02
 0.43656373937385E+02
 0.42738539745399E+02
 0.41868157583851E+02
 0.41041843081310E+02
 0.40256544334313E+02
 0.39508865691376E+02
 0.38797395522868E+02
 0.38119221751478E+02
 0.37472177191917E+02
 0.36854263205100E+02
 0.36263635989195E+02
 0.35698588421174E+02
 0.35157540711400E+02
 0.34639028597358E+02
 0.34141687669626E+02
 0.33664272362973E+02
 0.33205606260542E+02
 0.32764025314638E+02
 0.32339652390495E+02
 0.31930997802989E+02
 0.31537183786933E+02
 0.31157396674362E+02
 0.30790878987022E+02
 0.30436924669636E+02
 0.30094875100419E+02
 0.29764115926825E+02
 0.29444073387918E+02
 0.29134211498665E+02
 0.28834029021719E+02
 0.28542513826377E+02
 0.28260293722240E+02
 0.27986440625260E+02
 0.27720561979781E+02
 0.27462295594468E+02
 0.27211301432216E+02
 0.26967260020340E+02
 0.26729870721555E+02
 0.26498850471618E+02
 0.26271465193473E+02
 0.26052352611175E+02
 0.25838854042739E+02
 0.25630745630232E+02
 0.25427815739794E+02
 0.25229864220083E+02
 0.25036700779914E+02
 0.24848147706356E+02
 0.24664034007619E+02
 0.24484198362578E+02
 0.24308487536738E+02
 0.24136756014361E+02
 0.23968865377512E+02
 0.23804684071666E+02
 0.23644086716788E+02
 0.23486953955646E+02
 0.23333171962290E+02
 0.23182632136180E+02
 0.23035230870436E+02
 0.22890869141528E+02
 0.22749452369458E+02
 0.22610890068736E+02
 0.22475095637760E+02
 0.22341986195053E+02
 0.22211482327882E+02
 0.22083507916302E+02
 0.21957989937906E+02
 0.21834858343302E+02
 0.21714045887375E+02
 0.21595487967245E+02
 0.21479122461823E+02
 0.21364889711072E+02
 0.21252732256047E+02
 0.21142594883814E+02
 0.21034424209800E+02
 0.20928169214276E+02
 0.20823780293714E+02
 0.20721209846863E+02
 0.20620411929160E+02
 0.20521342225556E+02
 0.20423957927947E+02
 0.20328217677110E+02
 0.20234081556082E+02
 0.20141510981924E+02
 0.20050468647877E+02
 0.19960918450038E+02
 0.19872825479285E+02
 0.19786155971908E+02
 0.19700877202018E+02
 0.19616957481373E+02
 0.19534366135069E+02
 0.19453073434649E+02
 0.19373050530503E+02
 0.19294269483524E+02
 0.19216703180160E+02
 0.19140325318710E+02
 0.19065110361147E+02
 0.18991033537288E+02
 0.18918070785711E+02
 0.18846198725261E+02
 0.18775394657734E+02
 0.18705636519208E+02
 0.18636902861123E+02
 0.18569172397562E+02
 0.18502426138700E+02
 0.18436642664483E+02
 0.18371804030665E+02
 0.18307891189514E+02
 0.18244885942972E+02
 0.18182770594503E+02
 0.18121527913302E+02
 0.18061141113829E+02
 0.18001593849689E+02
 0.17942870185654E+02
 0.17884954600563E+02
 0.17827831969549E+02
 0.17771487528390E+02
 0.17715906895504E+02
 0.17661076035488E+02
 0.17606981266934E+02
 0.17553609239411E+02
 0.17500946916389E+02
 0.17448981585118E+02
 0.17397700828569E+02
 0.17347092529555E+02
 0.17297144854054E+02
 0.17247846242157E+02
 0.17199185403587E+02
 0.17151151316030E+02
 0.17103733194168E+02
 0.17056920513193E+02
 0.17010702982018E+02
 0.16965070534121E+02
 0.16920013336889E+02
 0.16875521768658E+02
 0.16831586426665E+02
 0.16788198108417E+02
 0.16745347819597E+02
 0.16703026749519E+02
 0.16661226283418E+02
 0.16619937943812E+02
