 0.14072858096538E+03
 0.14072858096548E+03
 0.14072858096821E+03
 0.14072858098831E+03
 0.14072858106621E+03
 0.14072858127589E+03
 0.14072858172615E+03
 0.14072858255941E+03
 0.14072858395129E+03
 0.14072858611486E+03
 0.14072858931872E+03
 0.14072859393387E+03
 0.14072860052296E+03
 0.14072860997589E+03
 0.14072862368288E+03
 0.14072864372657E+03
 0.14072860352305E+03
 0.14072864618271E+03
 0.14072862681978E+03
 0.14072862743404E+03
 0.14072857228338E+03
 0.14072854950856E+03
 0.14072847531817E+03
 0.14072843278360E+03
 0.14072832891236E+03
 0.14072825257188E+03
 0.14072810420427E+03
 0.14072798211886E+03
 0.14072778162884E+03
 0.14072760756400E+03
 0.14072741890548E+03
 0.14072713306615E+03
 0.14072688254978E+03
 0.14072654712937E+03
 0.14072624967679E+03
 0.14072594041616E+03
 0.14072554643995E+03
 0.14072520262925E+03
 0.14072485774210E+03
 0.14072444284457E+03
 0.14072409388890E+03
 0.14072375936962E+03
 0.14072344343706E+03
 0.14072308216144E+03
 0.14072281748475E+03
 0.14072259638448E+03
 0.14072242538728E+03
 0.14072224482975E+03
 0.14072219487040E+03
 0.14072222421321E+03
 0.14072234129080E+03
 0.14072255627776E+03
 0.14072287965091E+03
 0.14072325127241E+03
 0.14072381890654E+03
 0.14072452907056E+03
 0.14072539216828E+03
 0.14072642001076E+03
 0.14072762471669E+03
 0.14072894978371E+03
 0.14073054198690E+03
 0.14073235031712E+03
 0.14073438753503E+03
 0.14073666768426E+03
 0.14073920537624E+03
 0.14074201571341E+03
 0.14074511447992E+03
 0.14074844855925E+03
 0.14075217092418E+03
 0.14075623392794E+03
 0.14076065580712E+03
 0.14076545642969E+03
 0.14077065668509E+03
 0.14077627862354E+03
 0.14078234554265E+03
 0.14078888202107E+03
 0.14079584377387E+03
 0.14080339605444E+03
 0.14081150107427E+03
 0.14082018936525E+03
 0.14082949390907E+03
 0.14083944951663E+03
 0.14085009325727E+03
 0.14086147106799E+03
 0.14087361292210E+03
 0.14088649764488E+03
 0.14090031185237E+03
 0.14091503798088E+03
 0.14093072900768E+03
 0.14094744203641E+03
 0.14096523753369E+03
 0.14098418009277E+03
 0.14100433832536E+03
 0.14102571341308E+03
 0.14104852362133E+03
 0.14107278375647E+03
 0.14109858209400E+03
 0.14112601354977E+03
 0.14115517908304E+03
 0.14118618679305E+03
 0.14121908033337E+03
 0.14125412380769E+03
 0.14129138172578E+03
 0.14133099642442E+03
 0.14137312109376E+03
 0.14141792048380E+03
 0.14146550071525E+03
 0.14151619236969E+03
 0.14157013515910E+03
 0.14162755270178E+03
 0.14168868931199E+03
 0.14175373900808E+03
 0.14182314347631E+03
 0.14189712248815E+03
 0.14197603517025E+03
 0.14206026144034E+03
 0.14215014642553E+03
 0.14224629435107E+03
 0.14234915144924E+03
 0.14245922173949E+03
 0.14257727581253E+03
 0.14270397597890E+03
 0.14284013394782E+03
 0.14298660321466E+03
 0.14314458786150E+03
 0.14331516607945E+03
 0.14349992282479E+03
 0.14370034447061E+03
 0.14391855035384E+03
 0.14415676849362E+03
 0.14441798577785E+03
 0.14470559243080E+03
 0.14502408341891E+03
 0.14537916363105E+03
 0.14577820729969E+03
 0.14623136802173E+03
 0.14675298424727E+03
 0.14736448976899E+03
 0.14810056557783E+03
 0.14902373220952E+03
 0.15027057611201E+03
 0.15229095519170E+03
 0.21328545616215E+03
 0.22062122642249E+03
 0.22743934117848E+03
 0.23393448652725E+03
 0.24021171824651E+03
 0.24633459285429E+03
 0.25234548472397E+03
 0.25827063576372E+03
 0.26412976934400E+03
 0.26993549252867E+03
 0.27569677968177E+03
 0.28141960691277E+03
 0.28710767554645E+03
 0.29276294382685E+03
 0.29838600450562E+03
 0.30397616553597E+03
 0.30953268502794E+03
 0.31505343967993E+03
 0.32053605639114E+03
 0.32597801022976E+03
 0.33137723848085E+03
 0.33673097315782E+03
 0.34203680467176E+03
 0.34729246255432E+03
 0.35249629021468E+03
 0.35764564304783E+03
 0.36273929207038E+03
 0.36777585842261E+03
 0.37275421064992E+03
 0.37767342717232E+03
 0.38253282458580E+03
 0.38733191855153E+03
 0.39207041953962E+03
 0.39674821375374E+03
 0.40136532669645E+03
 0.40592194032417E+03
 0.41041870787427E+03
 0.41485533955390E+03
 0.41923266788465E+03
 0.42355126849112E+03
 0.42781178115848E+03
 0.43201489338312E+03
 0.43616133599590E+03
 0.44025187505081E+03
 0.44428729853643E+03
 0.44826841359971E+03
 0.45219603751993E+03
 0.45607099521727E+03
 0.45989441170503E+03
 0.46366652182988E+03
 0.46738843039704E+03
 0.47106095231735E+03
 0.47468488965346E+03
 0.47826103086280E+03
 0.48179015151488E+03
 0.48527301397524E+03
 0.48871036655228E+03
 0.49210417195644E+03
 0.49545269466352E+03
 0.49875785489644E+03
 0.50202033651436E+03
 0.50524080721921E+03
 0.50841991989716E+03
 0.51155831810879E+03
 0.51465661051671E+03
 0.51771541073053E+03
 0.52073530971706E+03
 0.52371688666031E+03
 0.52666070523166E+03
 0.52956731770228E+03
 0.53243726067541E+03
 0.53527106117900E+03
 0.53806923229092E+03
 0.54083227658938E+03
 0.54356068561122E+03
 0.54625493922956E+03
 0.54891550827074E+03
 0.55154285225835E+03
 0.55413742204750E+03
 0.55669965968018E+03
 0.55922999751511E+03
 0.56172885981690E+03
 0.56419666263875E+03
 0.56663381458939E+03
 0.56904071632278E+03
 0.57141776072427E+03
 0.57376533468034E+03
 0.57608381822727E+03
 0.57837358386343E+03
 0.58063499901512E+03
 0.58286843227715E+03
 0.58507421558334E+03
 0.58725272881879E+03
 0.58940429309539E+03
 0.59152925473186E+03
 0.59362794750634E+03
 0.59570069944054E+03
 0.59774783453359E+03
 0.59976967237769E+03
 0.60176652730493E+03
 0.60373870921351E+03
 0.60568652414311E+03
 0.60761027409419E+03
 0.60951025663254E+03
 0.61138676527687E+03
 0.61324008984374E+03
 0.61507051683125E+03
 0.61687832828375E+03
 0.61866380288802E+03
 0.62042721615931E+03
 0.62216883978882E+03
 0.62388894204512E+03
 0.62558778807290E+03
 0.62726563995846E+03
 0.62892275601561E+03
 0.63055939175200E+03
 0.63217579973409E+03
 0.63377222929844E+03
 0.63534892674268E+03
 0.63690613552783E+03
 0.63844408817247E+03
 0.63996304627216E+03
 0.64146321346652E+03
 0.64294484453846E+03
 0.64440816220013E+03
 0.64585339256381E+03
 0.64728075982121E+03
 0.64869048523397E+03
 0.65008278778682E+03
 0.65145788362729E+03
 0.65281598663014E+03
 0.65415730796197E+03
 0.65548205644065E+03
 0.65679043839076E+03
 0.65808265773907E+03
 0.65935891607893E+03
 0.66061941251492E+03
 0.66186434398053E+03
 0.66309390500874E+03
 0.66430828779159E+03
 0.66550768241286E+03
 0.66669227654301E+03
 0.66786225582104E+03
 0.66901780358811E+03
 0.67015910101331E+03
 0.67128632714008E+03
 0.67239965893205E+03
 0.67349927117105E+03
 0.67458533662033E+03
 0.67565802594375E+03
 0.67671750778519E+03
 0.67776394878497E+03
 0.67879751358088E+03
 0.67981836478002E+03
 0.68082666316027E+03
 0.68182256735513E+03
 0.68280623432092E+03
 0.68377779512975E+03
