 0.17278783742017E+03
 0.17278783742029E+03
 0.17278783742364E+03
 0.17278783744828E+03
 0.17278783754366E+03
 0.17278783780006E+03
 0.17278783834916E+03
 0.17278783935384E+03
 0.17278784096147E+03
 0.17278784315850E+03
 0.17278784545482E+03
 0.17278784636813E+03
 0.17278784275026E+03
 0.17278782905598E+03
 0.17278779667398E+03
 0.17278773342239E+03
 0.17278755064069E+03
 0.17278737368222E+03
 0.17278702222828E+03
 0.17278654828867E+03
 0.17278583500586E+03
 0.17278493315381E+03
 0.17278371111057E+03
 0.17278220939996E+03
 0.17278028323762E+03
 0.17277797701708E+03
 0.17277513816436E+03
 0.17277182114799E+03
 0.17276786922439E+03
 0.17276334571659E+03
 0.17275816311716E+03
 0.17275219224018E+03
 0.17274553056296E+03
 0.17273801359462E+03
 0.17272973144924E+03
 0.17272060022569E+03
 0.17271050852330E+03
 0.17269957019289E+03
 0.17268769827833E+03
 0.17267479880564E+03
 0.17266098784365E+03
 0.17264618876382E+03
 0.17263038469735E+03
 0.17261348905747E+03
 0.17259563170189E+03
 0.17257673981239E+03
 0.17255680371987E+03
 0.17253574528792E+03
 0.17251369571337E+03
 0.17249058639879E+03
 0.17246641120633E+03
 0.17244116565904E+03
 0.17241484515415E+03
 0.17238737068191E+03
 0.17235887941337E+03
 0.17232929717919E+03
 0.17229861494154E+03
 0.17226682344835E+03
 0.17223391178934E+03
 0.17219979497157E+03
 0.17216459754755E+03
 0.17212823468575E+03
 0.17209068496078E+03
 0.17205192481652E+03
 0.17201192718749E+03
 0.17197066181135E+03
 0.17192809435054E+03
 0.17188411409090E+03
 0.17183882027830E+03
 0.17179209734465E+03
 0.17174389333094E+03
 0.17169415188795E+03
 0.17164281191132E+03
 0.17158980704860E+03
 0.17153506561368E+03
 0.17147851079597E+03
 0.17141998756344E+03
 0.17135954959861E+03
 0.17129703435449E+03
 0.17123234172158E+03
 0.17116536563642E+03
 0.17109599519065E+03
 0.17102411297110E+03
 0.17094956067316E+03
 0.17087227182982E+03
 0.17079201011517E+03
 0.17070877380716E+03
 0.17062234598066E+03
 0.17053257287769E+03
 0.17043929286949E+03
 0.17034233939362E+03
 0.17024153830222E+03
 0.17013670966926E+03
 0.17002760016306E+03
 0.16991414714949E+03
 0.16979608481015E+03
 0.16967320503727E+03
 0.16954529014105E+03
 0.16941211610011E+03
 0.16927344935274E+03
 0.16912898559330E+03
 0.16897859201351E+03
 0.16882194513319E+03
 0.16865876823354E+03
 0.16848877103344E+03
 0.16831164860601E+03
 0.16812702480499E+03
 0.16793466481140E+03
 0.16773415435864E+03
 0.16752510987110E+03
 0.16730711457955E+03
 0.16707968172029E+03
 0.16684235141097E+03
 0.16659467564039E+03
 0.16633603268733E+03
 0.16606579930278E+03
 0.16578326011882E+03
 0.16548771895206E+03
 0.16517830316008E+03
 0.16485405546220E+03
 0.16451397349352E+03
 0.16415684016449E+03
 0.16378133280249E+03
 0.16338592806304E+03
 0.16296890308627E+03
 0.16252829779419E+03
 0.16206171412459E+03
 0.16156667208334E+03
 0.16103997804821E+03
 0.16047803724309E+03
 0.15987648068221E+03
 0.15923018238831E+03
 0.15853277031466E+03
 0.15777631393548E+03
 0.15695113793456E+03
 0.15604434489024E+03
 0.15503863890309E+03
 0.15390985012012E+03
 0.15262111171877E+03
 0.15111081013996E+03
 0.14925519201060E+03
 0.14668662501282E+03
 0.17197168295042E+03
 0.17885021479072E+03
 0.18548167712302E+03
 0.19199275828165E+03
 0.19844970327995E+03
 0.20488926440981E+03
 0.21133272252956E+03
 0.21778744238728E+03
 0.22425727861559E+03
 0.23074009990240E+03
 0.23723230369109E+03
 0.24372904527762E+03
 0.25022467832124E+03
 0.25671293662400E+03
 0.26318699323655E+03
 0.26963929796266E+03
 0.27606285141171E+03
 0.28244967689562E+03
 0.28879213355845E+03
 0.29508307789592E+03
 0.30131659376817E+03
 0.30748666174908E+03
 0.31358834437479E+03
 0.31961745454222E+03
 0.32557154848076E+03
 0.33144607056159E+03
 0.33723986520910E+03
 0.34295145111426E+03
 0.34857986397875E+03
 0.35412455792500E+03
 0.35958538794540E+03
 0.36496252610013E+03
 0.37025642385988E+03
 0.37546777060236E+03
 0.38059740960409E+03
 0.38564637605278E+03
 0.39061669208578E+03
 0.39550788752985E+03
 0.40032211831449E+03
 0.40506076751216E+03
 0.40972525323768E+03
 0.41431701231184E+03
 0.41883749472277E+03
 0.42328815467124E+03
 0.42767043655715E+03
 0.43198577274998E+03
 0.43623557485028E+03
 0.44042123220875E+03
 0.44454485817749E+03
 0.44860630228548E+03
 0.45260758389451E+03
 0.45654997879305E+03
 0.46043472014423E+03
 0.46426300437083E+03
 0.46803599307994E+03
 0.47175481419179E+03
 0.47542056213713E+03
 0.47903746648095E+03
 0.48260024708571E+03
 0.48611303356503E+03
 0.48957678833597E+03
 0.49299244323888E+03
 0.49636090167223E+03
 0.49968304533622E+03
 0.50295970752710E+03
 0.50619171661361E+03
 0.50937986703900E+03
 0.51252493147879E+03
 0.51562765753130E+03
 0.51868877252232E+03
 0.52170897954741E+03
 0.52468896430149E+03
 0.52762939094121E+03
 0.53053090608437E+03
 0.53339413863170E+03
 0.53621969945896E+03
 0.53900818448229E+03
 0.54176017262007E+03
 0.54447622881917E+03
 0.54715690417897E+03
 0.54980273530398E+03
 0.55241424618991E+03
 0.55499194832917E+03
 0.55753634171933E+03
 0.56004791452742E+03
 0.56252714347989E+03
 0.56497449584638E+03
 0.56739042876205E+03
 0.56977538863538E+03
 0.57212981387027E+03
 0.57445414073233E+03
 0.57674876788897E+03
 0.57901413631961E+03
 0.58125062883516E+03
 0.58345864943333E+03
 0.58563858771852E+03
 0.58779082541593E+03
 0.58991573822938E+03
 0.59201369553896E+03
 0.59408505958952E+03
 0.59613018643410E+03
 0.59814942659318E+03
 0.60014312495144E+03
 0.60211162040445E+03
 0.60405524631961E+03
 0.60597433097293E+03
 0.60786919797800E+03
 0.60974016518115E+03
 0.61158754584047E+03
 0.61341164887632E+03
 0.61521277822819E+03
 0.61699123332977E+03
 0.61874730944613E+03
 0.62048129778961E+03
 0.62219348482231E+03
 0.62388415328372E+03
 0.62555358209222E+03
 0.62720204607288E+03
 0.62882981619691E+03
 0.63043715981346E+03
 0.63202433327110E+03
 0.63359161850333E+03
 0.63513924355236E+03
 0.63666748226559E+03
 0.63817657832735E+03
 0.63966677764061E+03
 0.64113832355710E+03
 0.64259145591308E+03
 0.64402641171784E+03
 0.64544342459662E+03
 0.64684272539607E+03
 0.64822454174379E+03
 0.64958909844031E+03
 0.65093661733603E+03
 0.65226731742827E+03
 0.65358141495372E+03
 0.65487912324085E+03
 0.65616065304158E+03
 0.65742621232737E+03
 0.65867600634503E+03
 0.65991023787711E+03
 0.66112910693849E+03
 0.66233281117725E+03
 0.66352154561641E+03
 0.66469550279024E+03
 0.66585487280031E+03
 0.66699984337839E+03
 0.66813059978305E+03
 0.66924732498065E+03
 0.67035019957197E+03
 0.67143940187744E+03
 0.67251510796581E+03
 0.67357749165868E+03
 0.67462672451321E+03
 0.67566297602980E+03
 0.67668641334655E+03
 0.67769720171189E+03
 0.67869548064458E+03
