 0.00000000000000E+00
 0.00000000000000E+00
 0.00000000000000E+00
 0.00000000000000E+00
 0.00000000000000E+00
 0.10476479480576E-33
 0.27918941747641E-30
 0.10355276302363E-27
 0.10315189721617E-25
 0.40938292910776E-24
 0.83199030183974E-23
 0.10235495833694E-21
 0.85587219906346E-21
 0.52838714921296E-20
 0.25591190287826E-19
 0.10176243414153E-18
 0.34399511327192E-18
 0.10156639861652E-17
 0.26757992725711E-17
 0.63988540410414E-17
 0.14084575560247E-16
 0.28870481606121E-16
 0.55690941046792E-16
 0.10222018096100E-15
 0.18119254320782E-15
 0.31767320208889E-15
 0.57235271158060E-15
 0.11116291785494E-14
 0.24013541889229E-14
 0.57005147676837E-14
 0.14226577345554E-13
 0.35722871658030E-13
 0.87775692497177E-13
 0.20820763037291E-12
 0.11399547330303E-08
 0.14835177423780E-08
 0.31616267503092E-08
 0.40043967247046E-08
 0.79317777629601E-08
 0.12157392659979E-07
 0.18270482436448E-07
 0.26960289130853E-07
 0.39113409009078E-07
 0.55855156971241E-07
 0.78598261181648E-07
 0.10909280421707E-06
 0.14948520860144E-06
 0.20238202331273E-06
 0.27092715578821E-06
 0.35886290267158E-06
 0.47063174047070E-06
 0.61144613402421E-06
 0.78740593706432E-06
 0.10055578761844E-05
 0.12740852825856E-05
 0.16022908150803E-05
 0.20008731013678E-05
 0.24819246342039E-05
 0.30590643797578E-05
 0.37476929798072E-05
 0.45650382662864E-05
 0.55303300818962E-05
 0.66648950783882E-05
 0.79923279574064E-05
 0.95388337811296E-05
 0.11333009312276E-04
 0.13406453590137E-04
 0.15793745886976E-04
 0.18532304097091E-04
 0.21663334961849E-04
 0.25231249463892E-04
 0.29284346497997E-04
 0.33874722232431E-04
 0.39058701469116E-04
 0.44897016865600E-04
 0.51454814630119E-04
 0.58802194141099E-04
 0.67014462104890E-04
 0.76171849580189E-04
 0.86360458771406E-04
 0.97672642351649E-04
 0.11020624572471E-03
 0.12406596956847E-03
 0.13938606264831E-03
 0.15624424696837E-03
 0.17478574419857E-03
 0.19514550143384E-03
 0.21746655666237E-03
 0.24190028761032E-03
 0.26860884273475E-03
 0.29776351960032E-03
 0.32954708323719E-03
 0.36415319651417E-03
 0.40178598687204E-03
 0.44266755620723E-03
 0.48702987244780E-03
 0.53512055753111E-03
 0.58720471190927E-03
 0.64356354967553E-03
 0.70449761516704E-03
 0.77032561972494E-03
 0.84139503627765E-03
 0.91807120832117E-03
 0.10007479031397E-02
 0.10898480015477E-02
 0.11858259543040E-02
 0.12891690730538E-02
 0.14004109609298E-02
 0.15201207592595E-02
 0.16489158581397E-02
 0.17874713739001E-02
 0.19365151855148E-02
 0.20969036813358E-02
 0.22694228271270E-02
 0.24550747724602E-02
 0.26549207306733E-02
 0.28701276548383E-02
 0.31020103836410E-02
 0.33520165935578E-02
 0.36217663915808E-02
 0.39130959705426E-02
 0.42280815864897E-02
 0.45690670743394E-02
 0.49387408718429E-02
 0.53402299799313E-02
 0.57771009023261E-02
 0.62536890558619E-02
 0.67748257141494E-02
 0.73465553203172E-02
 0.79760474152149E-02
 0.86721445736397E-02
 0.94457954899012E-02
 0.10310964448086E-01
 0.11285832295271E-01
 0.12394227695588E-01
 0.13669334652999E-01
 0.15158823202694E-01
 0.16934585761152E-01
 0.19114928610754E-01
 0.21916831076384E-01
 0.25821546869019E-01
 0.32445187733808E-01
 0.23590219036213E+00
 0.25250692455203E+00
 0.26665941208882E+00
 0.27910705195490E+00
 0.29026699267973E+00
 0.30040221791721E+00
 0.30969448081239E+00
 0.31826818673205E+00
 0.32622268080292E+00
 0.33363078172083E+00
 0.34055196785243E+00
 0.34703475263332E+00
 0.35311946933703E+00
 0.35884023121258E+00
 0.36422631646074E+00
 0.36930299902143E+00
 0.37409319219680E+00
 0.37861664587449E+00
 0.38289128029486E+00
 0.38693345453498E+00
 0.39075854565907E+00
 0.39438022564420E+00
 0.39781135980048E+00
 0.40106385562433E+00
 0.40415025719747E+00
 0.40707821850748E+00
 0.40985878608790E+00
 0.41250104184925E+00
 0.41501348289576E+00
 0.41740404775669E+00
 0.41968016999796E+00
 0.42184879792765E+00
 0.42391642916380E+00
 0.42588914998600E+00
 0.42777260214613E+00
 0.42957209938022E+00
 0.43129378490417E+00
 0.43293992256716E+00
 0.43451597626498E+00
 0.43602598053242E+00
 0.43747369480371E+00
 0.43886262718520E+00
 0.44019605361324E+00
 0.44147703421014E+00
 0.44270842670103E+00
 0.44389290191315E+00
 0.44503295608651E+00
 0.44613092401575E+00
 0.44718998708373E+00
 0.44821022196955E+00
 0.44919450114301E+00
 0.45014463143050E+00
 0.45106229567892E+00
 0.45194907221746E+00
 0.45280644259546E+00
 0.45363579883242E+00
 0.45443844957649E+00
 0.45521980664195E+00
 0.45597270789456E+00
 0.45670238271765E+00
 0.45740985909138E+00
 0.45809610664649E+00
 0.45876204054521E+00
 0.45940852641705E+00
 0.46003637807785E+00
 0.46064636939187E+00
 0.46123923096520E+00
 0.46181565497702E+00
 0.46237629700402E+00
 0.46292177890034E+00
 0.46345269015069E+00
 0.46396959083226E+00
 0.46447301263331E+00
 0.46496346105959E+00
 0.46544141689800E+00
 0.46590733748223E+00
 0.46636165846262E+00
 0.46680479466042E+00
 0.46723714161435E+00
 0.46765907661588E+00
 0.46807095956837E+00
 0.46847313413805E+00
 0.46886592860587E+00
 0.46924965677988E+00
 0.46962461866189E+00
 0.46999110120901E+00
 0.47034937916299E+00
 0.47069971566241E+00
 0.47104236261629E+00
 0.47137756165977E+00
 0.47170554432751E+00
 0.47202653304277E+00
 0.47234074072604E+00
 0.47264837235235E+00
 0.47294962458405E+00
 0.47324468638763E+00
 0.47353373934773E+00
 0.47381695818264E+00
 0.47409451102120E+00
 0.47436655956042E+00
 0.47463325947856E+00
 0.47489476073965E+00
 0.47515120786471E+00
 0.47540274008168E+00
 0.47564949157857E+00
 0.47589159183328E+00
 0.47612916577328E+00
 0.47636233387556E+00
 0.47659121245733E+00
 0.47681591390515E+00
 0.47703654670071E+00
 0.47725321567811E+00
 0.47746602216201E+00
 0.47767506413784E+00
 0.47788043629716E+00
 0.47808223026650E+00
 0.47828053472378E+00
 0.47847543545631E+00
 0.47866701551887E+00
 0.47885535534322E+00
 0.47904053332146E+00
 0.47922262347102E+00
 0.47940170082523E+00
 0.47957783487463E+00
 0.47975109476683E+00
 0.47992154715669E+00
 0.48008925669224E+00
 0.48025428607327E+00
 0.48041669616327E+00
 0.48057654601288E+00
 0.48073389297292E+00
 0.48088879270790E+00
 0.48104129927985E+00
 0.48119146522726E+00
 0.48133934157655E+00
 0.48148497792978E+00
 0.48162842247958E+00
 0.48176972208857E+00
 0.48190892233122E+00
 0.48204606751315E+00
 0.48218120074916E+00
 0.48231436396822E+00
 0.48244559798240E+00
 0.48257494250910E+00
 0.48270243620781E+00
 0.48282811670775E+00
 0.48295202067210E+00
 0.48307418378447E+00
 0.48319464081128E+00
 0.48331342562972E+00
 0.48343057123816E+00
 0.48354610980476E+00
 0.48366007267469E+00
 0.48377249040910E+00
 0.48388339280152E+00
 0.48399280890801E+00
 0.48410076707017E+00
 0.48420729395389E+00
