 0.00000000000000E+00
 0.00000000000000E+00
 0.00000000000000E+00
 0.00000000000000E+00
 0.00000000000000E+00
 0.11498629553989E-71
 0.21761901503189E-61
 0.11104143271821E-53
 0.10975685217255E-47
 0.68610276521014E-43
 0.57591020526892E-39
 0.10723255159767E-35
 0.62694109975490E-33
 0.14752197652564E-30
 0.16759900630964E-28
 0.10538102695216E-26
 0.40705832275997E-25
 0.10477285349688E-23
 0.19158044537222E-22
 0.26197092056541E-21
 0.27923675098042E-20
 0.24003668217286E-19
 0.17113637340659E-18
 0.10359431889285E-17
 0.54297088761921E-17
 0.25055090121278E-16
 0.10323590015623E-15
 0.38447241273585E-15
 0.13077678893036E-14
 0.40999494299143E-14
 0.11940814468147E-13
 0.32530420287505E-13
 0.83406136699805E-13
 0.20233622307659E-12
 0.46664930918235E-12
 0.10274861850467E-11
 0.21679891539960E-11
 0.43985420750742E-11
 0.86067279019666E-11
 0.16286202772282E-10
 0.29876615925050E-10
 0.53251532524003E-10
 0.92405211012719E-10
 0.15639184418617E-09
 0.25859502508276E-09
 0.41838032877019E-09
 0.66324260181234E-09
 0.10315100961685E-08
 0.15757721167548E-08
 0.23669900915630E-08
 0.34995677147666E-08
 0.50973681991506E-08
 0.73208224474039E-08
 0.10375112642835E-07
 0.14520117854331E-07
 0.20080824830646E-07
 0.27459983638755E-07
 0.37151880484317E-07
 0.49757710008082E-07
 0.66001918250804E-07
 0.86752909344607E-07
 0.11304017168556E-06
 0.14607780618830E-06
 0.18728737633432E-06
 0.23832268689628E-06
 0.30109604009986E-06
 0.37780593124315E-06
 0.47096230084826E-06
 0.58343102941751E-06
 0.71844572964411E-06
 0.87965284822984E-06
 0.10711427462584E-05
 0.12974846173425E-05
 0.15637625019560E-05
 0.18756123008388E-05
 0.22392597596585E-05
 0.26615404244065E-05
 0.31500120474771E-05
 0.37128928989651E-05
 0.43591693069285E-05
 0.50986243793273E-05
 0.59418829471110E-05
 0.69004590739424E-05
 0.79868181438708E-05
 0.92143817306527E-05
 0.10597578248855E-04
 0.12152122800862E-04
 0.13894712463036E-04
 0.15843331308083E-04
 0.18017267112981E-04
 0.20437186536149E-04
 0.23125221968686E-04
 0.26105063138576E-04
 0.29401884699612E-04
 0.33043134984429E-04
 0.37057692395188E-04
 0.41476627283469E-04
 0.46333218372644E-04
 0.51663124944392E-04
 0.57504595092226E-04
 0.63898343623062E-04
 0.70889166597066E-04
 0.78524286556179E-04
 0.86854950526454E-04
 0.95936522120946E-04
 0.10582893014644E-03
 0.11659660632053E-03
 0.12831135065686E-03
 0.14104975541330E-03
 0.15489611137034E-03
 0.16994291649514E-03
 0.18629105852643E-03
 0.20405516997390E-03
 0.22335794874925E-03
 0.24433847944217E-03
 0.26715163349873E-03
 0.29196991106299E-03
 0.31899175320002E-03
 0.34843819989583E-03
 0.38056089192165E-03
 0.41565257068358E-03
 0.45404680041743E-03
 0.49613165492586E-03
 0.54235912325584E-03
 0.59326833257994E-03
 0.64949026649323E-03
 0.71179589641764E-03
 0.78109992824062E-03
 0.85854368854945E-03
 0.94553091163814E-03
 0.10438434878793E-02
 0.11557545654551E-02
 0.12842513457733E-02
 0.14333402732665E-02
 0.16085129752280E-02
 0.18176357407386E-02
 0.20724455106064E-02
 0.23914432093129E-02
 0.28063301321974E-02
 0.33780798264585E-02
 0.42493017874836E-02
 0.59306969108133E-02
 0.14614575198568E+00
 0.16216979444545E+00
 0.17617512642067E+00
 0.18874904113196E+00
 0.20022212505422E+00
 0.21080484025956E+00
 0.22064468778808E+00
 0.22984137773977E+00
 0.23847775295132E+00
 0.24661312980454E+00
 0.25429699764406E+00
 0.26157003944653E+00
 0.26846633079651E+00
 0.27501489116942E+00
 0.28124078492183E+00
 0.28716576730139E+00
 0.29280972855111E+00
 0.29818989242649E+00
 0.30332201352218E+00
 0.30822059767371E+00
 0.31289941959125E+00
 0.31737081633082E+00
 0.32164652036593E+00
 0.32573744487793E+00
 0.32965627063849E+00
 0.33340812557736E+00
 0.33700435342464E+00
 0.34045354717547E+00
 0.34376379330937E+00
 0.34694269065802E+00
 0.34999739334203E+00
 0.35293462412470E+00
 0.35576070190326E+00
 0.35848158789977E+00
 0.36110279889724E+00
 0.36362959243043E+00
 0.36606912363838E+00
 0.36842158646790E+00
 0.37069345014805E+00
 0.37288878520068E+00
 0.37501139751560E+00
 0.37706485724063E+00
 0.37905251600077E+00
 0.38097752155804E+00
 0.38284282967613E+00
 0.38465121821930E+00
 0.38640529817444E+00
 0.38810752563267E+00
 0.38976224095951E+00
 0.39136762663124E+00
 0.39292767035658E+00
 0.39444433002296E+00
 0.39591942923970E+00
 0.39735468891736E+00
 0.39875173410196E+00
 0.40011210128324E+00
 0.40143724395193E+00
 0.40273744044030E+00
 0.40399631729968E+00
 0.40522388102745E+00
 0.40642130243161E+00
 0.40758969305191E+00
 0.40873010859428E+00
 0.40984355542990E+00
 0.41093098174984E+00
 0.41199329893042E+00
 0.41303137176839E+00
 0.41404602469077E+00
 0.41503804364159E+00
 0.41600817881501E+00
 0.41695714601816E+00
 0.41788562956846E+00
 0.41879428331180E+00
 0.41968373277963E+00
 0.42055457668097E+00
 0.42140738812088E+00
 0.42224271639648E+00
 0.42306108785840E+00
 0.42386300745326E+00
 0.42464895977950E+00
 0.42541940997047E+00
 0.42617480484937E+00
 0.42691557381599E+00
 0.42764212977998E+00
 0.42835486984736E+00
 0.42905417613747E+00
 0.42974041656260E+00
 0.43041394558750E+00
 0.43107510452902E+00
 0.43172422261047E+00
 0.43236161703017E+00
 0.43298759448691E+00
 0.43360244968015E+00
 0.43420646848550E+00
 0.43479992628352E+00
 0.43538308921615E+00
 0.43595621443256E+00
 0.43651955062411E+00
 0.43707333835055E+00
 0.43761781020305E+00
 0.43815319127330E+00
 0.43867969946040E+00
 0.43919754581825E+00
 0.43970693469989E+00
 0.44020806402294E+00
 0.44070112570330E+00
 0.44118630576075E+00
 0.44166378449406E+00
 0.44213373677843E+00
 0.44259633235878E+00
 0.44305173584657E+00
 0.44350010705711E+00
 0.44394160113285E+00
 0.44437636876403E+00
 0.44480455625407E+00
 0.44522630576534E+00
 0.44564175547250E+00
 0.44605103962374E+00
 0.44645428874691E+00
 0.44685162976723E+00
 0.44724318734595E+00
 0.44762907792364E+00
 0.44800942309745E+00
 0.44838433305043E+00
 0.44875391948187E+00
 0.44911829016823E+00
 0.44947754999160E+00
 0.44983180108730E+00
 0.45018114294659E+00
 0.45052567247813E+00
 0.45086548412772E+00
 0.45120066991198E+00
 0.45153131950722E+00
 0.45185752038474E+00
 0.45217935778869E+00
 0.45249691487085E+00
 0.45281027270465E+00
 0.45311951038092E+00
 0.45342470508594E+00
 0.45372593210697E+00
 0.45402326493739E+00
 0.45431677529544E+00
 0.45460653319699E+00
 0.45489260700703E+00
 0.45517506347828E+00
 0.45545396778187E+00
 0.45572938361287E+00
 0.45600137315388E+00
 0.45626999716815E+00
 0.45653531504585E+00
 0.45679738480247E+00
 0.45705626315915E+00
 0.45731200554335E+00
 0.45756466615644E+00
 0.45781429797353E+00
 0.45806095282429E+00
 0.45830468138059E+00
 0.45854553332046E+00
