 0.00000000000000E+00
 0.00000000000000E+00
 0.00000000000000E+00
 0.00000000000000E+00
 0.00000000000000E+00
 0.10476479340700E-23
 0.27918941374883E-20
 0.10355276164105E-17
 0.10315189583894E-15
 0.40938292364190E-14
 0.83199029073127E-13
 0.10235495697004E-11
 0.85587218761374E-11
 0.52838714205973E-10
 0.25591189909740E-09
 0.10176243141837E-08
 0.34399506442328E-08
 0.10156628939290E-07
 0.26757798640071E-07
 0.63985907564315E-07
 0.14081777055831E-06
 0.28846452589215E-06
 0.55519711458880E-06
 0.10118392927497E-05
 0.17576190521481E-05
 0.29261553933260E-05
 0.46911020317789E-05
 0.72714089389633E-05
 0.10935504087896E-04
 0.16004884674496E-04
 0.22856061210585E-04
 0.31921456178279E-04
 0.43689830569450E-04
 0.58703732783074E-04
 0.77558581562737E-04
 0.10089775632624E-03
 0.12940850798098E-03
 0.16381931233710E-03
 0.20489138527648E-03
 0.25341357508006E-03
 0.31020042998309E-03
 0.37608037965194E-03
 0.45189325106657E-03
 0.53848148819086E-03
 0.63669306804957E-03
 0.74736436784559E-03
 0.87132243413054E-03
 0.10093750691703E-02
 0.11623209191753E-02
 0.13309255071911E-02
 0.15159304428444E-02
 0.17180477185707E-02
 0.19379571271290E-02
 0.21762966394448E-02
 0.24336894331968E-02
 0.27107013851286E-02
 0.30078660641232E-02
 0.33256780832654E-02
 0.36645925960558E-02
 0.40250130594307E-02
 0.44073382457842E-02
 0.48118948557350E-02
 0.52389814271189E-02
 0.56888589762744E-02
 0.61617518389424E-02
 0.66578487195459E-02
 0.71773040063189E-02
 0.77202184997409E-02
 0.82867210660256E-02
 0.88768533531082E-02
 0.94906468311639E-02
 0.10128106631740E-01
 0.10789213088444E-01
 0.11473923625093E-01
 0.12182174639745E-01
 0.12913883365876E-01
 0.13668917643848E-01
 0.14447224220038E-01
 0.15248645392405E-01
 0.16073041643494E-01
 0.16920264771992E-01
 0.17790159364094E-01
 0.18682565288731E-01
 0.19597330046301E-01
 0.20534272058145E-01
 0.21493192556051E-01
 0.22474021077978E-01
 0.23476564118643E-01
 0.24500677863077E-01
 0.25546230166673E-01
 0.26613101562794E-01
 0.27701188712416E-01
 0.28810406242157E-01
 0.29940631809828E-01
 0.31091936262081E-01
 0.32264252369628E-01
 0.33457595638882E-01
 0.34672015899524E-01
 0.35907598708644E-01
 0.37164470471594E-01
 0.38442734402951E-01
 0.39742741166337E-01
 0.41064701754891E-01
 0.42408949212829E-01
 0.43775882063332E-01
 0.45165970335217E-01
 0.46579688841166E-01
 0.48017818039480E-01
 0.49481021732989E-01
 0.50970137877767E-01
 0.52486128146645E-01
 0.54030004370576E-01
 0.55603215860552E-01
 0.57206998100078E-01
 0.58842991749912E-01
 0.60513006313370E-01
 0.62219005601769E-01
 0.63963486527029E-01
 0.65749017495933E-01
 0.67578531775180E-01
 0.69455625871631E-01
 0.71384188314992E-01
 0.73368746108444E-01
 0.75414458480175E-01
 0.77527601133130E-01
 0.79715095016995E-01
 0.81985626678968E-01
 0.84348766762569E-01
 0.86816668445318E-01
 0.89403558212745E-01
 0.92127222908103E-01
 0.95009421397234E-01
 0.98078018283542E-01
 0.10136906602157E+00
 0.10492968888760E+00
 0.10882499390767E+00
 0.11314776203824E+00
 0.11803672156949E+00
 0.12371735486591E+00
 0.13059728534542E+00
 0.13956422581002E+00
 0.15352441719615E+00
 0.35700541305521E+00
 0.36647003985250E+00
 0.37421887571620E+00
 0.38082380862072E+00
 0.38659789715550E+00
 0.39173454657658E+00
 0.39636414067505E+00
 0.40057519648667E+00
 0.40443621642735E+00
 0.40799680741127E+00
 0.41129652844298E+00
 0.41436696800282E+00
 0.41723382297760E+00
 0.41991833996763E+00
 0.42243833276782E+00
 0.42480885705648E+00
 0.42704309226539E+00
 0.42915224981423E+00
 0.43114622726908E+00
 0.43303382828802E+00
 0.43482306742220E+00
 0.43652098470375E+00
 0.43813403562669E+00
 0.43966806536865E+00
 0.44112931890041E+00
 0.44252100873355E+00
 0.44384848173414E+00
 0.44511589844380E+00
 0.44632709526348E+00
 0.44748561112937E+00
 0.44859472000394E+00
 0.44965745004887E+00
 0.45067660587500E+00
 0.45165479569996E+00
 0.45259440926528E+00
 0.45349769220603E+00
 0.45436752049643E+00
 0.45520424973969E+00
 0.45601043975280E+00
 0.45678776412957E+00
 0.45753777594818E+00
 0.45826192133980E+00
 0.45896154845746E+00
 0.45963791516062E+00
 0.46029219539271E+00
 0.46092548606380E+00
 0.46153881260842E+00
 0.46213313466833E+00
 0.46271005789262E+00
 0.46326903212658E+00
 0.46381152344820E+00
 0.46433828232952E+00
 0.46485000582822E+00
 0.46534734929202E+00
 0.46583092936008E+00
 0.46630132705600E+00
 0.46675909021045E+00
 0.46720780670401E+00
 0.46764186428292E+00
 0.46806475282248E+00
 0.46847690843655E+00
 0.46887874404832E+00
 0.46927065083122E+00
 0.46965300067530E+00
 0.47002614336189E+00
 0.47039041409010E+00
 0.47074613029425E+00
 0.47109359393068E+00
 0.47143309226537E+00
 0.47176489893792E+00
 0.47208927454460E+00
 0.47240646773519E+00
 0.47271671565761E+00
 0.47302024478297E+00
 0.47331727149539E+00
 0.47360800258150E+00
 0.47389263591029E+00
 0.47417136078860E+00
 0.47444435854325E+00
 0.47471180293264E+00
 0.47497386049509E+00
 0.47523069098591E+00
 0.47548244771941E+00
 0.47572927792352E+00
 0.47597132300751E+00
 0.47620871887133E+00
 0.47644159619978E+00
 0.47667008074741E+00
 0.47689429346545E+00
 0.47711435088270E+00
 0.47733036515051E+00
 0.47754244457974E+00
 0.47775069315136E+00
 0.47795521160946E+00
 0.47815609691124E+00
 0.47835344266749E+00
 0.47854733923978E+00
 0.47873787393448E+00
 0.47892513112518E+00
 0.47910919231917E+00
 0.47929013632666E+00
 0.47946803937436E+00
 0.47964297523208E+00
 0.47981501527019E+00
 0.47998422855732E+00
 0.48015068201445E+00
 0.48031444045760E+00
 0.48047556666361E+00
 0.48063412147680E+00
 0.48079016391378E+00
 0.48094375116782E+00
 0.48109493872788E+00
 0.48124378042497E+00
 0.48139032851116E+00
 0.48153463368591E+00
 0.48167674518295E+00
 0.48181671082577E+00
 0.48195457705184E+00
 0.48209038898547E+00
 0.48222419048059E+00
 0.48235602457451E+00
 0.48248593148531E+00
 0.48261395311812E+00
 0.48274012748923E+00
 0.48286449308121E+00
 0.48298708701426E+00
 0.48310794539454E+00
 0.48322710336588E+00
 0.48334459514623E+00
 0.48346045405016E+00
 0.48357471253088E+00
 0.48368740219314E+00
 0.48379855382470E+00
 0.48390819744327E+00
 0.48401636229047E+00
 0.48412307687843E+00
 0.48422836899577E+00
 0.48433226574094E+00
 0.48443479354962E+00
 0.48453597819763E+00
 0.48463584483725E+00
 0.48473441800450E+00
 0.48483172164451E+00
 0.48492777912970E+00
 0.48502261327355E+00
 0.48511624634171E+00
 0.48520870008818E+00
 0.48529999574385E+00
 0.48539015404838E+00
 0.48547919526642E+00
 0.48556713918772E+00
 0.48565400515462E+00
 0.48573981206290E+00
 0.48582457838498E+00
 0.48590832217037E+00
 0.48599106107328E+00
 0.48607281234897E+00
 0.48615359290914E+00
