                  NaN
                  NaN
                  NaN
                  NaN
                  NaN
 0.91110679158642E+38
 0.12829274934246E+32
 0.93255968055115E+26
 0.93982193525379E+22
 0.59667873366225E+19
 0.14446528195333E+17
 0.95451387486305E+14
 0.13651556731534E+13
 0.35817520999735E+11
 0.15269297146396E+10
 0.96566181868507E+08
 0.84507573985844E+07
 0.96939612911801E+06
 0.13966974903792E+06
 0.24425818053510E+05
 0.50439548199852E+04
 0.12027529019640E+04
 0.32541849484260E+03
 0.98673539295844E+02
 0.33370581616687E+02
 0.12678988602763E+02
 0.55441247735956E+01
 0.28913106421321E+01
 0.18362235443796E+01
 0.13903866047935E+01
 0.11914243692090E+01
 0.10981374154502E+01
 0.10523889005086E+01
 0.10290180730225E+01
 0.24428510030963E+04
 0.14438323005876E+04
 0.14583222173791E+04
 0.91039181991615E+03
 0.92157877573285E+03
 0.74648417620529E+03
 0.61153118821361E+03
 0.50628193880994E+03
 0.42328142082479E+03
 0.35714878395288E+03
 0.30394343880550E+03
 0.26075031906433E+03
 0.22538541431592E+03
 0.19619975031215E+03
 0.17193295458621E+03
 0.15161149341128E+03
 0.13448282154531E+03
 0.11995329945483E+03
 0.10755703238555E+03
 0.96920188801881E+02
 0.87746208079537E+02
 0.79792081679583E+02
 0.72865050747661E+02
 0.66804818540790E+02
 0.61479203509585E+02
 0.56781576643971E+02
 0.52621154734452E+02
 0.48923581762417E+02
 0.45625651509285E+02
 0.42674141278693E+02
 0.40024866727358E+02
 0.37639184190259E+02
 0.35485026786170E+02
 0.33535053354651E+02
 0.31764344305777E+02
 0.30153056894889E+02
 0.28683189640852E+02
 0.27339350054220E+02
 0.26107995254551E+02
 0.24977387180125E+02
 0.23937258699744E+02
 0.22978492963214E+02
 0.22093293643741E+02
 0.21274351048455E+02
 0.20515498737230E+02
 0.19811219223384E+02
 0.19156665618999E+02
 0.18547360610375E+02
 0.17979379087541E+02
 0.17452014073374E+02
 0.16956563287215E+02
 0.16492989256054E+02
 0.16058552454720E+02
 0.15651029644614E+02
 0.15268271735686E+02
 0.14908412083275E+02
 0.14569692314235E+02
 0.14250547894565E+02
 0.13949523683628E+02
 0.13665314008845E+02
 0.13396657321281E+02
 0.13142477066679E+02
 0.12901737498420E+02
 0.12673514435940E+02
 0.12456922618758E+02
 0.12251153391084E+02
 0.12055486512594E+02
 0.11869162478100E+02
 0.11691557460562E+02
 0.11522059445937E+02
 0.11360094961268E+02
 0.11205120874444E+02
 0.11056660341467E+02
 0.10914162728088E+02
 0.10777195286906E+02
 0.10645301831996E+02
 0.10518069306827E+02
 0.10395105384191E+02
 0.10276160518766E+02
 0.10160474878263E+02
 0.10047843377209E+02
 0.99378794578321E+01
 0.98302172452937E+01
 0.97244218777529E+01
 0.96201179852265E+01
 0.95169169204240E+01
 0.94143432437026E+01
 0.93119951128442E+01
 0.92093843014756E+01
 0.91060344706568E+01
 0.90013737236037E+01
 0.88948229101542E+01
 0.87857897008619E+01
 0.86734430118427E+01
 0.85569964793865E+01
 0.84355226434599E+01
 0.83078973757441E+01
 0.81728385699099E+01
 0.80287744934208E+01
 0.78737983616071E+01
 0.77053949122364E+01
 0.75203927534152E+01
 0.73144616469355E+01
 0.70813246558413E+01
 0.68113613546198E+01
 0.64879553481013E+01
 0.60766563921341E+01
 0.54707209324172E+01
 0.16141570121398E+01
 0.15570527508867E+01
 0.15136042045578E+01
 0.14787203700800E+01
 0.14497248623304E+01
 0.14250252392086E+01
 0.14035891093369E+01
 0.13847297203918E+01
 0.13679375822931E+01
 0.13528508477438E+01
 0.13391898882310E+01
 0.13267373945717E+01
 0.13153212482525E+01
 0.13048029133503E+01
 0.12950693355588E+01
 0.12860272395694E+01
 0.12775982343480E+01
 0.12697165648156E+01
 0.12623260535849E+01
 0.12553783149321E+01
 0.12488311616861E+01
 0.12426480487516E+01
 0.12367967150644E+01
 0.12312488537344E+01
 0.12259747294195E+01
 0.12209607003505E+01
 0.12161824674456E+01
 0.12116221001999E+01
 0.12072635075977E+01
 0.12030922080100E+01
 0.11990951303681E+01
 0.11952604507814E+01
 0.11915774476942E+01
 0.11880363297908E+01
 0.11846283203910E+01
 0.11813452709089E+01
 0.11781758063000E+01
 0.11751209442362E+01
 0.11721706334208E+01
 0.11693191048848E+01
 0.11665610637487E+01
 0.11638916190621E+01
 0.11613062439410E+01
 0.11588007408014E+01
 0.11563712113285E+01
 0.11540140285220E+01
 0.11517258127387E+01
 0.11495034096247E+01
 0.11473404555116E+01
 0.11452409230359E+01
 0.11431989524570E+01
 0.11412120727006E+01
 0.11392780004384E+01
 0.11373945868082E+01
 0.11355598079472E+01
 0.11337717539098E+01
 0.11320286207199E+01
 0.11303140978010E+01
 0.11286556049379E+01
 0.11270371863565E+01
 0.11254573920085E+01
 0.11239148448932E+01
 0.11224082368754E+01
 0.11209363190673E+01
 0.11194979169468E+01
 0.11180918975812E+01
 0.11167171854051E+01
 0.11153727543259E+01
 0.11140576245664E+01
 0.11127708599840E+01
 0.11115115655807E+01
 0.11102788849461E+01
 0.11090719982142E+01
 0.11078901199722E+01
 0.11067324972927E+01
 0.11055984081337E+01
 0.11044871595244E+01
 0.11033980861333E+01
 0.11023305487820E+01
 0.11012839331073E+01
 0.11002576483308E+01
 0.10992511260811E+01
 0.10982638192721E+01
 0.10972952010629E+01
 0.10963447639319E+01
 0.10954120186874E+01
 0.10944964937792E+01
 0.10935977341996E+01
 0.10927153010400E+01
 0.10918487705173E+01
 0.10909977337202E+01
 0.10901617945940E+01
 0.10893405723940E+01
 0.10885336968860E+01
 0.10877408113350E+01
 0.10869615704175E+01
 0.10861956400004E+01
 0.10854426966792E+01
 0.10847024273097E+01
 0.10839745286882E+01
 0.10832587070729E+01
 0.10825546778750E+01
 0.10818621651892E+01
 0.10811809015615E+01
 0.10805106277058E+01
 0.10798510919930E+01
 0.10792020503725E+01
 0.10785632659948E+01
 0.10779345089791E+01
 0.10773155560599E+01
 0.10767061905066E+01
 0.10761062017436E+01
 0.10755153852300E+01
 0.10749335421828E+01
 0.10743604794017E+01
 0.10737960090761E+01
 0.10732399485696E+01
 0.10726921203007E+01
 0.10721523515036E+01
 0.10716204740993E+01
 0.10710963227058E+01
 0.10705797435992E+01
 0.10700705746561E+01
 0.10695686702789E+01
 0.10690738820081E+01
 0.10685860666617E+01
 0.10681050848952E+01
 0.10676308009181E+01
 0.10671630824400E+01
 0.10667018005199E+01
 0.10662468294795E+01
 0.10657980468019E+01
 0.10653553330583E+01
 0.10649185717160E+01
 0.10644876491719E+01
 0.10640624545854E+01
 0.10636428798375E+01
 0.10632288194423E+01
 0.10628201704181E+01
 0.10624168322817E+01
 0.10620187069393E+01
 0.10616256986209E+01
 0.10612377138305E+01
 0.10608546612446E+01
 0.10604764516737E+01
 0.10601029980246E+01
 0.10597342151683E+01
 0.10593700199702E+01
 0.10590103311860E+01
 0.10586550693919E+01
 0.10583041569890E+01
 0.10579575181018E+01
 0.10576150785721E+01
 0.10572767658675E+01
 0.10569425090990E+01
 0.10566122388818E+01
 0.10562858873967E+01
 0.10559633858989E+01
