                  NaN
                  NaN
                  NaN
                  NaN
                  NaN
 0.10000000133514E-09
 0.10000000133514E-09
 0.10000000133514E-09
 0.10000000133514E-09
 0.10000000133514E-09
 0.10000000133517E-09
 0.10000000133545E-09
 0.10000000133778E-09
 0.10000000135379E-09
 0.10000000147741E-09
 0.10000000267599E-09
 0.10000001420039E-09
 0.10000010753925E-09
 0.10000072534233E-09
 0.10000411472807E-09
 0.10001987323337E-09
 0.10008329972925E-09
 0.10030841224389E-09
 0.10102412674963E-09
 0.10308976964398E-09
 0.10856333973700E-09
 0.12200815665558E-09
 0.15287672415078E-09
 0.21959245496336E-09
 0.35617343602404E-09
 0.62244221410143E-09
 0.11190865309690E-08
 0.20090646119043E-08
 0.35467528298805E-08
 0.14697983254222E-04
 0.14703178706782E-04
 0.24431366991527E-04
 0.24443984458100E-04
 0.38712109600202E-04
 0.47974512242046E-04
 0.58898959093783E-04
 0.71687571565962E-04
 0.86554532329840E-04
 0.10372716276450E-03
 0.12344764710950E-03
 0.14597003671923E-03
 0.17156129894740E-03
 0.20050230037788E-03
 0.23309152517055E-03
 0.26963410103166E-03
 0.31045734498717E-03
 0.35589589707840E-03
 0.40630720155860E-03
 0.46205000640028E-03
 0.52352007828376E-03
 0.59109823895422E-03
 0.66521349644970E-03
 0.74629130422839E-03
 0.83476247347391E-03
 0.93110082488458E-03
 0.10357812384046E-02
 0.11493040159232E-02
 0.12721738320904E-02
 0.14049087858811E-02
 0.15480717222080E-02
 0.17022028870985E-02
 0.18678954630226E-02
 0.20457641046695E-02
 0.22363856523506E-02
 0.24404295193481E-02
 0.26585384445074E-02
 0.28913939754765E-02
 0.31396842341275E-02
 0.34041277199802E-02
 0.36854681691331E-02
 0.39844571282165E-02
 0.43018910255534E-02
 0.46385700868365E-02
 0.49953191001561E-02
 0.53730003745970E-02
 0.57725244650619E-02
 0.61947868745424E-02
 0.66407352336837E-02
 0.71125026888354E-02
 0.76089498827104E-02
 0.81321443402487E-02
 0.86831591354632E-02
 0.92631338880498E-02
 0.98732079562121E-02
 0.10514617655218E-01
 0.11188606442498E-01
 0.11896496091140E-01
 0.12639641157900E-01
 0.13419422456548E-01
 0.14237375005400E-01
 0.15095030464933E-01
 0.15993993211791E-01
 0.16935984155376E-01
 0.17922767682056E-01
 0.18956212915922E-01
 0.20038262930272E-01
 0.21171036812889E-01
 0.22356699771035E-01
 0.23597564233848E-01
 0.24896083189621E-01
 0.26254853942093E-01
 0.27676635570705E-01
 0.29164402259561E-01
 0.30721288809726E-01
 0.32350625813373E-01
 0.34056072280774E-01
 0.35841477491522E-01
 0.37711913760431E-01
 0.39670370802483E-01
 0.41722466846935E-01
 0.43873555329983E-01
 0.46129436288463E-01
 0.48496580659814E-01
 0.50982002792135E-01
 0.53593445972305E-01
 0.56339510607461E-01
 0.59229945542460E-01
 0.62275387228043E-01
 0.65487984285417E-01
 0.68881661522856E-01
 0.72471856191032E-01
 0.76277871002311E-01
 0.80319202925868E-01
 0.84621484006202E-01
 0.89213981799640E-01
 0.94132269484451E-01
 0.99419566512340E-01
 0.10513022824622E+00
 0.11133408581342E+00
 0.11811935999223E+00
 0.12560841183779E+00
 0.13397369006354E+00
 0.14346879120310E+00
 0.15450482781071E+00
 0.16781995903219E+00
 0.18501551324598E+00
 0.21133568409744E+00
 0.66078043003132E+00
 0.68902474170512E+00
 0.71257606014256E+00
 0.73290336800573E+00
 0.75082403400393E+00
 0.76685148282803E+00
 0.78133829232115E+00
 0.79452794262723E+00
 0.80661095013858E+00
 0.81772890292379E+00
 0.82799621271211E+00
 0.83750583282730E+00
 0.84633471662720E+00
 0.85454765143202E+00
 0.86219996673675E+00
 0.86933921665464E+00
 0.87600806329006E+00
 0.88224318068561E+00
 0.88807753861175E+00
 0.89354094128097E+00
 0.89866103004984E+00
 0.90346223770172E+00
 0.90796725990819E+00
 0.91219692130255E+00
 0.91617183415714E+00
 0.91990710152384E+00
 0.92342049810909E+00
 0.92672727101282E+00
 0.92984156081936E+00
 0.93277646783600E+00
 0.93554415886631E+00
 0.93815591820351E+00
 0.94062221920919E+00
 0.94295279058417E+00
 0.94515662011943E+00
 0.94724208471839E+00
 0.94921790279586E+00
 0.95108936881573E+00
 0.95286409780559E+00
 0.95454829304216E+00
 0.95614770583064E+00
 0.95766767158424E+00
 0.95911314377580E+00
 0.96048872307645E+00
 0.96179868164683E+00
 0.96304698988093E+00
 0.96423733807212E+00
 0.96537315883209E+00
 0.96645832407539E+00
 0.96749445977879E+00
 0.96848499537803E+00
 0.96943252055849E+00
 0.97033944288172E+00
 0.97120800817939E+00
 0.97204031346198E+00
 0.97283831829615E+00
 0.97360385498136E+00
 0.97434118203924E+00
 0.97504680979268E+00
 0.97572479013573E+00
 0.97637653180793E+00
 0.97700335632891E+00
 0.97760650433306E+00
 0.97818714190365E+00
 0.97874636246276E+00
 0.97928519713337E+00
 0.97980461502020E+00
 0.98030552936149E+00
 0.98078880034105E+00
 0.98125523951126E+00
 0.98170561192639E+00
 0.98214064057298E+00
 0.98256100799643E+00
 0.98296735961676E+00
 0.98336030592648E+00
 0.98374042444956E+00
 0.98410826234257E+00
 0.98446433771131E+00
 0.98480914189594E+00
 0.98514314101063E+00
 0.98546677722534E+00
 0.98578047046197E+00
 0.98608461964206E+00
 0.98637960402201E+00
 0.98666578417894E+00
 0.98694350309870E+00
 0.98721308742693E+00
 0.98747484827318E+00
 0.98772908183357E+00
 0.98797607070020E+00
 0.98821608421828E+00
 0.98844937952724E+00
 0.98867620182895E+00
 0.98889678545559E+00
 0.98911135430286E+00
 0.98932012226906E+00
 0.98952329376647E+00
 0.98972106444933E+00
 0.98991362158709E+00
 0.99010114430117E+00
 0.99028380411958E+00
 0.99046176541679E+00
 0.99063518575415E+00
 0.99080421610810E+00
 0.99096900122785E+00
 0.99112968003439E+00
 0.99128638589268E+00
 0.99143924671006E+00
 0.99158838534591E+00
 0.99173391989496E+00
 0.99187596375329E+00
 0.99201462592824E+00
 0.99215001124873E+00
 0.99228222057386E+00
 0.99241135084973E+00
 0.99253749542117E+00
 0.99266074417401E+00
 0.99278118361939E+00
 0.99289889708482E+00
 0.99301396486556E+00
 0.99312646451140E+00
 0.99323647011998E+00
 0.99334405424432E+00
 0.99344928578644E+00
 0.99355223181868E+00
 0.99365295690093E+00
 0.99375152337883E+00
 0.99384799140631E+00
 0.99394241910975E+00
 0.99403486259708E+00
 0.99412537611180E+00
 0.99421401204054E+00
 0.99430082102758E+00
 0.99438585204721E+00
 0.99446915244507E+00
 0.99455076802853E+00
 0.99463074309012E+00
 0.99470912050748E+00
 0.99478594177784E+00
 0.99486124705591E+00
 0.99493507524414E+00
 0.99500746399185E+00
 0.99507844978869E+00
 0.99514806797658E+00
 0.99521635280037E+00
 0.99528333744497E+00
 0.99534905409636E+00
 0.99541353394004E+00
 0.99547680722655E+00
 0.99553890329839E+00
 0.99559985061358E+00
 0.99565967679152E+00
 0.99571840862832E+00
 0.99577607213143E+00
 0.99583269255443E+00
 0.99588829440432E+00
 0.99594290149810E+00
 0.99599653487367E+00
