-0.00000000000000E+00
-0.67335284715545E-06
 0.13130380519531E-04
 0.27674802018089E-03
 0.22129741321764E-02
 0.10514404708332E-01
 0.35806884353185E-01
 0.97788003904574E-01
 0.23433857448492E+00
 0.53684368777520E+00
 0.12542213541069E+01
 0.30250309323174E+01
 0.72958770817978E+01
 0.16963246666314E+02
 0.37243640553834E+02
 0.76745179658425E+02
-0.36507011157252E+03
-0.24152984519189E+03
-0.63488057736917E+03
-0.95216486720123E+03
-0.17656260935160E+04
-0.24357973838196E+04
-0.35910258610147E+04
-0.46235903947717E+04
-0.62216901750610E+04
-0.77244027199835E+04
-0.98558037729886E+04
-0.11870582935225E+05
-0.14514197130490E+05
-0.16975180435193E+05
-0.19509298879332E+05
-0.22668597609688E+05
-0.25405601100409E+05
-0.28527764428651E+05
-0.31037887410450E+05
-0.33195594432394E+05
-0.35427031726251E+05
-0.36603126784991E+05
-0.36969434925129E+05
-0.36874780465998E+05
-0.35153047928928E+05
-0.32006984952078E+05
-0.27216675167238E+05
-0.21052397538577E+05
-0.12254790627579E+05
-0.99116244849775E+03
 0.13021072218391E+05
 0.29587157097963E+05
 0.49994233585912E+05
 0.74127734206829E+05
 0.10232174582310E+06
 0.13493058768533E+06
 0.17231751238703E+06
 0.21433242094250E+06
 0.26235872054025E+06
 0.31630358251167E+06
 0.37654640296226E+06
 0.44347820180321E+06
 0.51749243992082E+06
 0.59847771056401E+06
 0.68781133918864E+06
 0.78541474631669E+06
 0.89167207290285E+06
 0.10069692576546E+07
 0.11316871326746E+07
 0.12662001062215E+07
 0.14108746344147E+07
 0.15655590347436E+07
 0.17315938336286E+07
 0.19088329980295E+07
 0.20975938685865E+07
 0.22981834679335E+07
 0.25108933788073E+07
 0.27359977334266E+07
 0.29737520312483E+07
 0.32243922662597E+07
 0.34876206625820E+07
 0.37646308982678E+07
 0.40551035174095E+07
 0.43591769451599E+07
 0.46769648169052E+07
 0.50085540005928E+07
 0.53540001471412E+07
 0.57132590939634E+07
 0.60864419908861E+07
 0.64729312253909E+07
 0.68736535885721E+07
 0.72879924567684E+07
 0.77157824528123E+07
 0.81568122908165E+07
 0.86108268812797E+07
 0.90775191558616E+07
 0.95565310210039E+07
 0.10046933848397E+08
 0.10549258585345E+08
 0.11062475056446E+08
 0.11585975762226E+08
 0.12119076466201E+08
 0.12661018144594E+08
 0.13210954194265E+08
 0.13767428062433E+08
 0.14330404777624E+08
 0.14898243027276E+08
 0.15469669360058E+08
 0.16043278309552E+08
 0.16617519366373E+08
 0.17190158431945E+08
 0.17760311172924E+08
 0.18325396115954E+08
 0.18883105688552E+08
 0.19430865840432E+08
 0.19965317096087E+08
 0.20484083439193E+08
 0.20983523429734E+08
 0.21459532671435E+08
 0.21907701284253E+08
 0.22322535923643E+08
 0.22699502057392E+08
 0.23031793094369E+08
 0.23311736011070E+08
 0.23532205390969E+08
 0.23683348460239E+08
 0.23754493542758E+08
 0.23732646314642E+08
 0.23604456655031E+08
 0.23352059026639E+08
 0.22956083163195E+08
 0.22392450046680E+08
 0.21633359623137E+08
 0.20643238697619E+08
 0.19380645191734E+08
 0.17791542205241E+08
 0.15809186134468E+08
 0.13346041358649E+08
 0.10288064238023E+08
 0.64775090328078E+07
 0.16895331779120E+07
-0.44082433869727E+07
-0.12353587413148E+08
-0.23109022214118E+08
-0.38734756127055E+08
-0.65823874243024E+08
-0.31763050528820E+09
-0.31181620031723E+09
-0.30478213448716E+09
-0.29687587289289E+09
-0.28827423416326E+09
-0.27907774915687E+09
-0.26934741627662E+09
-0.25912078112905E+09
-0.24842245449400E+09
-0.23726707685875E+09
-0.22566332553087E+09
-0.21361537628775E+09
-0.20112404228953E+09
-0.18818752495157E+09
-0.17480192794615E+09
-0.16096162439787E+09
-0.14665947814556E+09
-0.13188709764665E+09
-0.11663492079303E+09
-0.10089233225537E+09
-0.84647810325865E+08
-0.67888926519573E+08
-0.50602463920080E+08
-0.32774464869595E+08
-0.14390478621778E+08
 0.45650683267079E+07
 0.24107794950481E+08
 0.44253980392418E+08
 0.65020334722326E+08
 0.86423968763006E+08
 0.10848230996371E+09
 0.13121308496930E+09
 0.15463426375191E+09
 0.17876402479774E+09
 0.20362072954852E+09
 0.22922287841139E+09
 0.25558896026086E+09
 0.28273795807964E+09
 0.31068854741953E+09
 0.33945959360328E+09
 0.36907001264418E+09
 0.39953876807398E+09
 0.43088485749641E+09
 0.46312730411721E+09
 0.49628515928486E+09
 0.53037749544634E+09
 0.56542340709873E+09
 0.60144200521191E+09
 0.63845232333944E+09
 0.67647371377372E+09
 0.71552525621110E+09
 0.75562614816078E+09
 0.79679561035977E+09
 0.83905290655439E+09
 0.88241731212005E+09
 0.92690814435222E+09
 0.97254475392223E+09
 0.10193464785260E+10
 0.10673328517817E+10
 0.11165232907853E+10
 0.11669373177665E+10
 0.12185944927598E+10
 0.12715144305989E+10
 0.13257167360751E+10
 0.13812212497179E+10
 0.14380476873747E+10
 0.14962158838658E+10
 0.15557457316543E+10
 0.16166571859451E+10
 0.16789702621013E+10
 0.17427050479959E+10
 0.18078816893747E+10
 0.18745204052473E+10
 0.19426414814956E+10
 0.20122652720485E+10
 0.20834122077352E+10
 0.21561027867952E+10
 0.22303575862590E+10
 0.23061972552101E+10
 0.23836425168765E+10
 0.24627141745062E+10
 0.25434331080610E+10
 0.26258202759948E+10
 0.27098967138642E+10
 0.27956835397981E+10
 0.28832019531594E+10
 0.29724732350700E+10
 0.30635187429668E+10
 0.31563599271171E+10
 0.32510183119432E+10
 0.33475154783412E+10
 0.34458732176876E+10
 0.35461131890695E+10
 0.36482573515979E+10
 0.37523276262790E+10
 0.38583460523478E+10
 0.39663347607622E+10
 0.40763159649840E+10
 0.41883119626169E+10
 0.43023451468347E+10
 0.44184379986064E+10
 0.45366130868619E+10
 0.46568930654033E+10
 0.47793006819622E+10
 0.49038587787693E+10
 0.50305902810085E+10
 0.51595182048917E+10
 0.52906656635169E+10
 0.54240558606815E+10
 0.55597120846429E+10
 0.56976577235654E+10
 0.58379162551137E+10
 0.59805112499637E+10
 0.61254663684265E+10
 0.62728053700473E+10
 0.64225521049397E+10
 0.65747305138658E+10
 0.67293646360666E+10
 0.68864786036596E+10
 0.70460966423251E+10
 0.72082430902319E+10
 0.73729423124347E+10
 0.75402188857357E+10
 0.77100973700096E+10
 0.78826024803469E+10
 0.80577590167477E+10
 0.82355918723224E+10
 0.84161260383012E+10
 0.85993865996861E+10
 0.87853987413502E+10
 0.89741877412367E+10
 0.91657789780291E+10
 0.93601979279667E+10
 0.95574701602222E+10
 0.97576213454563E+10
 0.99606772492624E+10
 0.10166663738837E+11
 0.10375606777583E+11
 0.10587532425458E+11
 0.10802466844425E+11
 0.11020436291419E+11
 0.11241467125640E+11
 0.11465585802696E+11
 0.11692818877725E+11
 0.11923193005491E+11
 0.12156734942130E+11
 0.12393471538309E+11
 0.12633429749523E+11
 0.12876636629245E+11
 0.13123119329174E+11
 0.13372905103714E+11
 0.13626021304963E+11
 0.13882495387476E+11
 0.14142354905141E+11
 0.14405627512987E+11
 0.14672340966283E+11
 0.14942523119574E+11
 0.15216202425146E+11
