 0.10184092023869E+00
 0.10184092023855E+00
 0.10184092023459E+00
 0.10184092020548E+00
 0.10184092009255E+00
 0.10184091978835E+00
 0.10184091913446E+00
 0.10184091792119E+00
 0.10184091587629E+00
 0.10184091261558E+00
 0.10184090750901E+00
 0.10184089940992E+00
 0.10184088621784E+00
 0.10184086428610E+00
 0.10184082772665E+00
 0.10184076768732E+00
 0.10184078465840E+00
 0.10184063599720E+00
 0.10184054421881E+00
 0.10184036050003E+00
 0.10184018950150E+00
 0.10183986700124E+00
 0.10183950557472E+00
 0.10183894447189E+00
 0.10183830693044E+00
 0.10183741905708E+00
 0.10183641159604E+00
 0.10183509276062E+00
 0.10183359963289E+00
 0.10183172841658E+00
 0.10182951187406E+00
 0.10182705015866E+00
 0.10182409422022E+00
 0.10182080570855E+00
 0.10181695167535E+00
 0.10181258083603E+00
 0.10180777910915E+00
 0.10180229696548E+00
 0.10179618623012E+00
 0.10178953016371E+00
 0.10178207922858E+00
 0.10177388935485E+00
 0.10176492707170E+00
 0.10175527026360E+00
 0.10174466375971E+00
 0.10173316955233E+00
 0.10172075386670E+00
 0.10170749101773E+00
 0.10169313210564E+00
 0.10167773930958E+00
 0.10166127855942E+00
 0.10164371348135E+00
 0.10162500763318E+00
 0.10160523924476E+00
 0.10158415010213E+00
 0.10156180802210E+00
 0.10153817730778E+00
 0.10151321985630E+00
 0.10148689679933E+00
 0.10145927971990E+00
 0.10143011099162E+00
 0.10139945199921E+00
 0.10136726010382E+00
 0.10133348949734E+00
 0.10129809206061E+00
 0.10126101750171E+00
 0.10122221259379E+00
 0.10118173319402E+00
 0.10113930101047E+00
 0.10109495847919E+00
 0.10104863936010E+00
 0.10100027177839E+00
 0.10094977912440E+00
 0.10089707941599E+00
 0.10084208489348E+00
 0.10078470181813E+00
 0.10072494236733E+00
 0.10066247806121E+00
 0.10059730125386E+00
 0.10052928918391E+00
 0.10045830917493E+00
 0.10038422001636E+00
 0.10030687013110E+00
 0.10022606974639E+00
 0.10014169500210E+00
 0.10005365041506E+00
 0.99961515934793E-01
 0.99865187230915E-01
 0.99764438956769E-01
 0.99659028207435E-01
 0.99548696837723E-01
 0.99433168235732E-01
 0.99312147796382E-01
 0.99185434726474E-01
 0.99052471032360E-01
 0.98913005724823E-01
 0.98766656603595E-01
 0.98613013180491E-01
 0.98451638707571E-01
 0.98282065631238E-01
 0.98103905701823E-01
 0.97916405823485E-01
 0.97719099435330E-01
 0.97511373007445E-01
 0.97292568066068E-01
 0.97061978137016E-01
 0.96818951292502E-01
 0.96562460230650E-01
 0.96291726999100E-01
 0.96005805028537E-01
 0.95703664819394E-01
 0.95384300295009E-01
 0.95046234065467E-01
 0.94688382573143E-01
 0.94309261615065E-01
 0.93907313795128E-01
 0.93480938313668E-01
 0.93028062917645E-01
 0.92546721445618E-01
 0.92034727198736E-01
 0.91489380334607E-01
 0.90907929738128E-01
 0.90287233860710E-01
 0.89623828612148E-01
 0.88913501975998E-01
 0.88151870679149E-01
 0.87333367838186E-01
 0.86452258587392E-01
 0.85501178820922E-01
 0.84471879980946E-01
 0.83354177174480E-01
 0.82136030045958E-01
 0.80802291430671E-01
 0.79333852186681E-01
 0.77706560185582E-01
 0.75887727112708E-01
 0.73832039778439E-01
 0.71473818266529E-01
 0.68709206881398E-01
 0.65356332873538E-01
 0.61032403456072E-01
 0.54532376919763E-01
 0.65689154443487E-02
 0.57652402024453E-02
 0.51573919746484E-02
 0.46727326134528E-02
 0.42729818094175E-02
 0.39353183439415E-02
 0.36449116526307E-02
 0.33918704383608E-02
 0.31688825366621E-02
 0.29707131339684E-02
 0.27933227535814E-02
 0.26335670139887E-02
 0.24889504526980E-02
 0.23574591273569E-02
 0.22374441300495E-02
 0.21275419951627E-02
 0.20265946958129E-02
 0.19336337811806E-02
 0.18478265496381E-02
 0.17684516864216E-02
 0.16948732955918E-02
 0.16265431097182E-02
 0.15629734082749E-02
 0.15037334541073E-02
 0.14483949448765E-02
 0.13966996446426E-02
 0.13482981198504E-02
 0.13029139442678E-02
 0.12602982823731E-02
 0.12202268341874E-02
 0.11824967766593E-02
 0.11469245652876E-02
 0.11133437789295E-02
 0.10816029128758E-02
 0.10515655302748E-02
 0.10231061749576E-02
 0.99607578804963E-03
 0.97043974053504E-03
 0.94606909965068E-03
 0.92287673116614E-03
 0.90078304899411E-03
 0.87971511069053E-03
 0.85960595794503E-03
 0.84039404930710E-03
 0.82202277979692E-03
 0.80444000697179E-03
 0.78759765673134E-03
 0.77145134497906E-03
 0.75593128296188E-03
 0.74105632909037E-03
 0.72676367617480E-03
 0.71302037300492E-03
 0.69979615657439E-03
 0.68706291008838E-03
 0.67479448327683E-03
 0.66296651650363E-03
 0.65155629803267E-03
 0.64042233145238E-03
 0.62978421794289E-03
 0.61950437179082E-03
 0.60956547216211E-03
 0.59995128720334E-03
 0.59064659493825E-03
 0.58163706738255E-03
 0.57290936051000E-03
 0.56445080810235E-03
 0.55624952963981E-03
 0.54829432925840E-03
 0.54057465381881E-03
 0.53308054174818E-03
 0.52580259132187E-03
 0.51873191051823E-03
 0.51186009250808E-03
 0.50517917758357E-03
 0.49868162472976E-03
 0.49236028761274E-03
 0.48620838403484E-03
 0.48021947808224E-03
 0.47438745427150E-03
 0.46870649851921E-03
 0.46317108183766E-03
 0.45777594108890E-03
 0.45251606358853E-03
 0.44738667153279E-03
 0.44238320989400E-03
 0.43750133300894E-03
 0.43273689194283E-03
 0.42808592238878E-03
 0.42354463855051E-03
 0.41910941783645E-03
 0.41477679804435E-03
 0.41054345662150E-03
 0.40640622765645E-03
 0.40236206100652E-03
 0.39840804169729E-03
 0.39454137313020E-03
 0.39075937293922E-03
 0.38705946538117E-03
 0.38343917640313E-03
 0.37989613080661E-03
 0.37642804571676E-03
 0.37303272612967E-03
 0.36970806002850E-03
 0.36645201605746E-03
 0.36326263976035E-03
 0.36013804780795E-03
 0.35707642630213E-03
 0.35407602826473E-03
 0.35113516966839E-03
 0.34825222555609E-03
 0.34542562982376E-03
 0.34265387086354E-03
 0.33993548985507E-03
 0.33726907789023E-03
 0.33465327502129E-03
 0.33208676712177E-03
 0.32956828389971E-03
 0.32709659805214E-03
 0.32467052266543E-03
 0.32228890971111E-03
 0.31995063363477E-03
 0.31765466410678E-03
 0.31539990252038E-03
 0.31318538447135E-03
 0.31101012173424E-03
 0.30887316872712E-03
 0.30677360995028E-03
 0.30471055819391E-03
 0.30268315330199E-03
 0.30069056144547E-03
 0.29873197368735E-03
 0.29680660560579E-03
 0.29491369624548E-03
 0.29305250650410E-03
 0.29122231944902E-03
 0.28942243871658E-03
 0.28765218839153E-03
 0.28591091188863E-03
 0.28419797105102E-03
 0.28251274614141E-03
 0.28085463461205E-03
 0.27922305093544E-03
 0.27761742577375E-03
 0.27603720540982E-03
 0.27448185133646E-03
 0.27295083994516E-03
 0.27144366129285E-03
 0.26995981961623E-03
 0.26849883225206E-03
 0.26706022913283E-03
 0.26564355287345E-03
 0.26424835784743E-03
 0.26287421024506E-03
 0.26152068730481E-03
 0.26018737738308E-03
 0.25887387901892E-03
 0.25757980115397E-03
 0.25630476116275E-03
