-0.11962008370418E+01
-0.11962008370418E+01
-0.11962008370418E+01
-0.11962008370420E+01
-0.11962008370433E+01
-0.11962008370488E+01
-0.11962008370655E+01
-0.11962008371063E+01
-0.11962008371964E+01
-0.11962008373959E+01
-0.11962008378690E+01
-0.11962008390369E+01
-0.11962008418536E+01
-0.11962008482294E+01
-0.11962008616047E+01
-0.11962008876568E+01
-0.11962005962711E+01
-0.11962006777482E+01
-0.11962004183258E+01
-0.11962002090707E+01
-0.11961996725773E+01
-0.11961992305864E+01
-0.11961984686909E+01
-0.11961977876947E+01
-0.11961967337170E+01
-0.11961957426490E+01
-0.11961943369489E+01
-0.11961930081631E+01
-0.11961912646485E+01
-0.11961896415824E+01
-0.11961879702824E+01
-0.11961858866638E+01
-0.11961840815572E+01
-0.11961820224301E+01
-0.11961803669555E+01
-0.11961789439061E+01
-0.11961774722301E+01
-0.11961766965727E+01
-0.11961764549854E+01
-0.11961765174118E+01
-0.11961776529277E+01
-0.11961797278170E+01
-0.11961828871188E+01
-0.11961869525790E+01
-0.11961927547707E+01
-0.11962001833511E+01
-0.11962094246905E+01
-0.11962203503435E+01
-0.11962338092046E+01
-0.11962497257145E+01
-0.11962683202098E+01
-0.11962898263709E+01
-0.11963144837699E+01
-0.11963421934137E+01
-0.11963738676860E+01
-0.11964094453645E+01
-0.11964491766683E+01
-0.11964933194826E+01
-0.11965421333024E+01
-0.11965955446527E+01
-0.11966544619065E+01
-0.11967188332389E+01
-0.11967889119983E+01
-0.11968649527189E+01
-0.11969472065666E+01
-0.11970359204711E+01
-0.11971313361171E+01
-0.11972333534671E+01
-0.11973428566243E+01
-0.11974597492770E+01
-0.11975842407174E+01
-0.11977165334329E+01
-0.11978568197281E+01
-0.11980052803983E+01
-0.11981620839504E+01
-0.11983273860270E+01
-0.11985009902392E+01
-0.11986836838406E+01
-0.11988752561440E+01
-0.11990757984434E+01
-0.11992853856835E+01
-0.11995040751554E+01
-0.11997319035621E+01
-0.11999688417773E+01
-0.12002149631066E+01
-0.12004698602225E+01
-0.12007341443618E+01
-0.12010074088492E+01
-0.12012895446152E+01
-0.12015804123127E+01
-0.12018798437053E+01
-0.12021876362755E+01
-0.12025035538536E+01
-0.12028269839914E+01
-0.12031582768588E+01
-0.12034967530353E+01
-0.12038420118632E+01
-0.12041936020754E+01
-0.12045510230810E+01
-0.12049137165288E+01
-0.12052807217943E+01
-0.12056520158130E+01
-0.12060265161076E+01
-0.12064033828123E+01
-0.12067816889949E+01
-0.12071604120644E+01
-0.12075380785898E+01
-0.12079141053362E+01
-0.12082867897718E+01
-0.12086546100082E+01
-0.12090158684095E+01
-0.12093683493366E+01
-0.12097104857608E+01
-0.12100398760823E+01
-0.12103538133723E+01
-0.12106493892297E+01
-0.12109229806877E+01
-0.12111715971348E+01
-0.12113907494925E+01
-0.12115753772537E+01
-0.12117207810686E+01
-0.12118204628424E+01
-0.12118673843986E+01
-0.12118529757297E+01
-0.12117684321729E+01
-0.12116019710614E+01
-0.12113408173304E+01
-0.12109690904024E+01
-0.12104684556047E+01
-0.12098154517282E+01
-0.12089827469215E+01
-0.12079347028053E+01
-0.12066273006834E+01
-0.12050028091232E+01
-0.12029860141413E+01
-0.12004728793750E+01
-0.11973151168094E+01
-0.11932935153741E+01
-0.11880534075087E+01
-0.11809599904949E+01
-0.11706545171371E+01
-0.11527887204594E+01
-0.98671738313859E+00
-0.99055202958182E+00
-0.99519113187374E+00
-0.10004054641203E+01
-0.10060784110203E+01
-0.10121436705305E+01
-0.10185610130257E+01
-0.10253056764534E+01
-0.10323614295287E+01
-0.10397186165675E+01
-0.10473715147178E+01
-0.10553173699737E+01
-0.10635556460405E+01
-0.10720875291195E+01
-0.10809155889140E+01
-0.10900435364572E+01
-0.10994760781850E+01
-0.11092187484820E+01
-0.11192778537431E+01
-0.11296603949831E+01
-0.11403739709909E+01
-0.11514267785924E+01
-0.11628275345992E+01
-0.11745854443563E+01
-0.11867100384100E+01
-0.11992115877867E+01
-0.12121003935017E+01
-0.12253871919644E+01
-0.12390830037885E+01
-0.12531991138921E+01
-0.12677470160147E+01
-0.12827384012211E+01
-0.12981851210549E+01
-0.13140991645791E+01
-0.13304926415189E+01
-0.13473777532505E+01
-0.13647666935436E+01
-0.13826719820420E+01
-0.14011059356330E+01
-0.14200809963612E+01
-0.14396096397029E+01
-0.14597043724735E+01
-0.14803777239597E+01
-0.15016422403332E+01
-0.15235104863263E+01
-0.15459950405861E+01
-0.15691084963025E+01
-0.15928634575290E+01
-0.16172724772621E+01
-0.16423483187124E+01
-0.16681035653082E+01
-0.16945508781776E+01
-0.17217029337679E+01
-0.17495724368921E+01
-0.17781721000325E+01
-0.18075146633186E+01
-0.18376128888920E+01
-0.18684795303367E+01
-0.19001274704512E+01
-0.19325695151854E+01
-0.19658185398268E+01
-0.19998874445960E+01
-0.20347891658549E+01
-0.20705366333419E+01
-0.21071429322696E+01
-0.21446210656200E+01
-0.21829841148404E+01
-0.22222451993945E+01
-0.22624174801253E+01
-0.23035141575515E+01
-0.23455484800133E+01
-0.23885337340192E+01
-0.24324832543967E+01
-0.24774104200766E+01
-0.25233286548684E+01
-0.25702514332986E+01
-0.26181922743519E+01
-0.26671647489776E+01
-0.27171824756451E+01
-0.27682591217235E+01
-0.28204084073568E+01
-0.28736441032831E+01
-0.29279800320077E+01
-0.29834300668863E+01
-0.30400081357331E+01
-0.30977282199373E+01
-0.31566043548099E+01
-0.32166506259932E+01
-0.32778811803526E+01
-0.33403102136606E+01
-0.34039519589350E+01
-0.34688207880095E+01
-0.35349309854706E+01
-0.36022970337759E+01
-0.36709333902527E+01
-0.37408545902021E+01
-0.38120752294183E+01
-0.38846099581085E+01
-0.39584734819731E+01
-0.40336805697428E+01
-0.41102460480508E+01
-0.41881848015425E+01
-0.42675117708378E+01
-0.43482419585052E+01
-0.44303904294372E+01
-0.45139723032353E+01
-0.45990027595358E+01
-0.46854970418734E+01
-0.47734704536008E+01
-0.48629383537734E+01
-0.49539161673375E+01
-0.50464193782664E+01
-0.51404635318762E+01
-0.52360642325992E+01
-0.53332371503143E+01
-0.54319980146323E+01
-0.55323626149480E+01
-0.56343468056054E+01
-0.57379665022021E+01
-0.58432376820423E+01
-0.59501763966184E+01
-0.60587987151545E+01
-0.61691208465266E+01
-0.62811589884464E+01
-0.63949294409936E+01
-0.65104485602472E+01
-0.66277327636944E+01
-0.67467985335344E+01
-0.68676624138103E+01
-0.69903410144327E+01
-0.71148510066933E+01
-0.72412091283241E+01
-0.73694321813972E+01
-0.74995370292756E+01
-0.76315406022562E+01
-0.77654598932455E+01
-0.79013119621590E+01
-0.80391139323627E+01
-0.81788829909026E+01
-0.83206363920974E+01
-0.84643914529036E+01
-0.86101655577233E+01
-0.87579761545399E+01
-0.89078407569809E+01
-0.90597769443780E+01
-0.92138023629187E+01
-0.93699347211376E+01
-0.95281917967037E+01
-0.96885914319059E+01
-0.98511515338128E+01
-0.10015890077232E+02
-0.10182825101399E+02
-0.10351974713124E+02
-0.10523357084728E+02
-0.10696990455237E+02
-0.10872893129787E+02
-0.11051083478989E+02
-0.11231580267675E+02
