 0.12098615766128E+01
 0.12098615766110E+01
 0.12098615765641E+01
 0.12098615762189E+01
 0.12098615748816E+01
 0.12098615712848E+01
 0.12098615635691E+01
 0.12098615493282E+01
 0.12098615257568E+01
 0.12098614900916E+01
 0.12098614405802E+01
 0.12098613780855E+01
 0.12098613082098E+01
 0.12098612436680E+01
 0.12098612065941E+01
 0.12098612305203E+01
 0.12098624116202E+01
 0.12098627105252E+01
 0.12098644667691E+01
 0.12098666281691E+01
 0.12098705563377E+01
 0.12098751708377E+01
 0.12098820161104E+01
 0.12098901448568E+01
 0.12099012913544E+01
 0.12099144651707E+01
 0.12099315373160E+01
 0.12099514053213E+01
 0.12099760414756E+01
 0.12100042619271E+01
 0.12100370888477E+01
 0.12100761735895E+01
 0.12101199186225E+01
 0.12101705397402E+01
 0.12102265798783E+01
 0.12102891740056E+01
 0.12103598110649E+01
 0.12104368189061E+01
 0.12105213471256E+01
 0.12106147807968E+01
 0.12107154123816E+01
 0.12108243532094E+01
 0.12109418630839E+01
 0.12110692209858E+01
 0.12112045826752E+01
 0.12113490421378E+01
 0.12115027837203E+01
 0.12116669848032E+01
 0.12118397911406E+01
 0.12120222382801E+01
 0.12122144517962E+01
 0.12124165257871E+01
 0.12126285457943E+01
 0.12128516642221E+01
 0.12130838824918E+01
 0.12133262503535E+01
 0.12135788515476E+01
 0.12138417514860E+01
 0.12141150155600E+01
 0.12143997573187E+01
 0.12146940148883E+01
 0.12149988378146E+01
 0.12153143209859E+01
 0.12156405550008E+01
 0.12159776404245E+01
 0.12163256894460E+01
 0.12166848281000E+01
 0.12170562565123E+01
 0.12174380676107E+01
 0.12178314398402E+01
 0.12182365831441E+01
 0.12186537225744E+01
 0.12190831089990E+01
 0.12195250224519E+01
 0.12199797744728E+01
 0.12204477099806E+01
 0.12209302849062E+01
 0.12214258214932E+01
 0.12219358051647E+01
 0.12224607544866E+01
 0.12230012325489E+01
 0.12235578529161E+01
 0.12241312882231E+01
 0.12247223817711E+01
 0.12253317410351E+01
 0.12259614191075E+01
 0.12266102298504E+01
 0.12272802477699E+01
 0.12279725957734E+01
 0.12286884933135E+01
 0.12294292576793E+01
 0.12301963206978E+01
 0.12309912307390E+01
 0.12318167652542E+01
 0.12326725938677E+01
 0.12335617348100E+01
 0.12344863229037E+01
 0.12354486756515E+01
 0.12364512974424E+01
 0.12374969077923E+01
 0.12385895740147E+01
 0.12397303330052E+01
 0.12409237268154E+01
 0.12421735523825E+01
 0.12434839450026E+01
 0.12448594147657E+01
 0.12463060257116E+01
 0.12478269793990E+01
 0.12494292552554E+01
 0.12511193383130E+01
 0.12529043960806E+01
 0.12547934502604E+01
 0.12567933982986E+01
 0.12589143412729E+01
 0.12611673334725E+01
 0.12635643873966E+01
 0.12661201626215E+01
 0.12688474454914E+01
 0.12717644027000E+01
 0.12748915254180E+01
 0.12782485162091E+01
 0.12818617004161E+01
 0.12857599401558E+01
 0.12899781202227E+01
 0.12945528572781E+01
 0.12995323505514E+01
 0.13049694813816E+01
 0.13109304545924E+01
 0.13174921235696E+01
 0.13247530261851E+01
 0.13328299112043E+01
 0.13418756220794E+01
 0.13520820252331E+01
 0.13637037245719E+01
 0.13770798640780E+01
 0.13926869821674E+01
 0.14112196034045E+01
 0.14337349461808E+01
 0.14619934601312E+01
 0.14992629686478E+01
 0.15528551799891E+01
 0.16475415012402E+01
 0.35550986919628E+01
 0.35382218968842E+01
 0.35018666463929E+01
 0.34533739010237E+01
 0.33969114562197E+01
 0.33351264070751E+01
 0.32698144580567E+01
 0.32022600031505E+01
 0.31334268649270E+01
 0.30640372214751E+01
 0.29946547794880E+01
 0.29257220557150E+01
 0.28575891486158E+01
 0.27905335745773E+01
 0.27247748555241E+01
 0.26604879351531E+01
 0.25978000381642E+01
 0.25368152288318E+01
 0.24776083113384E+01
 0.24202297756203E+01
 0.23647043423778E+01
 0.23110474477354E+01
 0.22592572500278E+01
 0.22093196027211E+01
 0.21612112302863E+01
 0.21148972317518E+01
 0.20703390368192E+01
 0.20274915738603E+01
 0.19863054746730E+01
 0.19467284249571E+01
 0.19087058127690E+01
 0.18721817356304E+01
 0.18370996189654E+01
 0.18034028606995E+01
 0.17710353028588E+01
 0.17399416071974E+01
 0.17100680554110E+01
 0.16813608922212E+01
 0.16537694309904E+01
 0.16272442070872E+01
 0.16017375601614E+01
 0.15772037403327E+01
 0.15535988970857E+01
 0.15308810777194E+01
 0.15090102403905E+01
 0.14879481952281E+01
 0.14676585777295E+01
 0.14481067808081E+01
 0.14292601223385E+01
 0.14110868909850E+01
 0.13935576222081E+01
 0.13766441286300E+01
 0.13603196510094E+01
 0.13445587921754E+01
 0.13293374664026E+01
 0.13146328031021E+01
 0.13004230933080E+01
 0.12866876510893E+01
 0.12734071095048E+01
 0.12605628004401E+01
 0.12481370839547E+01
 0.12361132105049E+01
 0.12244752517117E+01
 0.12132081859648E+01
 0.12022973781918E+01
 0.11917292437476E+01
 0.11814907540519E+01
 0.11715694892179E+01
 0.11619536286190E+01
 0.11526318985536E+01
 0.11435935626357E+01
 0.11348283697767E+01
 0.11263265465039E+01
 0.11180787583145E+01
 0.11100760915983E+01
 0.11023100321145E+01
 0.10947724374454E+01
 0.10874555263031E+01
 0.10803518511154E+01
 0.10734542826153E+01
 0.10667559976472E+01
 0.10602504584358E+01
 0.10539314000692E+01
 0.10477928150426E+01
 0.10418289423665E+01
 0.10360342571711E+01
 0.10304034498248E+01
 0.10249314255732E+01
 0.10196132906140E+01
 0.10144443398235E+01
 0.10094200843991E+01
 0.10045360747538E+01
 0.99978825293786E+00
 0.99517250053580E+00
 0.99068496632000E+00
 0.98632191552208E+00
 0.98207975035375E+00
 0.97795500067110E+00
 0.97394432075193E+00
 0.97004448454600E+00
 0.96625238019803E+00
 0.96256500211556E+00
 0.95897944991877E+00
 0.95549292289377E+00
 0.95210271385830E+00
 0.94880620937269E+00
 0.94560087990306E+00
 0.94248428198158E+00
 0.93945405101804E+00
 0.93650790024317E+00
 0.93364361546424E+00
 0.93085905490362E+00
 0.92815214315287E+00
 0.92552087013406E+00
 0.92296328982292E+00
 0.92047751538838E+00
 0.91806171816435E+00
 0.91571412465761E+00
 0.91343301592451E+00
 0.91121672422290E+00
 0.90906362363175E+00
 0.90697216491505E+00
 0.90494079754617E+00
 0.90296805945125E+00
 0.90105250722405E+00
 0.89919274526559E+00
 0.89738741610206E+00
 0.89563520241500E+00
 0.89393482244154E+00
 0.89228503107578E+00
 0.89068461704242E+00
 0.88913240260667E+00
 0.88762724107996E+00
 0.88616801895399E+00
 0.88475365109519E+00
 0.88338308200552E+00
 0.88205528393532E+00
 0.88076925561319E+00
 0.87952402339477E+00
 0.87831863823553E+00
 0.87715217561518E+00
 0.87602373515348E+00
 0.87493243874415E+00
 0.87387743140591E+00
 0.87285787965739E+00
 0.87187297008633E+00
 0.87092191094130E+00
 0.87000392902133E+00
 0.86911827033420E+00
 0.86826420028675E+00
 0.86744100120110E+00
 0.86664797349092E+00
 0.86588443380763E+00
 0.86514971608216E+00
 0.86444316872728E+00
 0.86376415782783E+00
 0.86311206261192E+00
 0.86248629573751E+00
