 0.11782969723453E+01
 0.11782969720041E+01
 0.11782969682298E+01
 0.11782969519637E+01
 0.11782969070805E+01
 0.11782968106317E+01
 0.11782966331729E+01
 0.11782963389621E+01
 0.11782958867607E+01
 0.11782952329631E+01
 0.11782943393553E+01
 0.11782931871220E+01
 0.11782917968635E+01
 0.11782902523572E+01
 0.11782887245904E+01
 0.11782874925141E+01
 0.11782871067977E+01
 0.11782878009321E+01
 0.11782905572799E+01
 0.11782959960971E+01
 0.11783051862535E+01
 0.11783189375320E+01
 0.11783385001770E+01
 0.11783648155764E+01
 0.11783992308819E+01
 0.11784427081328E+01
 0.11784966021307E+01
 0.11785618099966E+01
 0.11786396222522E+01
 0.11787308172565E+01
 0.11788364211477E+01
 0.11789574762828E+01
 0.11790944724664E+01
 0.11792483679797E+01
 0.11794194989405E+01
 0.11796084912097E+01
 0.11798159389671E+01
 0.11800418826402E+01
 0.11802866976712E+01
 0.11805507164412E+01
 0.11808337314882E+01
 0.11811358856067E+01
 0.11814571262217E+01
 0.11817974944024E+01
 0.11821564924883E+01
 0.11825340189653E+01
 0.11829297834248E+01
 0.11833436071410E+01
 0.11837747935233E+01
 0.11842230633232E+01
 0.11846879625374E+01
 0.11851690039539E+01
 0.11856656744098E+01
 0.11861776146821E+01
 0.11867039335209E+01
 0.11872442221466E+01
 0.11877979035540E+01
 0.11883643891854E+01
 0.11889430845655E+01
 0.11895335692090E+01
 0.11901349014720E+01
 0.11907466483047E+01
 0.11913682182647E+01
 0.11919990230382E+01
 0.11926384816898E+01
 0.11932860216103E+01
 0.11939410806018E+01
 0.11946032938887E+01
 0.11952717604660E+01
 0.11959461308079E+01
 0.11966258963791E+01
 0.11973105626177E+01
 0.11979996509976E+01
 0.11986926998947E+01
 0.11993892652193E+01
 0.12000889206373E+01
 0.12007914531972E+01
 0.12014960934906E+01
 0.12022026562074E+01
 0.12029107922858E+01
 0.12036201715733E+01
 0.12043304831308E+01
 0.12050414365352E+01
 0.12057527838064E+01
 0.12064642359289E+01
 0.12071757837036E+01
 0.12078868255133E+01
 0.12085973665344E+01
 0.12093072416042E+01
 0.12100163070419E+01
 0.12107244398061E+01
 0.12114315393113E+01
 0.12121375264204E+01
 0.12128425474681E+01
 0.12135461713731E+01
 0.12142485808232E+01
 0.12149497882578E+01
 0.12156498306642E+01
 0.12163487680841E+01
 0.12170466861062E+01
 0.12177438999972E+01
 0.12184401507347E+01
 0.12191357973914E+01
 0.12198310348510E+01
 0.12205260876573E+01
 0.12212212115314E+01
 0.12219168985791E+01
 0.12226130792239E+01
 0.12233103060730E+01
 0.12240089782020E+01
 0.12247095413445E+01
 0.12254126816488E+01
 0.12261186064701E+01
 0.12268280012295E+01
 0.12275415589546E+01
 0.12282599950740E+01
 0.12289842987081E+01
 0.12297149441284E+01
 0.12304530731203E+01
 0.12311999270543E+01
 0.12319562981558E+01
 0.12327236611119E+01
 0.12335034368668E+01
 0.12342974296145E+01
 0.12351070471195E+01
 0.12359346558601E+01
 0.12367822730930E+01
 0.12376527101575E+01
 0.12385486706534E+01
 0.12394739279733E+01
 0.12404321630307E+01
 0.12414284620427E+01
 0.12424683527202E+01
 0.12435588523873E+01
 0.12447083594296E+01
 0.12459278572661E+01
 0.12472319442496E+01
 0.12486399648133E+01
 0.12501807244872E+01
 0.12519004192916E+01
 0.12538848299175E+01
 0.12563635201967E+01
 0.12260156027374E+01
 0.12220585807268E+01
 0.12185531599947E+01
 0.12153499013735E+01
 0.12123671002451E+01
 0.12095545965439E+01
 0.12068787564978E+01
 0.12043171005131E+01
 0.12018528049145E+01
 0.11994737672994E+01
 0.11971707107213E+01
 0.11949364979489E+01
 0.11927655649644E+01
 0.11906535154442E+01
 0.11885968348410E+01
 0.11865927492353E+01
 0.11846387493799E+01
 0.11827329695495E+01
 0.11808737816657E+01
 0.11790597445357E+01
 0.11772894087267E+01
 0.11755616492512E+01
 0.11738753382443E+01
 0.11722294008106E+01
 0.11706227299538E+01
 0.11690544276727E+01
 0.11675234213259E+01
 0.11660287074273E+01
 0.11645692839486E+01
 0.11631441582265E+01
 0.11617523364641E+01
 0.11603928328969E+01
 0.11590646686011E+01
 0.11577668751713E+01
 0.11564984997381E+01
 0.11552586023741E+01
 0.11540462220455E+01
 0.11528605357704E+01
 0.11517006259287E+01
 0.11505656358372E+01
 0.11494547329519E+01
 0.11483671110691E+01
 0.11473019895636E+01
 0.11462586134544E+01
 0.11452362546475E+01
 0.11442342109582E+01
 0.11432518064064E+01
 0.11422883901891E+01
 0.11413433102227E+01
 0.11404160180461E+01
 0.11395059104847E+01
 0.11386124327484E+01
 0.11377350523788E+01
 0.11368732593122E+01
 0.11360265632350E+01
 0.11351944940471E+01
 0.11343766005562E+01
 0.11335724460505E+01
 0.11327816234478E+01
 0.11320037297624E+01
 0.11312383826286E+01
 0.11304852145190E+01
 0.11297438726486E+01
 0.11290140007439E+01
 0.11282953076516E+01
 0.11275874635862E+01
 0.11268901674674E+01
 0.11262031298240E+01
 0.11255260722849E+01
 0.11248587267782E+01
 0.11242008356129E+01
 0.11235521502207E+01
 0.11229124313922E+01
 0.11222814484994E+01
 0.11216589791148E+01
 0.11210448089461E+01
 0.11204387310546E+01
 0.11198405459141E+01
 0.11192500608029E+01
 0.11186670895525E+01
 0.11180914524195E+01
 0.11175229756812E+01
 0.11169614913964E+01
 0.11164068371034E+01
 0.11158588557327E+01
 0.11153173952811E+01
 0.11147823087027E+01
 0.11142534533984E+01
 0.11137306915705E+01
 0.11132138894643E+01
 0.11127029066568E+01
 0.11121976499519E+01
 0.11116979555119E+01
 0.11112037360899E+01
 0.11107148674142E+01
 0.11102312380475E+01
 0.11097527402078E+01
 0.11092792691831E+01
 0.11088107231995E+01
 0.11083470035713E+01
 0.11078880143807E+01
 0.11074336624472E+01
 0.11069838570641E+01
 0.11065385101398E+01
 0.11060975361556E+01
 0.11056608516946E+01
 0.11052283757129E+01
 0.11048000294126E+01
 0.11043757361296E+01
 0.11039554210653E+01
 0.11035390115983E+01
 0.11031264369074E+01
 0.11027176280788E+01
 0.11023125179254E+01
 0.11019110410584E+01
 0.11015131337449E+01
 0.11011187338128E+01
 0.11007277807594E+01
 0.11003402155451E+01
 0.10999559806009E+01
 0.10995750274939E+01
 0.10991972788410E+01
 0.10988227106057E+01
 0.10984512495228E+01
 0.10980828511366E+01
 0.10977174661998E+01
 0.10973550463448E+01
 0.10969955442823E+01
 0.10966389138667E+01
 0.10962851100370E+01
 0.10959340887675E+01
 0.10955858070882E+01
 0.10952402230797E+01
 0.10948972956324E+01
 0.10945569846999E+01
 0.10942192510830E+01
 0.10938840565293E+01
 0.10935513636504E+01
 0.10932211358130E+01
 0.10928933372754E+01
 0.10925679330505E+01
 0.10922448889403E+01
 0.10919241715092E+01
 0.10916057480136E+01
 0.10912895864293E+01
 0.10909756554867E+01
 0.10906639244687E+01
 0.10903543634212E+01
 0.10900469430028E+01
 0.10897416344287E+01
 0.10894384095969E+01
 0.10891372409358E+01
 0.10888381015010E+01
 0.10885409648478E+01
 0.10882458051617E+01
 0.10879525970302E+01
 0.10876613156509E+01
 0.10873719449709E+01
