 0.00000000000000E+00
 0.00000000000000E+00
 0.00000000000000E+00
 0.00000000000000E+00
 0.00000000000000E+00
 0.46906469713923E-25
 0.26431727307018E-23
 0.14259566793033E-21
 0.18764852779580E-21
 0.86073747176806E-21
-0.70691219538353E-06
-0.85840628292051E-06
-0.48897020064235E-06
-0.31601001979260E-06
-0.34266271169110E-06
-0.36188357923526E-06
-0.57244782189796E-07
 0.17890307190108E-07
 0.91962749256060E-08
-0.86050687156768E-07
-0.96949173013336E-07
-0.12568315449818E-06
 0.18831005217547E-07
-0.16157417521472E-06
 0.27253145076188E-08
 0.41214831464511E-07
-0.21164756158928E-07
-0.22641810738680E-08
 0.16967360731495E-07
 0.37323114610236E-07
 0.59757851165775E-10
-0.27442455617604E-07
-0.29301286376376E-07
-0.12223978135637E-07
 0.48869868854162E-07
-0.24650948056999E-07
-0.39809586877558E-07
-0.39455635805085E-07
-0.23148602185871E-07
-0.11707246988479E-07
-0.13952323003623E-08
-0.10357325789027E-07
 0.29329118990193E-07
 0.56022245247723E-09
 0.19646969322863E-08
 0.19085972101043E-07
 0.11477641334118E-07
 0.16811469265959E-07
 0.35410360215187E-07
 0.43790193914452E-07
 0.47360522605132E-07
 0.57858559425796E-07
 0.89434165674189E-07
 0.10818032476609E-06
 0.13935088373553E-06
 0.18904300954808E-06
 0.23465217866604E-06
 0.30082523887659E-06
 0.37477250658383E-06
 0.47061921886090E-06
 0.57973765853573E-06
 0.69972612933518E-06
 0.86588179041849E-06
 0.10240548482446E-05
 0.12317157225865E-05
 0.14756470280590E-05
 0.17510591403420E-05
 0.20857679822586E-05
 0.24516306521750E-05
 0.28594839765414E-05
 0.33322847985673E-05
 0.38970410174675E-05
 0.45013154095775E-05
 0.51927319288675E-05
 0.59852454609030E-05
 0.68465381575757E-05
 0.78132283954523E-05
 0.88945620236015E-05
 0.10074567711988E-04
 0.11397519708456E-04
 0.12856802535590E-04
 0.14443747979469E-04
 0.16214556917019E-04
 0.18033316239593E-04
 0.20259427072825E-04
 0.22569879138438E-04
 0.25096209152316E-04
 0.27844577488968E-04
 0.30833405178325E-04
 0.34047118288368E-04
 0.37562954913715E-04
 0.41362675596519E-04
 0.45447329618732E-04
 0.49854103724587E-04
 0.54655786538134E-04
 0.59782930122022E-04
 0.65301723124112E-04
 0.71227157949640E-04
 0.77547578121854E-04
 0.84431117735565E-04
 0.91703220963370E-04
 0.99523973669694E-04
 0.10787449421165E-03
 0.11677812483671E-03
 0.12629445326258E-03
 0.13647356725699E-03
 0.14729415351970E-03
 0.15887707816130E-03
 0.17114341019429E-03
 0.18418275816599E-03
 0.19804101716814E-03
 0.21277447397524E-03
 0.22848943620215E-03
 0.24516524348071E-03
 0.26276348055865E-03
 0.28149840870903E-03
 0.30135094381089E-03
 0.32239915558364E-03
 0.34469663928593E-03
 0.36810439589515E-03
 0.39322650582616E-03
 0.41967782548431E-03
 0.44764454020421E-03
 0.47732904144786E-03
 0.50862412205160E-03
 0.54177240413797E-03
 0.57668994306620E-03
 0.61372469877843E-03
 0.65286219212501E-03
 0.69416684058455E-03
 0.73779636603455E-03
 0.78401884496015E-03
 0.83276303457985E-03
 0.88425394468077E-03
 0.93867348659131E-03
 0.99610658599365E-03
 0.10568139244277E-02
 0.11209040388957E-02
 0.11886551029141E-02
 0.12598412620027E-02
 0.13357774353069E-02
 0.14155450576612E-02
 0.14999110243453E-02
 0.15891013967989E-02
 0.16832685974385E-02
 0.17827461412230E-02
 0.18879944600778E-02
 0.19993026881243E-02
 0.21166696991373E-02
 0.22410795478692E-02
 0.23722683994951E-02
 0.25114671964717E-02
 0.26584276017463E-02
 0.28139186687224E-02
 0.29786533860457E-02
 0.31531060773588E-02
 0.33380035987178E-02
 0.35340249539308E-02
 0.37425795521304E-02
 0.39645787619707E-02
 0.42012598822125E-02
 0.44557710960700E-02
 0.47298214491894E-02
 0.50262931356047E-02
 0.53484088391216E-02
 0.56991687568655E-02
 0.60809508662855E-02
 0.64934703090346E-02
 0.69343460183298E-02
 0.73977864123670E-02
 0.78756130407209E-02
 0.83586778638107E-02
 0.88372629844260E-02
 0.93036567717291E-02
 0.97520955355529E-02
 0.10178292518105E-01
 0.10580106689531E-01
 0.10957385006603E-01
 0.11309726535621E-01
 0.11638227635154E-01
 0.11944358958853E-01
 0.12229765687686E-01
 0.12495451989165E-01
 0.12743372636754E-01
 0.12974655366487E-01
 0.13190854375549E-01
 0.13392787589124E-01
 0.13582327625474E-01
 0.13759920458124E-01
 0.13926276567892E-01
 0.14082624553873E-01
 0.14229535459651E-01
 0.14368071531661E-01
 0.14498263498323E-01
 0.14620371714018E-01
 0.14735917082143E-01
 0.14844678106159E-01
 0.14947425814199E-01
 0.15044007460797E-01
 0.15134973092904E-01
 0.15220963896148E-01
 0.15301872143331E-01
 0.15378272203179E-01
 0.15450279154508E-01
 0.15517633859292E-01
 0.15581732152318E-01
 0.15641686591156E-01
 0.15698010043447E-01
 0.15751054840301E-01
 0.15800787984209E-01
 0.15847298531630E-01
 0.15891331813470E-01
 0.15932351367174E-01
 0.15970417412744E-01
 0.16006131304474E-01
 0.16039404235748E-01
 0.16070229481149E-01
 0.16098827261178E-01
 0.16125213574400E-01
 0.16149627800492E-01
 0.16171960111290E-01
 0.16192575747460E-01
 0.16211228164392E-01
 0.16228146966781E-01
 0.16243239180616E-01
 0.16256964085320E-01
 0.16269144353466E-01
 0.16279562977501E-01
 0.16288806356538E-01
 0.16296557094299E-01
 0.16303018693749E-01
 0.16308187118738E-01
 0.16312138893309E-01
 0.16314865488954E-01
 0.16316443738686E-01
 0.16317037268977E-01
 0.16316483287705E-01
 0.16314936584046E-01
 0.16312390812942E-01
 0.16308949678848E-01
 0.16304529643931E-01
 0.16299250131222E-01
 0.16293153003260E-01
 0.16286212165738E-01
 0.16278525790390E-01
 0.16270103527270E-01
 0.16260856687560E-01
 0.16250957527802E-01
 0.16240384900545E-01
 0.16229147795201E-01
 0.16217296328741E-01
 0.16204806036177E-01
 0.16191720576626E-01
 0.16178112877110E-01
 0.16163932495284E-01
 0.16149232638031E-01
 0.16134000911374E-01
 0.16118307396632E-01
 0.16102129013856E-01
 0.16085492838806E-01
 0.16068420426405E-01
 0.16050921678273E-01
 0.16033016413821E-01
 0.16014713334124E-01
 0.15996033185221E-01
 0.15976987783407E-01
 0.15957584043354E-01
 0.15937850559350E-01
 0.15917779731602E-01
 0.15897399753777E-01
 0.15876718249067E-01
 0.15855741667221E-01
 0.15834480180354E-01
 0.15812956187438E-01
 0.15791163175013E-01
 0.15769116015011E-01
 0.15746842192889E-01
 0.15724336398251E-01
 0.15701591390339E-01
 0.15678649217909E-01
 0.15655487164028E-01
 0.15632139284048E-01
 0.15608608641612E-01
 0.15584895024865E-01
 0.15560992677407E-01
 0.15536958396293E-01
 0.15512717104392E-01
 0.15488349166996E-01
 0.15463832600283E-01
 0.15439199273464E-01
 0.15414386425355E-01
 0.15389504444857E-01
 0.15364453100496E-01
 0.15339312217508E-01
 0.15314056467962E-01
 0.15288666104521E-01
 0.15263213214651E-01
 0.15237646887530E-01
 0.15212029049898E-01
 0.15186279093455E-01
