 0.00000000000000E+00
 0.00000000000000E+00
 0.00000000000000E+00
 0.00000000000000E+00
 0.00000000000000E+00
-0.97025094473855E-26
-0.57704542750165E-24
-0.43381168577110E-22
-0.67416237788767E-22
-0.45140024119420E-21
 0.67448100112785E-06
 0.41418719563282E-06
 0.44428899128436E-06
 0.28660055244030E-06
 0.35740278999357E-06
 0.30313133626534E-06
 0.41218133139657E-07
 0.59852893619052E-07
-0.17678061907989E-07
 0.75691208877695E-07
 0.54724139420383E-07
 0.12439487533615E-06
-0.80600323850274E-07
 0.47491669750774E-06
 0.55515076766383E-07
-0.20046502785097E-06
 0.43521915756874E-07
 0.65135594694668E-07
-0.11832697779548E-06
-0.54876269171437E-07
-0.13375204532375E-07
 0.59256898433823E-07
 0.23747355441011E-07
 0.75754237769478E-07
-0.17903515292902E-06
 0.11503474935720E-06
 0.32791625729694E-06
 0.86292996649225E-07
 0.13103896804707E-06
 0.13961649365436E-06
 0.67047268535083E-07
 0.10744021974444E-06
-0.14181983404474E-06
-0.48812050399845E-08
 0.64421175853653E-07
-0.76723787989656E-07
 0.79023438193407E-08
 0.11214595629178E-06
-0.37734787245269E-07
-0.40999436743991E-07
 0.66050689600286E-07
 0.22104217499329E-06
 0.57809766195530E-07
 0.14528742176769E-06
 0.25715650491812E-06
 0.14700896106534E-06
 0.28629014423805E-06
 0.32614688765280E-06
 0.33572923563097E-06
 0.42447252913832E-06
 0.52176217719043E-06
 0.72342035886879E-06
 0.69358764999154E-06
 0.11660617479829E-05
 0.13629601082008E-05
 0.16424441913194E-05
 0.18834125847765E-05
 0.20018619331866E-05
 0.24569350202577E-05
 0.31107015287975E-05
 0.36134512109938E-05
 0.38374836320112E-05
 0.46179299039051E-05
 0.51849247149379E-05
 0.57123694839977E-05
 0.64564837369975E-05
 0.75657952957195E-05
 0.84268062182787E-05
 0.99559008785979E-05
 0.11207211803663E-04
 0.12489506907448E-04
 0.14338171505013E-04
 0.16347601499178E-04
 0.20040660922053E-04
 0.20179504340118E-04
 0.22646181101167E-04
 0.25292442259761E-04
 0.27672154862652E-04
 0.30611196763718E-04
 0.34648369630528E-04
 0.37548577825944E-04
 0.41129226240236E-04
 0.46045103202784E-04
 0.50805386661269E-04
 0.54476569308030E-04
 0.59998737991763E-04
 0.65261356847060E-04
 0.71737439807707E-04
 0.79357890183406E-04
 0.84024523149203E-04
 0.92346601265993E-04
 0.10042778178776E-03
 0.10885515972332E-03
 0.11921967812720E-03
 0.12837703726883E-03
 0.13848956468199E-03
 0.14948937468337E-03
 0.15901409257594E-03
 0.17212095680357E-03
 0.18515626646866E-03
 0.20157311394939E-03
 0.21799523219441E-03
 0.23200474199570E-03
 0.24643279811613E-03
 0.26717283868803E-03
 0.28603242659712E-03
 0.30606729518662E-03
 0.32749456850097E-03
 0.34785115549644E-03
 0.38187080287003E-03
 0.40527605203763E-03
 0.43101815073219E-03
 0.46228901439793E-03
 0.48854910748019E-03
 0.52551404398509E-03
 0.55742342912089E-03
 0.59942146026953E-03
 0.63864237375020E-03
 0.67872854429383E-03
 0.72728505801136E-03
 0.77585098190072E-03
 0.82090832673017E-03
 0.87793715928971E-03
 0.93173105600329E-03
 0.99270748076618E-03
 0.10608825340496E-02
 0.11245063034768E-02
 0.12021698956886E-02
 0.12702779395223E-02
 0.13731544574053E-02
 0.14384864882264E-02
 0.15371181036527E-02
 0.16342285143131E-02
 0.17317034328083E-02
 0.18435033934850E-02
 0.19650129288697E-02
 0.20849941994098E-02
 0.22039733242293E-02
 0.23651774712605E-02
 0.24976550487196E-02
 0.26623057475398E-02
 0.28269081135041E-02
 0.30086889868379E-02
 0.32048231813483E-02
 0.34000720945506E-02
 0.36207818573428E-02
 0.38470040040002E-02
 0.40895632665431E-02
 0.43674081974559E-02
 0.46740801992877E-02
 0.50389892549444E-02
 0.54391778400600E-02
 0.58965832935575E-02
 0.64403455692598E-02
 0.70769393328971E-02
 0.78120661827938E-02
 0.86198577246488E-02
 0.94361267210725E-02
 0.10178710369947E-01
 0.10777111068114E-01
 0.11196808480671E-01
 0.11367839582435E-01
 0.11388404319568E-01
 0.11181536314682E-01
 0.10844533756910E-01
 0.10438614277523E-01
 0.10002301216998E-01
 0.95025864539210E-02
 0.90173467966514E-02
 0.85622561929596E-02
 0.81282764022843E-02
 0.76987870956696E-02
 0.73327048844281E-02
 0.69626527899069E-02
 0.66661352793217E-02
 0.63600600515190E-02
 0.61210316226319E-02
 0.58421723167435E-02
 0.56188242524042E-02
 0.54355467993879E-02
 0.52466523559195E-02
 0.50895761929243E-02
 0.48899250558476E-02
 0.47339288933557E-02
 0.46628259390763E-02
 0.45135557193433E-02
 0.43995338065801E-02
 0.42531440584020E-02
 0.41690888724061E-02
 0.41026532315385E-02
 0.39834276523891E-02
 0.39096891881603E-02
 0.38399321634587E-02
 0.37465538395072E-02
 0.37313093006128E-02
 0.36078910561631E-02
 0.35385763644427E-02
 0.35100913422128E-02
 0.34605504507489E-02
 0.34207111305532E-02
 0.33815219389007E-02
 0.32897589022755E-02
 0.32336638548122E-02
 0.32037155011919E-02
 0.31589218667563E-02
 0.30992460977826E-02
 0.30699761497842E-02
 0.30284485119653E-02
 0.30023787653046E-02
 0.29586649387772E-02
 0.29398271174748E-02
 0.28880752545416E-02
 0.28522737353864E-02
 0.28275733993865E-02
 0.28204937495105E-02
 0.27737982492302E-02
 0.27181439204222E-02
 0.27258372943812E-02
 0.26787618475412E-02
 0.26633702416675E-02
 0.26310514608956E-02
 0.26066374395279E-02
 0.25777969999527E-02
 0.25620125838463E-02
 0.25456157313292E-02
 0.25132926336807E-02
 0.24941176283287E-02
 0.24729558518924E-02
 0.24565475315982E-02
 0.24304023615717E-02
 0.24189605248967E-02
 0.24010178518678E-02
 0.23820729724940E-02
 0.23624897461212E-02
 0.23443875340984E-02
 0.23181252363571E-02
 0.23125638797129E-02
 0.22941029720500E-02
 0.22767911212691E-02
 0.22618449458671E-02
 0.22404749223342E-02
 0.22292272361110E-02
 0.22168865001898E-02
 0.21973368082612E-02
 0.21837563801477E-02
 0.21669580998513E-02
 0.21567579922744E-02
 0.21396261005372E-02
 0.21259699946405E-02
 0.21130544530342E-02
 0.20994085541898E-02
 0.20861943115215E-02
 0.20726388801125E-02
 0.20604737390510E-02
 0.20478388493297E-02
 0.20351418206932E-02
 0.20237489126979E-02
 0.20099176309848E-02
 0.19998695952023E-02
 0.19879877017610E-02
 0.19746151141288E-02
 0.19629540157623E-02
 0.19527374637808E-02
 0.19398190422941E-02
 0.19310815400760E-02
 0.19219025188280E-02
 0.19088394340019E-02
 0.18964020716283E-02
 0.18907396606460E-02
 0.18790890716082E-02
 0.18716067966485E-02
 0.18624238970792E-02
 0.18496109527180E-02
 0.18395714867315E-02
 0.18320686668864E-02
 0.18139890022084E-02
 0.18149207169858E-02
 0.18051020071684E-02
 0.17931824946208E-02
 0.17789649299255E-02
 0.17757923959293E-02
 0.17599973095615E-02
 0.17546857129601E-02
 0.17460969179850E-02
 0.17336227454746E-02
 0.17370858421910E-02
 0.17226556297248E-02
 0.17183607490224E-02
 0.17039259652283E-02
 0.16993697706431E-02
