 0.00000000000000E+00
 0.00000000000000E+00
 0.00000000000000E+00
 0.18531053819865E-25
 0.00000000000000E+00
-0.14129644098633E-10
-0.74679437767429E-11
-0.14957223829461E-10
-0.47183869157041E-11
-0.63049474792238E-06
 0.14159067470236E-06
-0.15759457489253E-05
-0.12464861715058E-05
 0.17143647824756E-06
 0.63062294572835E-06
 0.36913847682328E-06
 0.24044034404020E-06
 0.25859630043139E-06
-0.16520685868018E-06
-0.80755572784101E-06
-0.30595069430126E-06
 0.60554379068270E-06
 0.70381448236112E-07
 0.31914098219728E-06
 0.29788195056963E-06
 0.17355790625099E-06
 0.51656712267715E-06
 0.82709482742189E-06
 0.14182716931077E-05
 0.22686149128879E-05
 0.35744472241543E-05
 0.48850437340411E-05
 0.70617649806448E-05
 0.99032855175902E-05
 0.13638651123999E-04
 0.18283133492017E-04
 0.24145128668777E-04
 0.31305264097907E-04
 0.40072286063060E-04
 0.51077716392539E-04
 0.64050062176851E-04
 0.79432180010822E-04
 0.97390651521246E-04
 0.11830832981895E-03
 0.14247348856089E-03
 0.17022476256366E-03
 0.20173977744522E-03
 0.23735243103593E-03
 0.27741940616457E-03
 0.32226249642020E-03
 0.37217245818296E-03
 0.42740856432798E-03
 0.48833789601261E-03
 0.55529550326299E-03
 0.62851938000044E-03
 0.70835998965205E-03
 0.79524041648185E-03
 0.88927947079828E-03
 0.99074275751131E-03
 0.11003815187198E-02
 0.12179183878998E-02
 0.13433940044775E-02
 0.14784892682548E-02
 0.16231641134074E-02
 0.17767746507483E-02
 0.19403146849530E-02
 0.21139972292882E-02
 0.22982208094342E-02
 0.24935112327394E-02
 0.26997633940496E-02
 0.29179117087955E-02
 0.31481827795093E-02
 0.33908118963530E-02
 0.36461615176457E-02
 0.39151279730043E-02
 0.41976522302116E-02
 0.44944608462262E-02
 0.48060991683799E-02
 0.51331628611969E-02
 0.54757204831018E-02
 0.58348040612055E-02
 0.62109548213927E-02
 0.66046020475076E-02
 0.70164668067504E-02
 0.74470032119758E-02
 0.78972065494729E-02
 0.83678982406037E-02
 0.88594547283163E-02
 0.93733141063569E-02
 0.99097214732810E-02
 0.10469532697381E-01
 0.11054034207007E-01
 0.11664242451542E-01
 0.12301717807263E-01
 0.12965800858935E-01
 0.13659444746931E-01
 0.14382877425033E-01
 0.15138142715173E-01
 0.15925053275306E-01
 0.16747740060729E-01
 0.17604036158482E-01
 0.18499593767248E-01
 0.19432787093772E-01
 0.20406364145261E-01
 0.21422266835735E-01
 0.22483560845716E-01
 0.23590258805206E-01
 0.24745231845493E-01
 0.25952178480626E-01
 0.27211299522074E-01
 0.28525127240127E-01
 0.29898163826309E-01
 0.31331946403594E-01
 0.32830860447611E-01
 0.34396216347485E-01
 0.36032755033531E-01
 0.37742690676644E-01
 0.39528711118144E-01
 0.41397731894504E-01
 0.43354125042155E-01
 0.45399128136500E-01
 0.47538440758806E-01
 0.49777299893392E-01
 0.52120434837832E-01
 0.54572547595177E-01
 0.57140860443873E-01
 0.59829512912784E-01
 0.62647247544625E-01
 0.65599058289843E-01
 0.68691407873271E-01
 0.71929606056360E-01
 0.75324078435054E-01
 0.78881041687258E-01
 0.82608688408521E-01
 0.86521063789641E-01
 0.90626435245848E-01
 0.94944643087226E-01
 0.99496426241311E-01
 0.10430888871427E+00
 0.10941925327681E+00
 0.11487896541979E+00
 0.12074954386973E+00
 0.12710516581482E+00
 0.13402098345904E+00
 0.14154728145031E+00
 0.14968722092794E+00
 0.15837647114394E+00
 0.16748468363971E+00
 0.17683452000952E+00
 0.18622694647967E+00
 0.19547693448174E+00
 0.20443367278306E+00
 0.21298785135286E+00
 0.22107282007297E+00
 0.22866438640272E+00
 0.23575079367580E+00
 0.24234947219067E+00
 0.24848386697768E+00
 0.25418297724428E+00
 0.25947927037421E+00
 0.26440702966350E+00
 0.26899427289495E+00
 0.27326907412540E+00
 0.27725755710606E+00
 0.28098668252191E+00
 0.28447674423181E+00
 0.28774339605307E+00
 0.29080823017203E+00
 0.29368501007555E+00
 0.29638980060919E+00
 0.29893483376604E+00
 0.30132374861234E+00
 0.30357408590839E+00
 0.30569403353199E+00
 0.30768999234329E+00
 0.30956784931807E+00
 0.31133502695036E+00
 0.31300120928386E+00
 0.31456613709133E+00
 0.31603854418912E+00
 0.31742379546726E+00
 0.31872238805787E+00
 0.31994158789414E+00
 0.32108364188536E+00
 0.32215533458688E+00
 0.32315270687180E+00
 0.32408590732652E+00
 0.32495368958529E+00
 0.32576205677479E+00
 0.32651214513317E+00
 0.32720455229377E+00
 0.32784503705811E+00
 0.32843315982971E+00
 0.32897377443940E+00
 0.32946269902000E+00
 0.32990868528804E+00
 0.33030909203880E+00
 0.33066925352456E+00
 0.33098930162535E+00
 0.33126856071853E+00
 0.33151216740458E+00
 0.33171959623651E+00
 0.33189332823038E+00
 0.33203360014800E+00
 0.33214235770504E+00
 0.33221966175959E+00
 0.33226898937289E+00
 0.33229046502463E+00
 0.33228341266897E+00
 0.33225160412152E+00
 0.33219482394494E+00
 0.33211250303471E+00
 0.33200707116874E+00
 0.33188068082897E+00
 0.33173232213176E+00
 0.33156507290100E+00
 0.33137609946556E+00
 0.33116833626710E+00
 0.33094221307943E+00
 0.33069875158470E+00
 0.33043855228694E+00
 0.33016151129527E+00
 0.32987109502700E+00
 0.32956370219171E+00
 0.32924247053922E+00
 0.32890778430066E+00
 0.32855925420193E+00
 0.32819785099907E+00
 0.32782416394190E+00
 0.32743917182423E+00
 0.32704337770586E+00
 0.32663589961752E+00
 0.32621830150792E+00
 0.32579007052452E+00
 0.32535295236328E+00
 0.32490705958570E+00
 0.32445153518151E+00
 0.32398851990704E+00
 0.32351611418119E+00
 0.32303636434888E+00
 0.32254966307527E+00
 0.32205532126965E+00
 0.32155480559600E+00
 0.32104755468137E+00
 0.32053327693372E+00
 0.32001366792344E+00
 0.31948836410100E+00
 0.31895740609037E+00
 0.31842215663789E+00
 0.31788060630976E+00
 0.31733566497356E+00
 0.31678512378225E+00
 0.31623060628045E+00
 0.31567176180640E+00
 0.31510946960219E+00
 0.31454368633110E+00
 0.31397364042052E+00
 0.31340113114073E+00
 0.31282449637526E+00
 0.31224495527178E+00
 0.31166331319285E+00
 0.31107839867696E+00
 0.31049164696897E+00
 0.30990217749775E+00
 0.30931037256942E+00
 0.30871643575530E+00
 0.30812092353608E+00
 0.30752272789845E+00
 0.30692356195702E+00
 0.30632286741871E+00
 0.30572056806682E+00
 0.30511653164760E+00
 0.30451175774402E+00
 0.30390536516327E+00
 0.30329859163447E+00
 0.30269014706169E+00
 0.30208171578992E+00
 0.30147163543281E+00
 0.30086155325813E+00
 0.30025104854470E+00
 0.29963918391340E+00
 0.29902748810210E+00
 0.29841552165307E+00
 0.29780297396064E+00
 0.29719041414626E+00
 0.29657764061050E+00
 0.29596487303960E+00
 0.29535243009467E+00
 0.29473967093370E+00
 0.29412764785899E+00
 0.29351510886804E+00
 0.29290306447662E+00
 0.29229171721344E+00
 0.29168007334029E+00
 0.29106925169773E+00
 0.29045905556775E+00
 0.28984930606780E+00
 0.28923996307693E+00
 0.28863158139629E+00
 0.28802321284455E+00
