 0.00000000000000E+00
 0.00000000000000E+00
 0.00000000000000E+00
 0.90009057328111E-25
 0.00000000000000E+00
 0.13870702540920E-10
-0.10723258495833E-10
 0.71171725186972E-11
-0.90527059093870E-11
 0.10387995146428E-05
 0.55411875417005E-06
 0.32727527967887E-05
 0.19167200414266E-05
-0.16114071766964E-05
-0.10678337652854E-05
-0.49285953027909E-06
-0.17700735308927E-07
-0.11464422806556E-07
 0.20296158984383E-05
-0.10523523341758E-05
-0.11865650249490E-05
-0.31751166864943E-06
 0.10460360838585E-07
 0.46757480637482E-06
-0.11643904866798E-05
 0.39198838021038E-06
 0.67410542035394E-06
 0.11223274704447E-05
 0.17801341228480E-05
 0.21259763352254E-05
 0.27931909018290E-05
 0.54524714574736E-05
 0.66209940258885E-05
 0.10040163291955E-04
 0.13649881594172E-04
 0.18681470569842E-04
 0.23607123048316E-04
 0.30563821041050E-04
 0.40507683454692E-04
 0.51986576554325E-04
 0.64006301776734E-04
 0.79776065000826E-04
 0.97682310400585E-04
 0.11836541181503E-03
 0.14257552336985E-03
 0.17042104304728E-03
 0.20174502090501E-03
 0.23735629677579E-03
 0.27741601145478E-03
 0.32224170092097E-03
 0.37233972421400E-03
 0.42760083227572E-03
 0.48887731667307E-03
 0.55571221347319E-03
 0.62929418945468E-03
 0.70926525352161E-03
 0.79600790175110E-03
 0.89063272986676E-03
 0.99218667564509E-03
 0.11028877486195E-02
 0.12175174265224E-02
 0.13443243921165E-02
 0.14848931362255E-02
 0.16297387132674E-02
 0.17815913021245E-02
 0.19477466286816E-02
 0.21232658927922E-02
 0.23089929588507E-02
 0.25054728406676E-02
 0.27151384131699E-02
 0.29350694018236E-02
 0.31679953265734E-02
 0.34157824283099E-02
 0.36749878603144E-02
 0.39499547408669E-02
 0.42382588031234E-02
 0.45395679866308E-02
 0.48608492645070E-02
 0.51952747809612E-02
 0.55495382725090E-02
 0.59185745681188E-02
 0.63074893531362E-02
 0.67116969355602E-02
 0.71379076179357E-02
 0.75886430496635E-02
 0.80588667646432E-02
 0.85524890962554E-02
 0.90664967224734E-02
 0.96062210903738E-02
 0.10177285702250E-01
 0.10765360778017E-01
 0.11386489347205E-01
 0.12030999149445E-01
 0.12716144440797E-01
 0.13435206678272E-01
 0.14182995452414E-01
 0.14964222307922E-01
 0.15781038558548E-01
 0.16650245104600E-01
 0.17545974590861E-01
 0.18498093259588E-01
 0.19483092047990E-01
 0.20524575451995E-01
 0.21612175877579E-01
 0.22758489047969E-01
 0.23953637058892E-01
 0.25217636963337E-01
 0.26539353813293E-01
 0.27928975446330E-01
 0.29384088081706E-01
 0.30910938488304E-01
 0.32536643114488E-01
 0.34235134220552E-01
 0.36001549890232E-01
 0.37893899297771E-01
 0.39841198435969E-01
 0.41939512753669E-01
 0.44126590669749E-01
 0.46446405821872E-01
 0.48879947885906E-01
 0.51456966163942E-01
 0.54151192038515E-01
 0.56981692185316E-01
 0.60005703861017E-01
 0.63171113166051E-01
 0.66527274208412E-01
 0.70085907557829E-01
 0.73785510474388E-01
 0.77707545966126E-01
 0.81832015465312E-01
 0.86207192857356E-01
 0.90788635463590E-01
 0.95623061668976E-01
 0.10073680556999E+00
 0.10618369482659E+00
 0.11205497279444E+00
 0.11838682718700E+00
 0.12533606033754E+00
 0.13306223785003E+00
 0.14182056888661E+00
 0.15206928887257E+00
 0.16437024598148E+00
 0.17921906788742E+00
 0.19668647196077E+00
 0.21608977336963E+00
 0.23612454220523E+00
 0.25514583107641E+00
 0.27141510819575E+00
 0.28375715022058E+00
 0.29162535571246E+00
 0.29517200444140E+00
 0.29501886562957E+00
 0.29204124976641E+00
 0.28714073996739E+00
 0.28104825371102E+00
 0.27438618720854E+00
 0.26757543168258E+00
 0.26085740355925E+00
 0.25443332654625E+00
 0.24843797601594E+00
 0.24286607121185E+00
 0.23777362196571E+00
 0.23309360808991E+00
 0.22882526882468E+00
 0.22497039888900E+00
 0.22154057345563E+00
 0.21837800773501E+00
 0.21555271602677E+00
 0.21299241786153E+00
 0.21069155026111E+00
 0.20864357009536E+00
 0.20675160736084E+00
 0.20509037100807E+00
 0.20353813654047E+00
 0.20214892473419E+00
 0.20090633257668E+00
 0.19978815742527E+00
 0.19878749336784E+00
 0.19790988880077E+00
 0.19707267170850E+00
 0.19630638922790E+00
 0.19564276759995E+00
 0.19505056233771E+00
 0.19452831369082E+00
 0.19408181832856E+00
 0.19360029009621E+00
 0.19324135697010E+00
 0.19291372045231E+00
 0.19257641773314E+00
 0.19231941842777E+00
 0.19211585138089E+00
 0.19192027449038E+00
 0.19175624656447E+00
 0.19164983864029E+00
 0.19149321459265E+00
 0.19140840648558E+00
 0.19132119503150E+00
 0.19127593923942E+00
 0.19123361205758E+00
 0.19120867608326E+00
 0.19121110308547E+00
 0.19122695776901E+00
 0.19123729383041E+00
 0.19129577719228E+00
 0.19129335981585E+00
 0.19134551160865E+00
 0.19143316909335E+00
 0.19148257311120E+00
 0.19155371555939E+00
 0.19164550755647E+00
 0.19172742747380E+00
 0.19181758224405E+00
 0.19194214512909E+00
 0.19202857403806E+00
 0.19214011023487E+00
 0.19226470804885E+00
 0.19238383816128E+00
 0.19251193318227E+00
 0.19264310712331E+00
 0.19276471671631E+00
 0.19288148476902E+00
 0.19303241235528E+00
 0.19317702958179E+00
 0.19328599478995E+00
 0.19343615155301E+00
 0.19357179501657E+00
 0.19371294163887E+00
 0.19386601500100E+00
 0.19401165170058E+00
 0.19415945664896E+00
 0.19429801240763E+00
 0.19443236713168E+00
 0.19458052690875E+00
 0.19473431582891E+00
 0.19487936141505E+00
 0.19503017242275E+00
 0.19517776185021E+00
 0.19532058053626E+00
 0.19547732604904E+00
 0.19562655191995E+00
 0.19575755092496E+00
 0.19591311364611E+00
 0.19605890399881E+00
 0.19622154074128E+00
 0.19636537014247E+00
 0.19650969550046E+00
 0.19665184087603E+00
 0.19680128198917E+00
 0.19695373387193E+00
 0.19708280481381E+00
 0.19724190877303E+00
 0.19738637230423E+00
 0.19752554124480E+00
 0.19766505189432E+00
 0.19782513362937E+00
 0.19795742267088E+00
 0.19808934762608E+00
 0.19824878265557E+00
 0.19836170731745E+00
 0.19851524601649E+00
 0.19866340406314E+00
 0.19880157751974E+00
 0.19892858908585E+00
 0.19907329786557E+00
 0.19920879341787E+00
 0.19934362265471E+00
 0.19946953564649E+00
 0.19959333352918E+00
 0.19973698576535E+00
 0.19987457259154E+00
 0.19999257635636E+00
 0.20013124415048E+00
 0.20026014573700E+00
 0.20038926444921E+00
 0.20051425229402E+00
 0.20064326661152E+00
 0.20076597252119E+00
 0.20089896811149E+00
 0.20101834185860E+00
 0.20113904780757E+00
 0.20125923038723E+00
 0.20139407612780E+00
 0.20151218126793E+00
 0.20163618920864E+00
 0.20174857011442E+00
 0.20187033481275E+00
 0.20198946226684E+00
 0.20211008147574E+00
 0.20222756887500E+00
 0.20234297494872E+00
 0.20245694334845E+00
 0.20257841461371E+00
 0.20269203553296E+00
 0.20279965178803E+00
 0.20291443486164E+00
 0.20302436570763E+00
 0.20313659224459E+00
 0.20324036104291E+00
 0.20335656411507E+00
 0.20346647974592E+00
