 0.00000000000000E+00
 0.00000000000000E+00
 0.00000000000000E+00
-0.56562647551349E-26
 0.00000000000000E+00
 0.16736387821791E-10
 0.23678212521059E-10
 0.25661757664540E-10
-0.57215534733156E-11
 0.18357622597673E-05
-0.31225010654289E-05
 0.51854808754635E-05
 0.93309638374004E-05
-0.98478760393452E-06
-0.24272120515313E-05
-0.68918820974103E-06
-0.10757680078013E-05
 0.11719509816445E-05
-0.46184660476894E-06
 0.60557850863534E-05
 0.39926735599258E-05
-0.62542953343854E-05
-0.18491005611095E-06
-0.13282767401204E-05
-0.52837597042151E-06
 0.14667325376317E-05
 0.66180220220216E-06
 0.39774588687881E-05
 0.23930531882663E-05
 0.11650972073809E-05
 0.16027679798182E-06
 0.62045993259383E-05
 0.86113837351797E-05
 0.11285802798394E-04
 0.11716515465371E-04
 0.18556078594760E-04
 0.21411065156095E-04
 0.29071451379496E-04
 0.44889437695532E-04
 0.48888237503257E-04
 0.63116075892881E-04
 0.77289385073427E-04
 0.97937352804778E-04
 0.11783803586679E-03
 0.14351010721121E-03
 0.16970414546651E-03
 0.20107021974771E-03
 0.23802694792632E-03
 0.28017113388855E-03
 0.32332222848481E-03
 0.37417932626580E-03
 0.42994165323584E-03
 0.49200252544686E-03
 0.55706665186613E-03
 0.63402019892170E-03
 0.71297381505895E-03
 0.79495520544462E-03
 0.88958406794902E-03
 0.10002195137152E-02
 0.10989122210547E-02
 0.12063959495250E-02
 0.13773551466029E-02
 0.15027516438871E-02
 0.16185353673620E-02
 0.18005294869985E-02
 0.19533433586913E-02
 0.21382473180363E-02
 0.23349121666010E-02
 0.25158630932920E-02
 0.27446863548836E-02
 0.29681710624749E-02
 0.31960825477064E-02
 0.34568374488620E-02
 0.37362611851161E-02
 0.40117316558887E-02
 0.43171220204654E-02
 0.46512836997916E-02
 0.49841835553054E-02
 0.53080871633314E-02
 0.57119679381773E-02
 0.60970242601366E-02
 0.65047529448777E-02
 0.69296120286364E-02
 0.73648948650999E-02
 0.78871098652759E-02
 0.84006343388390E-02
 0.89170218947941E-02
 0.95257844009109E-02
 0.10091367860923E-01
 0.10747021432565E-01
 0.11406687393615E-01
 0.12110202812194E-01
 0.12857319741018E-01
 0.13499609319380E-01
 0.14401053398614E-01
 0.15250862313880E-01
 0.16224169972979E-01
 0.17121850956534E-01
 0.18303557798120E-01
 0.19207134724925E-01
 0.20568404143880E-01
 0.21507420168016E-01
 0.22848408118811E-01
 0.24271438545506E-01
 0.25838942040732E-01
 0.27039899931497E-01
 0.28919637531191E-01
 0.30608211581402E-01
 0.32354525155840E-01
 0.34173421603110E-01
 0.36396608351024E-01
 0.38695346042322E-01
 0.40993358180283E-01
 0.43335703738952E-01
 0.45914602939716E-01
 0.48592441630772E-01
 0.51634640299817E-01
 0.55308277092659E-01
 0.58858835792505E-01
 0.61896907800838E-01
 0.65783781113631E-01
 0.70043402860138E-01
 0.74077574129187E-01
 0.78951807674152E-01
 0.84129416104557E-01
 0.89462699679814E-01
 0.95466906480887E-01
 0.10109450771707E+00
 0.10683535861688E+00
 0.11319509473415E+00
 0.12045541292436E+00
 0.12749847995296E+00
 0.13530835489709E+00
 0.14425352243432E+00
 0.15376672278390E+00
 0.16576309377300E+00
 0.17977044081198E+00
 0.19733291762359E+00
 0.22073328836557E+00
 0.25355842986057E+00
 0.30004066853655E+00
 0.36387346372612E+00
 0.44298059713071E+00
 0.52661844179516E+00
 0.59772880200484E+00
 0.63754658032563E+00
 0.63459657088794E+00
 0.58884780925830E+00
 0.50960039341116E+00
 0.41371940124481E+00
 0.31742852034368E+00
 0.23116860686392E+00
 0.16141257269904E+00
 0.10975443853847E+00
 0.71396954336415E-01
 0.47478635183597E-01
 0.32625457108002E-01
 0.24468997115233E-01
 0.20701422704025E-01
 0.20907818475095E-01
 0.20948303372650E-01
 0.23371828249493E-01
 0.26705178728884E-01
 0.30665613555614E-01
 0.33274783129020E-01
 0.36249625495028E-01
 0.40147959617292E-01
 0.43784191412423E-01
 0.46778182583274E-01
 0.48061183353358E-01
 0.48431104393563E-01
 0.51718193659828E-01
 0.53399720820572E-01
 0.53922194669729E-01
 0.53694259682586E-01
 0.55494743492154E-01
 0.56709695386349E-01
 0.55856494868664E-01
 0.57037265375508E-01
 0.57536038149091E-01
 0.56369416291396E-01
 0.57373164078361E-01
 0.57366392344469E-01
 0.57912516153776E-01
 0.56496381388311E-01
 0.57443757920075E-01
 0.57508261347773E-01
 0.58120560932040E-01
 0.57291882002863E-01
 0.56262037304507E-01
 0.56804829068069E-01
 0.56124056405454E-01
 0.55699984709834E-01
 0.53521360592377E-01
 0.54711345235610E-01
 0.53855282842220E-01
 0.54644455119393E-01
 0.54226452543491E-01
 0.53070798887316E-01
 0.53545884453828E-01
 0.53241417628420E-01
 0.52785277926834E-01
 0.52296039068469E-01
 0.51864041238878E-01
 0.51604030618819E-01
 0.51753636250362E-01
 0.51405897491172E-01
 0.50242983614011E-01
 0.50464456819771E-01
 0.49196429748447E-01
 0.48623811785795E-01
 0.48656042556532E-01
 0.49236088298225E-01
 0.48293443421179E-01
 0.48300082821616E-01
 0.46669626894627E-01
 0.46619732715101E-01
 0.46472349867738E-01
 0.46620152991252E-01
 0.46572967250765E-01
 0.46180941582132E-01
 0.46664591631837E-01
 0.44850658148433E-01
 0.45149712895644E-01
 0.44751295722944E-01
 0.43982062533392E-01
 0.43436280753027E-01
 0.43807363600498E-01
 0.43864209258068E-01
 0.43508425956612E-01
 0.42828942604102E-01
 0.42604735102999E-01
 0.42090289639156E-01
 0.42626523016370E-01
 0.41849136719307E-01
 0.41157849455454E-01
 0.41215003419473E-01
 0.40540300001608E-01
 0.40947585373072E-01
 0.40975662752668E-01
 0.40191580720869E-01
 0.40492120492402E-01
 0.39633455207399E-01
 0.39207891018745E-01
 0.39728665155337E-01
 0.39569065851261E-01
 0.39211828285418E-01
 0.39280668166037E-01
 0.37854391368065E-01
 0.38428038828061E-01
 0.37421910633305E-01
 0.37756672843084E-01
 0.37595492124816E-01
 0.37680751999485E-01
 0.37216245847072E-01
 0.36676557168832E-01
 0.36671932152197E-01
 0.36019273630785E-01
 0.36306591413580E-01
 0.36424623104811E-01
 0.35781528151118E-01
 0.35959670507097E-01
 0.35324626500539E-01
 0.35039337803062E-01
 0.34786737113560E-01
 0.34712433428600E-01
 0.34212874525508E-01
 0.34985984821203E-01
 0.34314537220792E-01
 0.34203539037958E-01
 0.33925499074248E-01
 0.33829103679928E-01
 0.33429698646015E-01
 0.34010288820328E-01
 0.33156763340709E-01
 0.33566600906313E-01
 0.32639893019969E-01
 0.33310161565302E-01
 0.32691469383537E-01
 0.32023825028405E-01
 0.32626744931186E-01
 0.32296912073911E-01
 0.32045716734978E-01
 0.32130607212532E-01
 0.32044605653701E-01
 0.32201361472957E-01
 0.32205150941087E-01
 0.31526621207088E-01
 0.31620440844920E-01
 0.30897544555740E-01
 0.31120025934390E-01
 0.31106218007062E-01
 0.30351514624143E-01
 0.31018905497834E-01
 0.30884213271937E-01
 0.30295748653460E-01
 0.29959249424504E-01
 0.30050132001290E-01
 0.29214579301795E-01
 0.29763206450209E-01
