 0.00000000000000E+00
 0.00000000000000E+00
 0.00000000000000E+00
-0.25066335567361E-25
 0.00000000000000E+00
-0.11908351255023E-10
 0.61236777039020E-11
 0.15070304060250E-11
 0.10203686345241E-10
-0.18684164096674E-05
-0.91945183280377E-06
-0.74099934199429E-05
-0.53159837448338E-05
 0.47860760708366E-05
 0.54740071924707E-05
-0.85370232632873E-06
 0.20377330837064E-05
 0.37637951408138E-06
-0.12651139352740E-04
 0.52897384449463E-05
 0.11186707981763E-04
-0.55288009618980E-06
 0.16277621060775E-05
-0.14658266125743E-05
 0.15577201554708E-04
 0.14083368798227E-05
 0.10206935565297E-05
 0.12147317716018E-05
-0.28052693277502E-05
 0.31976555297424E-05
 0.14696559149020E-04
-0.30965003120183E-05
 0.15289080133295E-04
 0.61976674093132E-05
 0.99565931777236E-05
 0.95166550101639E-05
 0.30130478547905E-04
 0.45769060849474E-04
 0.36749326270141E-04
 0.28869121012437E-04
 0.72941200742944E-04
 0.69259890647624E-04
 0.88769483359215E-04
 0.11972353367055E-03
 0.14474629711895E-03
 0.16180133393305E-03
 0.20446164163897E-03
 0.23966128069784E-03
 0.27897768199969E-03
 0.33096797810403E-03
 0.37373745621402E-03
 0.43380576929418E-03
 0.48453252241639E-03
 0.56400161166227E-03
 0.61540923384723E-03
 0.70484009770264E-03
 0.80050064194219E-03
 0.87692291911434E-03
 0.10461323305745E-02
 0.10217662931262E-02
 0.13269417134773E-02
 0.14998166030033E-02
 0.13760725433670E-02
 0.15827545460126E-02
 0.19162069393554E-02
 0.19770756980860E-02
 0.21180784185173E-02
 0.23261923278367E-02
 0.26196356109636E-02
 0.27501911914895E-02
 0.30949857432797E-02
 0.33668644189039E-02
 0.35243959192803E-02
 0.38999136964378E-02
 0.40544467777687E-02
 0.44168906949938E-02
 0.49478134712851E-02
 0.51681746194233E-02
 0.55858697526548E-02
 0.58059641114138E-02
 0.63138478813632E-02
 0.67181375860293E-02
 0.75743966367864E-02
 0.81529201504302E-02
 0.84331362055992E-02
 0.90253745939074E-02
 0.94313397768944E-02
 0.10229359165182E-01
 0.11017671172286E-01
 0.11038286975483E-01
 0.12677503914099E-01
 0.13385633531014E-01
 0.15292322812576E-01
 0.15783619150685E-01
 0.16168875448870E-01
 0.17215126994490E-01
 0.18673146806758E-01
 0.20751605773853E-01
 0.20762797890148E-01
 0.23323301076667E-01
 0.23729828247384E-01
 0.27061592734798E-01
 0.27944264209188E-01
 0.30669099048059E-01
 0.31929978813372E-01
 0.35212213553113E-01
 0.37104371093874E-01
 0.40309827860051E-01
 0.42488067691364E-01
 0.46328158959737E-01
 0.51330910505844E-01
 0.51720516382674E-01
 0.55382005822979E-01
 0.63405453427235E-01
 0.64639220434726E-01
 0.75416392285278E-01
 0.78572306222889E-01
 0.85561734701289E-01
 0.87736259601264E-01
 0.93363484387925E-01
 0.99141349018691E-01
 0.10877579774487E+00
 0.12274342661985E+00
 0.12795491174389E+00
 0.13941843931945E+00
 0.14752667849589E+00
 0.15067155642090E+00
 0.16629247997635E+00
 0.17971629683156E+00
 0.19394393602681E+00
 0.20232547441892E+00
 0.21773960036975E+00
 0.23944831168654E+00
 0.26111104278524E+00
 0.28189216843210E+00
 0.29822478487587E+00
 0.33323863673034E+00
 0.40974948256206E+00
 0.59626676820763E+00
 0.95930483711260E+00
 0.15022422043025E+01
 0.21220183534957E+01
 0.26071391204121E+01
 0.27276182766268E+01
 0.23850790325430E+01
 0.16111331907426E+01
 0.57111374371567E+00
-0.45259728916551E+00
-0.12634426885846E+01
-0.17368551282809E+01
-0.18820991289870E+01
-0.17764903409428E+01
-0.15235437205808E+01
-0.12295868762749E+01
-0.93981578703647E+00
-0.69552099309106E+00
-0.50480545741340E+00
-0.35241680217242E+00
-0.23546492147431E+00
-0.16384354479534E+00
-0.10495712875947E+00
-0.83241611922704E-01
-0.43846793286700E-01
-0.15620681409726E-01
 0.15088785494762E-03
-0.90318329127002E-02
 0.82426567769667E-02
 0.65090618537398E-02
 0.85074045088674E-02
 0.18283281390055E-01
-0.13850552847534E-03
 0.49908669729676E-02
-0.65405979101117E-02
 0.27418150088850E-02
 0.13579538258835E-01
 0.90285410039205E-02
 0.69950050079469E-02
 0.74762677111778E-03
-0.14292825652564E-01
-0.82800636286859E-02
 0.13394551603622E-01
 0.86349894974626E-02
 0.29795956070635E-02
-0.57723149244843E-03
-0.19408763272734E-01
 0.14203563474766E-01
 0.10024279734161E-03
-0.63695199509878E-03
 0.23975105046612E-01
 0.21866141774877E-01
 0.15246578165084E-01
 0.16152212288979E-01
 0.10324542200006E-01
-0.12979053856695E-01
 0.19217277036224E-01
 0.10095108892409E-01
 0.16827345286396E-01
 0.14815387540541E-01
 0.16630797578532E-01
 0.18764029217302E-01
 0.11172700783100E-01
 0.51448060209191E-02
 0.14587547501813E-01
-0.51115511765242E-02
 0.21830250438626E-01
 0.15198653536890E-01
 0.33292541732020E-02
 0.13711082270207E-01
 0.21947490111290E-01
 0.16611972176701E-01
 0.17784448986473E-01
 0.24062844142417E-01
 0.24832529563902E-02
 0.20100969161288E-01
 0.23686984780562E-01
 0.12101915501809E-01
 0.14999739265921E-01
 0.11128304528335E-01
 0.54402037253561E-02
 0.91404692857683E-02
 0.15110641205180E-01
-0.64991150327393E-03
 0.19849350513416E-03
 0.17051595341038E-01
 0.14045534269569E-01
 0.11219511819422E-01
 0.19026465002431E-01
 0.66450518368960E-02
-0.17043299659794E-02
 0.38286113552568E-02
 0.11673485002238E-01
 0.23153950301179E-01
 0.16661514258271E-01
 0.16266896378462E-01
 0.18425189781981E-01
 0.17037758838891E-01
 0.20495661572597E-01
 0.20953112913715E-01
 0.11148849242291E-01
 0.13523182766033E-01
 0.30662747695918E-01
 0.23797696947617E-01
 0.25394776642770E-01
 0.11668303784189E-01
 0.16770046767881E-01
 0.21395123431662E-01
 0.23864418474966E-01
 0.21118420571221E-01
 0.12866785539835E-01
 0.28816378939883E-01
 0.19530152038046E-01
 0.13226177095998E-01
 0.21172431345649E-01
 0.28001242949709E-01
 0.38876527378111E-02
 0.18790009905256E-01
 0.24196289978196E-01
 0.97038609362251E-02
 0.35777483056554E-01
 0.20631188071953E-01
 0.11770754483461E-01
 0.82039544180896E-02
 0.18393227265991E-01
 0.12311188685916E-01
 0.99018483889813E-02
 0.90172227824975E-02
 0.18186777821807E-01
 0.30748417113675E-01
 0.16500489101447E-01
 0.14148760568502E-01
 0.25631174827399E-01
 0.15904407857828E-01
 0.17201409170578E-01
 0.13595478496109E-01
 0.20239758708136E-01
 0.21274536809825E-01
 0.24413924521799E-01
 0.16461562643947E-01
 0.22405477409359E-01
 0.26690431610338E-01
 0.29987577974340E-01
 0.10518194729874E-01
 0.15613586072269E-01
 0.13697932662658E-01
 0.24559564100294E-01
 0.21427032344478E-01
 0.21137020296134E-01
 0.15700047644854E-01
 0.12847378384792E-01
 0.18972616665895E-01
 0.21723891320097E-01
 0.11217309760419E-01
 0.10787819308996E-01
 0.19294509422876E-01
 0.18988950591082E-01
 0.23366744310822E-01
 0.19862718698775E-01
 0.30251946304155E-01
 0.21503692425251E-01
 0.22404724530392E-01
