 0.00000000000000E+00
 0.00000000000000E+00
 0.00000000000000E+00
 0.17425753498722E-25
 0.00000000000000E+00
 0.20763930593363E-24
 0.44189646988092E-23
 0.40010843414218E-22
-0.51886553734517E-13
-0.47870895901508E-12
 0.50229158179152E-08
-0.58268282240599E-06
-0.34119671245164E-06
-0.80377052892820E-07
-0.63414079832293E-07
 0.35440802194442E-06
-0.22266502357282E-06
 0.26192478249653E-06
-0.22230773287426E-06
 0.10143821804555E-07
 0.99657713618539E-08
-0.23532342963505E-07
 0.13302053483365E-06
 0.65001658249245E-07
-0.99970632553382E-07
 0.88114292649823E-07
-0.49075221637879E-08
-0.11868461187142E-06
-0.30071305942399E-07
-0.42401443258130E-08
-0.36677321878559E-07
 0.49180966525373E-07
 0.10868240660926E-06
-0.23413104357627E-08
 0.39177605508325E-07
-0.11716808866901E-07
 0.11479871364247E-06
 0.13367187746928E-06
 0.10291758487757E-06
 0.50309379577579E-07
 0.21471531932488E-06
 0.29134860696291E-06
 0.37938776357143E-06
 0.51847206943746E-06
 0.79702855214336E-06
 0.99492978933246E-06
 0.13565918955761E-05
 0.17104283483950E-05
 0.22268099105872E-05
 0.28160955864071E-05
 0.35870888344640E-05
 0.44512269095076E-05
 0.55374434769184E-05
 0.69098219916772E-05
 0.84489146359034E-05
 0.10367283630363E-04
 0.12568419076170E-04
 0.15000932660463E-04
 0.17936236033419E-04
 0.21266743306184E-04
 0.25122636404715E-04
 0.29487039497368E-04
 0.34544475212757E-04
 0.40100546605713E-04
 0.46504666065418E-04
 0.53615515318808E-04
 0.61612570191470E-04
 0.70507515623495E-04
 0.80494227167996E-04
 0.91498459366837E-04
 0.10365710922709E-03
 0.11703219686868E-03
 0.13198139377923E-03
 0.14833685608057E-03
 0.16587679271824E-03
 0.18513704946597E-03
 0.20627242275596E-03
 0.22939160674310E-03
 0.25471424281670E-03
 0.28215090411735E-03
 0.31158982270305E-03
 0.34315547682574E-03
 0.37749324040223E-03
 0.41471583338362E-03
 0.45471555532769E-03
 0.49778715247516E-03
 0.54387607265649E-03
 0.59361254015134E-03
 0.64669652047398E-03
 0.70382395978922E-03
 0.76447766546220E-03
 0.82968630921459E-03
 0.89933214459525E-03
 0.97322646983371E-03
 0.10522973519146E-02
 0.11361793064000E-02
 0.12263830247036E-02
 0.13216712189621E-02
 0.14228260486773E-02
 0.15307056990353E-02
 0.16452660064369E-02
 0.17665328997198E-02
 0.18956090240924E-02
 0.20316935298301E-02
 0.21766349917158E-02
 0.23301639716199E-02
 0.24926062533014E-02
 0.26644225691313E-02
 0.28465812177995E-02
 0.30396924310507E-02
 0.32435429732367E-02
 0.34587139265200E-02
 0.36859844554997E-02
 0.39267399383126E-02
 0.41808870464223E-02
 0.44492499010150E-02
 0.47331483890547E-02
 0.50325238748613E-02
 0.53485957876969E-02
 0.56817935852915E-02
 0.60338960050428E-02
 0.64058827624023E-02
 0.67978908206105E-02
 0.72122680730796E-02
 0.76471666568405E-02
 0.81090900267674E-02
 0.85944758328490E-02
 0.91061013637061E-02
 0.96475873950836E-02
 0.10217427983892E-01
 0.10819532092857E-01
 0.11454284712215E-01
 0.12122630842115E-01
 0.12829822387328E-01
 0.13573028035335E-01
 0.14359483770798E-01
 0.15187751889600E-01
 0.16062392893170E-01
 0.16986154817826E-01
 0.17959013695002E-01
 0.18986937682377E-01
 0.20071192783149E-01
 0.21212949729865E-01
 0.22422063506277E-01
 0.23695569118279E-01
 0.25042592173259E-01
 0.26466086763021E-01
 0.27964282034220E-01
 0.29547175798060E-01
 0.31220602562892E-01
 0.32983522403019E-01
 0.34846681152230E-01
 0.36817075441364E-01
 0.38892252995312E-01
 0.41085040181766E-01
 0.43396013414471E-01
 0.45828931644872E-01
 0.48399731459523E-01
 0.51106864747269E-01
 0.53956197584960E-01
 0.56951998606793E-01
 0.60094247964603E-01
 0.63385849964231E-01
 0.66821767786372E-01
 0.70390881259304E-01
 0.74085398295049E-01
 0.77874540191966E-01
 0.81727224059409E-01
 0.85608172148424E-01
 0.89461818035777E-01
 0.93265030082193E-01
 0.96906659236702E-01
 0.10034359017364E+00
 0.10352046538984E+00
 0.10642913389873E+00
 0.10906410750132E+00
 0.11142402419205E+00
 0.11352282619812E+00
 0.11539789644441E+00
 0.11707278488307E+00
 0.11859165616398E+00
 0.11998335966937E+00
 0.12126596270249E+00
 0.12247740284617E+00
 0.12362770193979E+00
 0.12472994623738E+00
 0.12579499518595E+00
 0.12683583847797E+00
 0.12785514390164E+00
 0.12885836430488E+00
 0.12984317175223E+00
 0.13082551037305E+00
 0.13178620828028E+00
 0.13273993169746E+00
 0.13368472576074E+00
 0.13461156402810E+00
 0.13553235469613E+00
 0.13644321511699E+00
 0.13733940944781E+00
 0.13822564998122E+00
 0.13910217243250E+00
 0.13996462209160E+00
 0.14081410449608E+00
 0.14166031986462E+00
 0.14248262998484E+00
 0.14329715630635E+00
 0.14410121626805E+00
 0.14489448484559E+00
 0.14567518047619E+00
 0.14643898270154E+00
 0.14719831606439E+00
 0.14794691908782E+00
 0.14868366315850E+00
 0.14940292875763E+00
 0.15011166736791E+00
 0.15081500743496E+00
 0.15150781184741E+00
 0.15218511471705E+00
 0.15285927984918E+00
 0.15351870874977E+00
 0.15416667758682E+00
 0.15480725535344E+00
 0.15543733737602E+00
 0.15605677466204E+00
 0.15667291705518E+00
 0.15727509723504E+00
 0.15787329633552E+00
 0.15845505827214E+00
 0.15903357866818E+00
 0.15960349151542E+00
 0.16016429293556E+00
 0.16071883301186E+00
 0.16126458748907E+00
 0.16180105562063E+00
 0.16233320975373E+00
 0.16285885946656E+00
 0.16337278188464E+00
 0.16388250709138E+00
 0.16438390549019E+00
 0.16487889308229E+00
 0.16536599098034E+00
 0.16584875101980E+00
 0.16632362124126E+00
 0.16679400300048E+00
 0.16725477763380E+00
 0.16771610059461E+00
 0.16816519354302E+00
 0.16861172339371E+00
 0.16905109888739E+00
 0.16948165997486E+00
 0.16991136182552E+00
 0.17033670117572E+00
 0.17075294982635E+00
 0.17116738810907E+00
 0.17157368982998E+00
 0.17197766776415E+00
 0.17237213505248E+00
 0.17276682164376E+00
 0.17315531374322E+00
 0.17353983548414E+00
 0.17391630256294E+00
 0.17429208888038E+00
 0.17466206424007E+00
 0.17502776328107E+00
 0.17538871620633E+00
 0.17574810940295E+00
 0.17609760546322E+00
 0.17644590698554E+00
 0.17679278851508E+00
 0.17713195202864E+00
 0.17747278213695E+00
 0.17780433602410E+00
 0.17813407685412E+00
 0.17845963477555E+00
 0.17878193022481E+00
 0.17910394929681E+00
 0.17942037340028E+00
 0.17972950401680E+00
 0.18003739233156E+00
 0.18034328776987E+00
 0.18064766907936E+00
 0.18094500589361E+00
 0.18123975417152E+00
 0.18153409040150E+00
 0.18182409781686E+00
 0.18211053468544E+00
 0.18239345756886E+00
 0.18267262993623E+00
 0.18295281418697E+00
 0.18322886265529E+00
 0.18350023974733E+00
 0.18376876796955E+00
 0.18403635606354E+00
 0.18429946844799E+00
 0.18456050111280E+00
 0.18482143580768E+00
 0.18507482706302E+00
 0.18532915049933E+00
 0.18558153952134E+00
 0.18583051938659E+00
