 0.00000000000000E+00
 0.00000000000000E+00
 0.00000000000000E+00
-0.48182325690142E-27
 0.00000000000000E+00
-0.18684535519965E-25
-0.29115762437869E-24
-0.67875297773710E-23
 0.22805261836437E-12
-0.12598590144436E-11
 0.23612119721804E-06
-0.48247015583060E-06
 0.34933739495240E-06
-0.18626801778338E-06
-0.17600890933985E-06
-0.32561271854012E-07
-0.19668021963902E-06
 0.11610485499782E-07
-0.28956842087170E-06
 0.14714492084724E-06
 0.98491276258746E-06
-0.18552432779620E-06
 0.22898725429845E-07
 0.12590095245442E-06
-0.12845370969529E-06
-0.26869327790070E-06
-0.24491177540381E-06
 0.57947870988886E-07
 0.16842823296055E-06
 0.27393202341869E-06
-0.13015039440697E-06
 0.28473507761377E-06
-0.12419016434235E-07
-0.23212296842859E-06
-0.10637524889352E-06
 0.60262251639157E-07
 0.60433924855758E-07
 0.11495833904778E-06
-0.71959019876775E-07
 0.12929854949637E-06
 0.59258084295342E-07
 0.24222446983746E-06
 0.28948150079006E-06
 0.67893540797088E-06
 0.90967487306504E-06
 0.10231809341433E-05
 0.11543399897220E-05
 0.17352709954140E-05
 0.23713968019920E-05
 0.27844045885187E-05
 0.32198119465733E-05
 0.45104091151046E-05
 0.55662621327257E-05
 0.69309446623869E-05
 0.83314599855705E-05
 0.10412495121294E-04
 0.12267286460026E-04
 0.15007141703812E-04
 0.17979422625190E-04
 0.21301650924771E-04
 0.25044946667923E-04
 0.29394489283885E-04
 0.34530262535256E-04
 0.40065450636226E-04
 0.46314941876792E-04
 0.53574510080392E-04
 0.61542730892836E-04
 0.70037970240982E-04
 0.80374576647866E-04
 0.91043307143235E-04
 0.10349710856746E-03
 0.11683593292367E-03
 0.13282978926974E-03
 0.14778259781958E-03
 0.16383599100966E-03
 0.18283966464222E-03
 0.20503948337574E-03
 0.23036973412617E-03
 0.25450850639262E-03
 0.28033340614265E-03
 0.30809142327147E-03
 0.33954148707170E-03
 0.37465453949379E-03
 0.41160176837166E-03
 0.45054750721337E-03
 0.49200341361537E-03
 0.53758449503886E-03
 0.58645407995472E-03
 0.63972121231822E-03
 0.69650831205907E-03
 0.75734580242432E-03
 0.82125826856883E-03
 0.88954972355832E-03
 0.96084861344993E-03
 0.10396784384591E-02
 0.11211768052994E-02
 0.12108570502025E-02
 0.13037801188435E-02
 0.14048668412035E-02
 0.15078146693726E-02
 0.16221098368268E-02
 0.17398810743134E-02
 0.18632598771922E-02
 0.19989394858776E-02
 0.21420635847579E-02
 0.22898316171574E-02
 0.24468518811019E-02
 0.26207693670085E-02
 0.28010038071877E-02
 0.29878196761819E-02
 0.31856414463526E-02
 0.33926757683475E-02
 0.36152764898662E-02
 0.38585843356337E-02
 0.41071552843522E-02
 0.43672343717067E-02
 0.46446351449564E-02
 0.49404368592768E-02
 0.52465544308056E-02
 0.55712222276094E-02
 0.59231918487447E-02
 0.62818019735385E-02
 0.66682047736013E-02
 0.70840936338206E-02
 0.74994801984758E-02
 0.79717353970158E-02
 0.84570449713785E-02
 0.89568367388525E-02
 0.94898155153459E-02
 0.10055457777511E-01
 0.10659860972183E-01
 0.11294089989162E-01
 0.11969881117148E-01
 0.12678541252680E-01
 0.13411313401593E-01
 0.14202035035383E-01
 0.15057266170261E-01
 0.15937884975895E-01
 0.16870979192890E-01
 0.17849195323698E-01
 0.18901603383600E-01
 0.19996586550238E-01
 0.21182094355828E-01
 0.22428200540379E-01
 0.23708958081746E-01
 0.25103586417831E-01
 0.26592708894289E-01
 0.28099373420004E-01
 0.29757331040979E-01
 0.31488012188099E-01
 0.33358701864430E-01
 0.35270838416837E-01
 0.37359452380103E-01
 0.39546559332486E-01
 0.41815270607125E-01
 0.44201836292796E-01
 0.46714787314246E-01
 0.49448626136036E-01
 0.52327218207401E-01
 0.55312385859551E-01
 0.58466041381636E-01
 0.61734382695886E-01
 0.65134950648112E-01
 0.68620165019398E-01
 0.72101721109666E-01
 0.75641092481731E-01
 0.78874666294374E-01
 0.81981620554614E-01
 0.84801487029421E-01
 0.87033950905598E-01
 0.88080928817786E-01
 0.88231220873249E-01
 0.87322492212758E-01
 0.85829736930184E-01
 0.83598384477430E-01
 0.80818431542895E-01
 0.77527610250089E-01
 0.74119802186558E-01
 0.70633498219279E-01
 0.67317770291154E-01
 0.64132066712009E-01
 0.61209781168604E-01
 0.58424013772783E-01
 0.55958687894287E-01
 0.53661081106008E-01
 0.51587380916567E-01
 0.49655761665749E-01
 0.47917665450886E-01
 0.46279061605601E-01
 0.44909835191529E-01
 0.43486324206978E-01
 0.42244389104105E-01
 0.41061558434321E-01
 0.40023038512170E-01
 0.39034108583666E-01
 0.38110354195146E-01
 0.37233577838793E-01
 0.36405057079449E-01
 0.35549258297498E-01
 0.34791619766551E-01
 0.34141686485806E-01
 0.33526970651914E-01
 0.32772385198234E-01
 0.32329311877244E-01
 0.31768944703925E-01
 0.31182206834169E-01
 0.30689424392421E-01
 0.30196564371462E-01
 0.29745993701520E-01
 0.29276308497552E-01
 0.28848776345630E-01
 0.28440143359689E-01
 0.28062873940587E-01
 0.27679119420070E-01
 0.27405249252951E-01
 0.26949988523354E-01
 0.26642792262085E-01
 0.26303580656064E-01
 0.25988726879817E-01
 0.25723581413820E-01
 0.25378721685525E-01
 0.25160624311536E-01
 0.24850830447861E-01
 0.24576773460291E-01
 0.24363849998995E-01
 0.24111817959318E-01
 0.23859674897400E-01
 0.23581999949421E-01
 0.23390226544408E-01
 0.23161146392289E-01
 0.22909479923124E-01
 0.22734966266019E-01
 0.22562914238848E-01
 0.22297999262708E-01
 0.22141249380562E-01
 0.21987224019661E-01
 0.21720987516697E-01
 0.21590272086887E-01
 0.21389310344408E-01
 0.21220123569965E-01
 0.21116571443305E-01
 0.20861710090016E-01
 0.20690154731416E-01
 0.20517719532218E-01
 0.20416570992797E-01
 0.20211356622575E-01
 0.20098659007473E-01
 0.19993822002678E-01
 0.19786815626345E-01
 0.19657410606658E-01
 0.19531396477211E-01
 0.19388272739228E-01
 0.19241818992221E-01
 0.19141295446095E-01
 0.19019041783456E-01
 0.18929552238796E-01
 0.18741256849473E-01
 0.18675553305209E-01
 0.18529362898788E-01
 0.18409806135978E-01
 0.18295079697884E-01
 0.18198583594726E-01
 0.18038178935583E-01
 0.17937160499773E-01
 0.17784806399974E-01
 0.17725327996835E-01
 0.17643408999254E-01
 0.17545199680873E-01
 0.17457781172351E-01
 0.17264626136639E-01
 0.17180493354691E-01
 0.17127357699833E-01
 0.16960446045407E-01
 0.16913058668603E-01
 0.16868584399760E-01
 0.16740536270849E-01
 0.16680663813383E-01
 0.16537244315848E-01
 0.16491698600555E-01
 0.16360152720092E-01
 0.16263990949955E-01
 0.16139757578681E-01
 0.16104655667053E-01
 0.16021614929655E-01
 0.15949647121437E-01
 0.15887789607319E-01
 0.15762216168041E-01
 0.15712426878390E-01
 0.15638264280505E-01
 0.15520599896828E-01
 0.15428852032938E-01
 0.15422008891132E-01
 0.15321671233181E-01
 0.15214728657321E-01
 0.15124310236595E-01
 0.15075343431639E-01
 0.15054698546661E-01
 0.14912848928174E-01
 0.14871499735289E-01
 0.14815505752040E-01
