 0.00000000000000E+00
 0.00000000000000E+00
 0.00000000000000E+00
-0.42215822742531E-23
 0.81654782477997E-24
 0.13342284718627E-22
 0.19324918507912E-22
-0.77301862088545E-22
 0.21822047895354E-21
 0.87918184616309E-21
 0.11640326440139E-20
 0.59204164724787E-20
 0.11820518501685E-19
 0.32694401259995E-19
 0.92336636971385E-19
 0.77620075579084E-19
 0.61508778768201E-19
 0.19215209246290E-18
 0.32309072566165E-18
 0.61068093996984E-18
 0.52752915665249E-18
 0.14946918217484E-17
 0.70371698193185E-18
 0.15739199483759E-17
 0.14698649527489E-17
 0.22007656264955E-17
 0.24564761882897E-18
-0.29367602535294E-18
-0.19678847894134E-09
 0.34300173463500E-08
-0.84439505649055E-09
 0.13642020125163E-08
-0.34516331010887E-08
-0.51090981059900E-08
 0.15286173605998E-08
 0.19044261717746E-08
 0.91146419591676E-09
 0.11840376395736E-08
-0.13963764552874E-08
-0.14849807852460E-09
-0.27565198834355E-08
-0.31064970090656E-08
 0.19166437220955E-08
-0.22046019995677E-08
 0.75043863482185E-09
-0.36092610616919E-08
 0.77352852013712E-09
 0.18522358490968E-09
 0.36877820340111E-09
 0.21074685927158E-08
-0.20073526242063E-08
-0.47118525319628E-09
 0.37635150436011E-09
 0.20274958756377E-09
-0.16494729713249E-08
 0.47797820253660E-09
 0.68440670107945E-09
 0.81552741211060E-09
 0.13667473938060E-08
-0.45114103835336E-09
 0.67095175744980E-10
 0.11172337896524E-08
-0.11717824019670E-08
 0.70081359375336E-09
-0.53890140675138E-09
 0.75017940809166E-09
 0.27061268531263E-09
 0.24383114609312E-08
 0.25013087479108E-08
-0.11773332102322E-08
 0.33249861663733E-10
 0.12477992946232E-08
 0.15947514390219E-08
 0.12931453716587E-08
 0.13990431818933E-08
 0.13611558884405E-08
-0.46832033086914E-09
 0.70122572914331E-09
 0.18217927048026E-08
-0.58102308156489E-09
 0.49448731649784E-09
-0.40193141546666E-09
 0.38700713618995E-08
 0.28680920638317E-09
 0.11652524766423E-08
-0.67772411714664E-09
 0.35095528814515E-09
 0.10438721541249E-08
 0.11583176580156E-08
-0.16914982379506E-08
-0.63771796336273E-10
 0.76084657705237E-10
 0.51631002109656E-09
-0.52569529154655E-09
 0.12576075599195E-08
-0.12390596635418E-08
-0.11454611825049E-10
 0.11104000333907E-09
-0.14612042750357E-09
 0.30935456677179E-09
-0.16548589170864E-08
 0.24136882516217E-08
 0.35574295741225E-09
 0.18223487600169E-09
 0.92048385748368E-10
 0.24170155277954E-10
 0.44812516580283E-10
 0.16807883089248E-09
-0.10736690717008E-10
-0.22034622468653E-09
-0.18747564994230E-09
-0.15277881436093E-09
-0.59476645174909E-09
-0.40712494951344E-10
-0.39699250041868E-09
 0.41284453192528E-10
 0.15645109735164E-08
-0.43009587502210E-08
-0.17588503829511E-09
-0.13754488412882E-08
-0.44294430658663E-10
-0.77877452114191E-10
-0.99185813282238E-10
 0.69627158830731E-09
 0.40767516374963E-08
-0.81197370810821E-10
-0.20566795548062E-08
 0.45734204082651E-10
-0.14773140792355E-09
 0.75227894155975E-10
-0.40755560253937E-09
 0.31901842063320E-11
 0.20525000186394E-09
 0.40813571186056E-10
 0.61198691776388E-09
 0.30908796954539E-09
-0.61628966824345E-10
-0.11917631957767E-10
-0.14101339536872E-08
-0.46062781168394E-09
-0.13026173723231E-08
-0.14371067420291E-08
 0.35441081844376E-08
 0.24273434037944E-07
-0.30102933819136E-08
 0.75367273610120E-09
 0.22202287413629E-08
 0.82709038977933E-08
 0.15751614204219E-07
 0.68444854350645E-08
 0.11616666438204E-07
-0.76756697569444E-08
 0.85707742778251E-08
-0.11449338268803E-07
-0.38348589412967E-08
 0.68277369303268E-08
-0.54917461697989E-08
 0.68830764143668E-08
 0.74666545202074E-09
 0.65494257714507E-09
-0.70432501651035E-08
-0.19572543411537E-08
 0.13157830764367E-08
 0.31100391244151E-08
-0.55583398723924E-08
 0.19175718335817E-08
-0.17316175610212E-09
 0.58031899150994E-08
 0.74048167850184E-08
-0.26989002277085E-09
 0.41762742332936E-08
-0.21292677316167E-08
 0.51168251851262E-08
 0.69483179788728E-08
-0.77294258665778E-09
 0.43722214779826E-10
 0.74565821156928E-09
-0.14657719521190E-08
-0.50997880944420E-09
-0.26335046170594E-08
-0.13740702451449E-08
-0.17603520359435E-09
-0.58802172702205E-09
 0.30147337047850E-08
-0.10028956195289E-08
-0.14120166070465E-08
-0.27900340085290E-09
 0.13783239097255E-08
-0.24948477689967E-08
-0.62724011166450E-09
 0.66148124462025E-09
 0.51568529139245E-09
 0.35974384235378E-11
 0.46643813843329E-09
 0.37314801964002E-09
 0.76742030013457E-09
-0.19908345450456E-09
-0.19962162854438E-09
 0.91569510982439E-09
-0.15407056752848E-08
 0.65864364981355E-09
 0.57561270565522E-09
-0.56158969082572E-10
 0.11890029176048E-08
-0.29611674220821E-09
-0.56575738334035E-09
-0.35864504606585E-09
-0.75368525309617E-09
-0.30245711693249E-10
-0.13668362628255E-08
-0.41974572881206E-09
 0.60446388133840E-09
-0.70069922387695E-09
-0.31709498128067E-09
 0.28213045382582E-09
-0.13140878467290E-08
 0.94825648941817E-10
-0.93228817384213E-09
 0.78811202445535E-09
 0.12456176018956E-09
 0.54768826026903E-09
 0.69464023312413E-10
 0.15513207208951E-09
-0.40434649634451E-09
 0.68625768486146E-09
 0.23390537146777E-10
-0.40546333564046E-09
 0.37740576454573E-10
 0.37233390259051E-09
 0.10359388635054E-08
 0.10846531864893E-08
 0.11997174577020E-08
-0.67948244428601E-09
 0.19021999905680E-09
-0.31920984255013E-10
 0.11169719531231E-08
-0.16877169749404E-08
 0.57275045367134E-09
-0.13912679429324E-08
-0.18241160601556E-08
-0.93848870908752E-09
 0.76137720900996E-09
 0.24522824364296E-11
 0.10552643081856E-08
 0.95599915471514E-09
-0.97773455600988E-09
-0.16802933293900E-09
-0.12776551421470E-09
 0.16032788299730E-09
 0.74619417560071E-10
-0.11801780488803E-09
-0.46405631730643E-09
 0.32681711413039E-09
 0.10991754457630E-08
-0.92324630857394E-09
 0.20328519631342E-09
-0.57700315801445E-09
-0.62894462252312E-09
-0.10850385807530E-08
-0.77810786875703E-10
 0.71281992857146E-09
-0.57074496688639E-09
 0.19730190725454E-09
 0.19665883469056E-09
 0.25168723004568E-09
 0.76079451700379E-10
-0.93363435866836E-09
 0.25250941727820E-10
-0.10906377945154E-08
-0.46645174364842E-09
-0.54341695454049E-09
-0.36413845776166E-09
 0.44859867955300E-09
-0.24496816879597E-08
-0.83419384040050E-09
 0.34211973953739E-09
-0.45805568026026E-10
 0.64788836954890E-10
 0.64236508437177E-09
-0.41370308841524E-09
-0.51792379991273E-09
 0.31487728048994E-09
 0.50584018954889E-09
 0.42084192462777E-10
-0.24975471663161E-10
 0.78480314593460E-09
-0.33236789409343E-09
-0.10771310664081E-09
 0.37526439728594E-09
-0.72727116042834E-09
 0.88966235322660E-10
 0.64461188034309E-09
 0.25478543906390E-09
 0.24918845677316E-09
-0.15948221065167E-09
-0.15853716925214E-09
 0.17992467059982E-09
 0.49328761938010E-09
 0.70255480864952E-09
-0.58583234061852E-09
