 0.00000000000000E+00
 0.00000000000000E+00
 0.00000000000000E+00
-0.10591105609646E-22
-0.62019208903288E-23
 0.71130388291944E-22
 0.62108607656733E-22
-0.17771923245211E-21
 0.45876491062795E-09
-0.23352373775839E-08
-0.38073191310050E-08
-0.57404802156610E-08
 0.26443317904397E-08
-0.14087623401768E-07
 0.22778709002663E-07
 0.60392474727653E-08
 0.86840899673607E-09
-0.39175111430653E-08
 0.56141854271049E-07
-0.19319021611762E-07
 0.25830786948569E-07
 0.24968554329348E-08
-0.75549064535060E-08
 0.17699247585505E-07
-0.55024755143347E-08
 0.14345445987210E-07
-0.53901124836255E-08
-0.13762973773092E-07
 0.12142291889225E-08
 0.34169496905628E-07
 0.90992071712391E-08
 0.67039540376782E-08
-0.67056564328782E-08
 0.12971769516465E-07
 0.11519506754856E-07
 0.42588283602682E-08
-0.10708329005674E-07
 0.36183016575405E-08
-0.83837060029725E-08
-0.88520531814545E-09
 0.19364990630023E-08
 0.12237997189254E-08
-0.60439161537964E-08
-0.96281765188806E-09
 0.74900526311258E-08
 0.15615497978925E-07
 0.21926798367988E-07
 0.39690028891240E-07
 0.37645998252131E-07
 0.45376632595305E-07
 0.63801762442076E-07
 0.10311789660579E-06
 0.11455422211388E-06
 0.18963883219970E-06
 0.29093322844656E-06
 0.40472633765180E-06
 0.52371983176919E-06
 0.69148702013595E-06
 0.86603759924601E-06
 0.10971628163094E-05
 0.13704047054449E-05
 0.17110437126091E-05
 0.20997439054228E-05
 0.25948219053071E-05
 0.31802378884801E-05
 0.38777475947261E-05
 0.46641394994777E-05
 0.55896972524143E-05
 0.66946587004987E-05
 0.79784969484110E-05
 0.94571604166824E-05
 0.11133020325889E-04
 0.13079978837714E-04
 0.15297719262015E-04
 0.17809851512344E-04
 0.20646270062444E-04
 0.23925635383111E-04
 0.27521441069855E-04
 0.31703098951963E-04
 0.35838734525193E-04
 0.41415833143838E-04
 0.47134731676905E-04
 0.53574665522414E-04
 0.60670769029396E-04
 0.68578443360205E-04
 0.77295428097097E-04
 0.86909553539049E-04
 0.97539028699544E-04
 0.10929702062063E-03
 0.12213713961384E-03
 0.13624295094108E-03
 0.15162977672896E-03
 0.16853628359943E-03
 0.18701123382674E-03
 0.20715213690782E-03
 0.22908081638338E-03
 0.25282941456497E-03
 0.27876967070572E-03
 0.30684227534773E-03
 0.33736013055112E-03
 0.37041934846285E-03
 0.40617043683098E-03
 0.44479891989531E-03
 0.48645663769507E-03
 0.53154603711310E-03
 0.57998995508682E-03
 0.63214574001383E-03
 0.68920040748538E-03
 0.74852497375902E-03
 0.81457895137832E-03
 0.88465840561746E-03
 0.95988136336831E-03
 0.10405889088364E-02
 0.11270896610810E-02
 0.12199645906543E-02
 0.13194121060462E-02
 0.14258478771933E-02
 0.15396925017691E-02
 0.16613839055401E-02
 0.17915940439097E-02
 0.19303514397821E-02
 0.20786517007789E-02
 0.22361367684920E-02
 0.24058703927366E-02
 0.25825930886264E-02
 0.27746849795458E-02
 0.29766346343491E-02
 0.31908372438828E-02
 0.34172224219353E-02
 0.36560812694695E-02
 0.39070206133205E-02
 0.41710356954949E-02
 0.44436019435020E-02
 0.47282111734078E-02
 0.50189739522933E-02
 0.53126625301071E-02
 0.56074209560094E-02
 0.58868751770757E-02
 0.61504483984039E-02
 0.63799943085139E-02
 0.65457624157209E-02
 0.66398558296219E-02
 0.66169851630531E-02
 0.64867867635310E-02
 0.63035701773308E-02
 0.62785225062698E-02
 0.67233279800533E-02
 0.80395295050246E-02
 0.10513956947242E-01
 0.14007990970426E-01
 0.18120275715054E-01
 0.22380364378631E-01
 0.26547518030556E-01
 0.30483597812211E-01
 0.34172165117160E-01
 0.37598711187742E-01
 0.40812144035872E-01
 0.43829026864005E-01
 0.46692185146463E-01
 0.49407289705781E-01
 0.52012328492352E-01
 0.54520060325100E-01
 0.56943983391842E-01
 0.59301075127104E-01
 0.61593787840445E-01
 0.63835987991685E-01
 0.66031698005627E-01
 0.68183819708735E-01
 0.70298600021325E-01
 0.72377204414076E-01
 0.74422500373790E-01
 0.76434833080579E-01
 0.78416321401488E-01
 0.80365962777149E-01
 0.82285556520279E-01
 0.84174059644025E-01
 0.86031831452295E-01
 0.87859507979267E-01
 0.89655550445063E-01
 0.91420522921011E-01
 0.93154737819742E-01
 0.94857388622872E-01
 0.96528039953309E-01
 0.98171272379501E-01
 0.99779149872623E-01
 0.10135792149886E+00
 0.10290630295500E+00
 0.10442420027837E+00
 0.10591250010956E+00
 0.10737122721635E+00
 0.10880135364024E+00
 0.11020276301935E+00
 0.11157646964353E+00
 0.11292268601336E+00
 0.11424238379952E+00
 0.11553576411610E+00
 0.11680360564154E+00
 0.11804651326068E+00
 0.11926512428642E+00
 0.12045984910320E+00
 0.12163150284986E+00
 0.12278054007769E+00
 0.12390758760156E+00
 0.12501332200665E+00
 0.12609812677360E+00
 0.12716262030052E+00
 0.12820736503664E+00
 0.12923286399060E+00
 0.13023972225287E+00
 0.13122815626804E+00
 0.13219899537324E+00
 0.13315250750730E+00
 0.13408918217988E+00
 0.13500941021796E+00
 0.13591372565842E+00
 0.13680251171604E+00
 0.13767611162821E+00
 0.13853499456474E+00
 0.13937945215985E+00
 0.14020988281172E+00
 0.14102669053833E+00
 0.14183010446382E+00
 0.14262054705046E+00
 0.14339829774208E+00
 0.14416367239327E+00
 0.14491697544430E+00
 0.14565848566634E+00
 0.14638847287689E+00
 0.14710721218548E+00
 0.14781500018493E+00
 0.14851203566764E+00
 0.14919859682293E+00
 0.14987489912923E+00
 0.15054122773196E+00
 0.15119776040086E+00
 0.15184469992923E+00
 0.15248225601449E+00
 0.15311070336909E+00
 0.15373013721517E+00
 0.15434081298823E+00
 0.15494291713582E+00
 0.15553657512001E+00
 0.15612207379440E+00
 0.15669946145275E+00
 0.15726896437075E+00
 0.15783073472127E+00
 0.15838490595208E+00
 0.15893168422011E+00
 0.15947115982200E+00
 0.16000350312713E+00
 0.16052882516147E+00
 0.16104732293387E+00
 0.16155907107681E+00
 0.16206422165329E+00
 0.16256289073309E+00
 0.16305525332192E+00
 0.16354132576151E+00
 0.16402130550958E+00
 0.16449525253896E+00
 0.16496332949772E+00
 0.16542562780552E+00
 0.16588223036771E+00
 0.16633324957230E+00
 0.16677880792519E+00
 0.16721896477014E+00
 0.16765384979966E+00
 0.16808350964752E+00
 0.16850808062683E+00
 0.16892764580203E+00
 0.16934227277046E+00
 0.16975205763641E+00
 0.17015707841535E+00
 0.17055739682216E+00
 0.17095312861171E+00
 0.17134434474073E+00
 0.17173107940121E+00
 0.17211347414193E+00
 0.17249154103619E+00
 0.17286538456662E+00
 0.17323504698706E+00
 0.17360062596600E+00
 0.17396215360920E+00
 0.17431971751166E+00
 0.17467338176206E+00
 0.17502321049492E+00
 0.17536925979957E+00
 0.17571157742686E+00
 0.17605023058776E+00
 0.17638527277689E+00
 0.17671678646486E+00
 0.17704479944874E+00
 0.17736936245161E+00
 0.17769052835127E+00
 0.17800833985822E+00
 0.17832289770810E+00
 0.17863419665235E+00
 0.17894232327849E+00
 0.17924728893163E+00
 0.17954918053702E+00
 0.17984800509326E+00
