 0.00000000000000E+00
 0.00000000000000E+00
 0.00000000000000E+00
-0.54459551425670E-27
 0.00000000000000E+00
-0.21118769350366E-25
-0.32908983513578E-24
-0.76718137132105E-23
-0.68935137712906E-22
-0.18038768939584E-21
-0.50804361969138E-07
 0.71357266985962E-07
-0.13441056611358E-05
-0.52819362359290E-06
-0.48562848792423E-07
-0.68083221600772E-06
 0.87071246628447E-08
 0.14319407344464E-08
-0.66927440227166E-06
-0.53574902095657E-06
 0.62596657926251E-06
-0.60093104292271E-06
 0.29904900705132E-06
-0.93817217059555E-07
 0.51620076582519E-06
-0.18192820322796E-06
-0.15017210361996E-06
-0.53815618843350E-06
 0.20211531338375E-06
 0.20315209853080E-07
 0.13545535722993E-07
-0.82257848203386E-07
-0.18961108738658E-06
 0.67887589426020E-08
 0.10429724885371E-06
 0.23206612994132E-06
-0.40309109862777E-06
 0.11905700260612E-06
 0.76422820945643E-07
-0.84485060717071E-08
 0.12379079997859E-06
 0.94714359238302E-07
 0.13226605639846E-06
 0.14207216384981E-06
 0.12208287006597E-06
-0.11007852405810E-06
 0.29293269390379E-06
-0.16548966879625E-07
 0.13633815734187E-06
 0.17364387668234E-06
 0.51682948542382E-07
 0.34661278848236E-06
 0.44095820774960E-06
 0.50255122510900E-06
 0.56650255195993E-06
 0.77168231658441E-06
 0.57518626656050E-06
 0.10988831484253E-05
 0.12714248653493E-05
 0.17579807501554E-05
 0.21615269195550E-05
 0.26038205710536E-05
 0.30047544413615E-05
 0.38548017438724E-05
 0.47406877945371E-05
 0.53422322043387E-05
 0.61885127738008E-05
 0.74927364769556E-05
 0.93837559666782E-05
 0.10300976588903E-04
 0.12040128895933E-04
 0.13771677204595E-04
 0.16520543643269E-04
 0.18182750312369E-04
 0.20988158005116E-04
 0.23929675565824E-04
 0.27128171708656E-04
 0.31032903331390E-04
 0.34309813278039E-04
 0.40242132200904E-04
 0.44169533877256E-04
 0.50937247042324E-04
 0.55211215122769E-04
 0.62474745135659E-04
 0.70806901578981E-04
 0.76670261326279E-04
 0.85227518885999E-04
 0.94528224737015E-04
 0.10367483094255E-03
 0.11490658608083E-03
 0.12610648928919E-03
 0.13975404330312E-03
 0.15283085473929E-03
 0.16944992583888E-03
 0.18238350681236E-03
 0.19984143747514E-03
 0.21693617503102E-03
 0.23856865967738E-03
 0.25829100647458E-03
 0.28136733679088E-03
 0.30654212665789E-03
 0.33176221858967E-03
 0.35817476250367E-03
 0.38488459629610E-03
 0.41615068699835E-03
 0.45122715987517E-03
 0.48210752109583E-03
 0.52288358833187E-03
 0.56007912988070E-03
 0.60350858202099E-03
 0.64719398138970E-03
 0.69761048334634E-03
 0.74522889810035E-03
 0.80476114416598E-03
 0.86396355962201E-03
 0.91707317103626E-03
 0.98897343268017E-03
 0.10456229005687E-02
 0.11246307762114E-02
 0.12100973003436E-02
 0.12829800485588E-02
 0.13646885116755E-02
 0.14595487845782E-02
 0.15567419650050E-02
 0.16614733984836E-02
 0.17718089585400E-02
 0.18790933057838E-02
 0.19926006603219E-02
 0.21281255937297E-02
 0.22691390281673E-02
 0.24073466405297E-02
 0.25516836956276E-02
 0.27066471672674E-02
 0.28881990187672E-02
 0.30671694746689E-02
 0.32508132079604E-02
 0.34450780241355E-02
 0.36602808575926E-02
 0.38748510024262E-02
 0.41197967669903E-02
 0.43534143747953E-02
 0.46245549615289E-02
 0.49180263525660E-02
 0.51974804267116E-02
 0.54805451802057E-02
 0.58438535169391E-02
 0.61865694168724E-02
 0.65610244270344E-02
 0.69335772006201E-02
 0.73280419754547E-02
 0.77633110215492E-02
 0.82295905505895E-02
 0.87122630420653E-02
 0.92314607655023E-02
 0.97761908968251E-02
 0.10349970767917E-01
 0.10936630199468E-01
 0.11571540623663E-01
 0.12255548311433E-01
 0.12954297061863E-01
 0.13701239990932E-01
 0.14477265185245E-01
 0.15280027454938E-01
 0.16143877198043E-01
 0.17015887065379E-01
 0.17920119670660E-01
 0.18789514540839E-01
 0.19753235170140E-01
 0.20983487350544E-01
 0.21684924197682E-01
 0.22329739358655E-01
 0.23410759183688E-01
 0.24399707340552E-01
 0.25272285105945E-01
 0.25999067032206E-01
 0.26481742283985E-01
 0.26749842502023E-01
 0.26838666757944E-01
 0.26983897034265E-01
 0.27086964578889E-01
 0.26735379649081E-01
 0.26339385049410E-01
 0.25799859912240E-01
 0.25187515473036E-01
 0.24418557109146E-01
 0.23675651219426E-01
 0.22855789390938E-01
 0.22031546804549E-01
 0.21207696249478E-01
 0.20412664445655E-01
 0.19657633406575E-01
 0.18977644329088E-01
 0.18257745619516E-01
 0.17598891778402E-01
 0.16998169120901E-01
 0.16405452191270E-01
 0.15846227252979E-01
 0.15353723998342E-01
 0.14905403145762E-01
 0.14417978352061E-01
 0.13953277829504E-01
 0.13607095633672E-01
 0.13261930902823E-01
 0.12918548485600E-01
 0.12657788398338E-01
 0.12321001985870E-01
 0.12072681925785E-01
 0.11788214665808E-01
 0.11504104353499E-01
 0.11281446391718E-01
 0.11108162212543E-01
 0.10866145160232E-01
 0.10723555525283E-01
 0.10500902874719E-01
 0.10329827456689E-01
 0.10171451922601E-01
 0.10068933255272E-01
 0.98699055175299E-02
 0.96956675168868E-02
 0.96012628668551E-02
 0.94535581143708E-02
 0.93309238870923E-02
 0.91566358716507E-02
 0.90226728442398E-02
 0.89717611426347E-02
 0.88918615107679E-02
 0.87922812983777E-02
 0.85979158481636E-02
 0.85901515808724E-02
 0.84893452266425E-02
 0.83763959113087E-02
 0.83097683624937E-02
 0.82084594715422E-02
 0.81026726043845E-02
 0.79842347994162E-02
 0.80050575959076E-02
 0.78584768956784E-02
 0.77780404901950E-02
 0.77758267809441E-02
 0.75861841044272E-02
 0.75950053619703E-02
 0.75101859586645E-02
 0.74629194084695E-02
 0.73420723529847E-02
 0.72713224855444E-02
 0.72592017910527E-02
 0.72614083032244E-02
 0.71944514235699E-02
 0.71084956918642E-02
 0.70423186152695E-02
 0.69587916258897E-02
 0.69456051424847E-02
 0.69109945279080E-02
 0.68672199654745E-02
 0.68200673768666E-02
 0.67641212463115E-02
 0.66890157153282E-02
 0.66417170546279E-02
 0.65709925357907E-02
 0.65461962181109E-02
 0.65366720940599E-02
 0.65123813734658E-02
 0.64062894120344E-02
 0.64118450903667E-02
 0.63604687465300E-02
 0.62663444077804E-02
 0.62735640903243E-02
 0.62377329726184E-02
 0.61817870573517E-02
 0.62153975198772E-02
 0.60701716601103E-02
 0.60451110585193E-02
 0.60141580752421E-02
 0.60106026940095E-02
 0.59506875050253E-02
 0.59362458471008E-02
 0.58972855815169E-02
 0.59040007521413E-02
 0.57998163020569E-02
 0.57762752922765E-02
 0.57836601316212E-02
 0.57663215910076E-02
 0.57119917640275E-02
 0.56599314572836E-02
 0.56417860060909E-02
 0.55665973969605E-02
 0.55860314982042E-02
 0.55579523179394E-02
 0.55251868129626E-02
 0.54721683881454E-02
 0.54667427517204E-02
 0.54609087407830E-02
 0.53853023176028E-02
 0.53831145045213E-02
 0.53584978283367E-02
 0.53331512763609E-02
 0.52856606910358E-02
 0.52757637535975E-02
 0.52446658316784E-02
 0.52580945418929E-02
