 0.00000000000000E+00
 0.00000000000000E+00
 0.00000000000000E+00
-0.11061566208578E-26
 0.00000000000000E+00
-0.29338259529403E-25
-0.87280779201018E-24
-0.10440337792326E-22
-0.13164387589045E-21
-0.96918356196106E-21
-0.28066968521465E-07
-0.17364670571763E-06
-0.64568902310303E-06
 0.39551727285285E-06
 0.26126671685771E-06
-0.38483955427197E-07
 0.32205886283778E-06
-0.40615953459159E-07
 0.11991412028034E-06
-0.88207990581386E-07
-0.69078714592604E-06
 0.69409191807841E-08
 0.94597913369617E-07
 0.29437887451345E-06
-0.54270803032325E-07
-0.58963969684265E-06
-0.72407668936784E-07
 0.65162352880022E-06
 0.23595640618577E-06
-0.48511820601881E-08
-0.23112853337114E-06
-0.86628161743913E-07
-0.37324147727847E-06
-0.70384043594860E-07
-0.28211830071099E-07
-0.29632012464363E-07
-0.18459270134703E-06
 0.15605503738292E-06
 0.48165583855476E-06
 0.23272710992431E-06
 0.20435209812067E-06
-0.15032689937266E-06
 0.42798889540310E-06
 0.16020229549039E-07
-0.26812983563548E-07
-0.25834007563231E-06
 0.34291698445522E-06
 0.53361455175114E-08
 0.38233468536914E-06
 0.57151319994029E-06
 0.70868208550186E-06
 0.47547409560587E-06
 0.74309058674749E-06
 0.23534897937365E-06
 0.10198006898851E-05
 0.85410517504863E-06
 0.10735163073969E-05
 0.17271085603678E-05
 0.10120026052990E-05
 0.16585923286881E-05
 0.32906193613026E-05
 0.29512205242900E-05
 0.38448727157629E-05
 0.44573975209342E-05
 0.54826527564300E-05
 0.61345698428397E-05
 0.79340239247044E-05
 0.92558567507538E-05
 0.10563565062973E-04
 0.12176262759994E-04
 0.15630157157434E-04
 0.17456984851913E-04
 0.19756142595100E-04
 0.21854807417321E-04
 0.28268808786096E-04
 0.31458298418735E-04
 0.37757561209845E-04
 0.41345710937923E-04
 0.47016062721964E-04
 0.49457707394743E-04
 0.64272613559324E-04
 0.61630016227828E-04
 0.72853006938204E-04
 0.91628562054002E-04
 0.92440519609826E-04
 0.11136740803524E-03
 0.11956710424754E-03
 0.13131482132354E-03
 0.14916216292825E-03
 0.16082477601519E-03
 0.17927489114704E-03
 0.20345772916707E-03
 0.22297589835921E-03
 0.24848357261102E-03
 0.26573150472190E-03
 0.29670205345027E-03
 0.32899206356550E-03
 0.35125205232954E-03
 0.38903792303649E-03
 0.43152857412777E-03
 0.47065951923241E-03
 0.50925530323977E-03
 0.55199696383138E-03
 0.60979947132709E-03
 0.67068907153115E-03
 0.71806362081543E-03
 0.78284164795373E-03
 0.84685886085679E-03
 0.92152943280793E-03
 0.99186684696333E-03
 0.10623336869563E-02
 0.11621127424668E-02
 0.12822046019830E-02
 0.13377123047166E-02
 0.14903900639167E-02
 0.15833524006897E-02
 0.16863985245198E-02
 0.18267813779449E-02
 0.20033587805800E-02
 0.20968135313514E-02
 0.22383902060794E-02
 0.24104007635001E-02
 0.26437337012587E-02
 0.28181018136598E-02
 0.30218596942461E-02
 0.32754547583174E-02
 0.34829655918552E-02
 0.37139472836427E-02
 0.39414493287217E-02
 0.42592714467393E-02
 0.45002148066617E-02
 0.48861286871401E-02
 0.52045617329948E-02
 0.55572908811304E-02
 0.59285423521284E-02
 0.63565139866460E-02
 0.68867014892104E-02
 0.72192243902705E-02
 0.77146290750596E-02
 0.81825975131106E-02
 0.87971409300013E-02
 0.94196601817240E-02
 0.99888033247180E-02
 0.10572944799282E-01
 0.11387521524260E-01
 0.12221643350980E-01
 0.12903247253441E-01
 0.13744156589641E-01
 0.14640161880612E-01
 0.15611849294812E-01
 0.16724651830096E-01
 0.17814696128852E-01
 0.18959900128631E-01
 0.20330225527998E-01
 0.21583208343015E-01
 0.22912894221994E-01
 0.24339116273059E-01
 0.25964605665314E-01
 0.27795626566935E-01
 0.29448472434932E-01
 0.31283525840149E-01
 0.33218850758624E-01
 0.35210860675305E-01
 0.37423243949051E-01
 0.39630607772735E-01
 0.41946657574216E-01
 0.44503324014390E-01
 0.47619296501819E-01
 0.47463870396526E-01
 0.49931793021768E-01
 0.54577850245825E-01
 0.58568491455062E-01
 0.60557534513864E-01
 0.61171366290084E-01
 0.60008756324838E-01
 0.61211687603074E-01
 0.62809667240655E-01
 0.63100658893964E-01
 0.63863515751242E-01
 0.63614813851645E-01
 0.62037250417744E-01
 0.60214544349084E-01
 0.58864264463023E-01
 0.57209535732116E-01
 0.54963494759996E-01
 0.53419979640750E-01
 0.51671943285956E-01
 0.49606301310229E-01
 0.47974199823319E-01
 0.46164003677782E-01
 0.44297931408718E-01
 0.43417446759723E-01
 0.41607600698483E-01
 0.40668098586712E-01
 0.39834408730677E-01
 0.38340427916799E-01
 0.37835366414465E-01
 0.37165957042955E-01
 0.35663383260051E-01
 0.34762354192479E-01
 0.34738432367454E-01
 0.33905563314234E-01
 0.33009229671611E-01
 0.32361974426620E-01
 0.31608476725788E-01
 0.31050971437440E-01
 0.31037478551014E-01
 0.30274888436548E-01
 0.29925264305265E-01
 0.30189278667324E-01
 0.29335903137525E-01
 0.29034848990738E-01
 0.28296904397790E-01
 0.27828129077654E-01
 0.27704164675499E-01
 0.27312990801214E-01
 0.27280292941606E-01
 0.27159166653354E-01
 0.26774160828006E-01
 0.26170200084498E-01
 0.26243151622196E-01
 0.26036351493190E-01
 0.26142002270991E-01
 0.26107474107643E-01
 0.25167236482324E-01
 0.25392917159487E-01
 0.24698931884378E-01
 0.25113920376608E-01
 0.24362433218995E-01
 0.24631410365724E-01
 0.24159061974960E-01
 0.24527125573293E-01
 0.24291980278886E-01
 0.23957876274955E-01
 0.23680960414515E-01
 0.23920989532529E-01
 0.23733546497907E-01
 0.23693518512919E-01
 0.23328214358404E-01
 0.23257906364469E-01
 0.22615320933283E-01
 0.23172219976271E-01
 0.22931845231290E-01
 0.22811171432023E-01
 0.22730358124934E-01
 0.23323626226098E-01
 0.22772051025409E-01
 0.22772393377568E-01
 0.22764608765003E-01
 0.21712491350061E-01
 0.22149896895472E-01
 0.22043618575032E-01
 0.22467087566634E-01
 0.22394942561200E-01
 0.21754938133574E-01
 0.21993244565211E-01
 0.22304343843269E-01
 0.21699014060342E-01
 0.21812708652261E-01
 0.21046023977587E-01
 0.21841750089849E-01
 0.21555829465109E-01
 0.21198956262918E-01
 0.22124464936388E-01
 0.21703279413664E-01
 0.21577785736160E-01
 0.21685157237234E-01
 0.21380068109224E-01
 0.21481095202971E-01
 0.20934138513927E-01
 0.21256250480317E-01
 0.20874029425829E-01
 0.21261612356417E-01
 0.20809690165753E-01
 0.21012046254258E-01
 0.20565812236274E-01
 0.20873029892857E-01
 0.20294746137385E-01
 0.21118649074424E-01
 0.20037409097909E-01
 0.20595107035423E-01
 0.20553824800639E-01
 0.20529595071077E-01
 0.20341106660060E-01
 0.20714842271106E-01
 0.20204442900582E-01
 0.20378125243193E-01
 0.20426580394375E-01
 0.20420806482748E-01
 0.20525422099716E-01
 0.20137670134428E-01
 0.19970625590579E-01
 0.19923448737427E-01
 0.20287322660468E-01
 0.20363992841841E-01
 0.20496229474555E-01
 0.20239241604142E-01
 0.20642358095240E-01
 0.19667589069602E-01
 0.20169447963902E-01
