 0.00000000000000E+00
 0.00000000000000E+00
-0.25430529998411E-25
-0.10728504843080E-25
 0.16787578634457E-25
 0.67715637636077E-12
 0.46092617870002E-10
 0.51478599710429E-11
 0.18035923720193E-10
-0.19008862307794E-11
 0.74324177872477E-11
 0.12228874472458E-05
-0.22316116714238E-05
-0.81922798397858E-05
-0.76321732914845E-05
 0.27384816805768E-05
-0.69186082859558E-05
 0.56946462030869E-05
-0.26676455373608E-05
 0.30453962248193E-05
 0.78500561431898E-06
-0.78126159795218E-06
-0.44124289132643E-06
 0.14925154003375E-06
 0.82223867321241E-06
-0.14163892498224E-05
-0.11077254199819E-06
 0.14423717681127E-05
 0.65060302191032E-06
 0.24691753026510E-05
 0.23536412547665E-05
 0.42503175052619E-05
 0.63186250228257E-05
 0.88222952053529E-05
 0.11383855219748E-04
 0.15282703402884E-04
 0.20747607093000E-04
 0.27303059641587E-04
 0.35163123403976E-04
 0.44395502319067E-04
 0.55524794988226E-04
 0.69766208994331E-04
 0.85500154073683E-04
 0.10383457002071E-03
 0.12555712844758E-03
 0.15036822380007E-03
 0.17835431868935E-03
 0.21078207601307E-03
 0.24683894066936E-03
 0.28724407057411E-03
 0.33227268973148E-03
 0.38236078434310E-03
 0.43799260132043E-03
 0.49887247034344E-03
 0.56559410314104E-03
 0.63859728333751E-03
 0.71802154322172E-03
 0.80430733310554E-03
 0.89800406235091E-03
 0.99874188241812E-03
 0.11069077848116E-02
 0.12231993956440E-02
 0.13479572367101E-02
 0.14818704448682E-02
 0.16247753058909E-02
 0.17769569118047E-02
 0.19383960526581E-02
 0.21100964249039E-02
 0.22922025298656E-02
 0.24850822681006E-02
 0.26889292365995E-02
 0.29044386657333E-02
 0.31316625371857E-02
 0.33714325896443E-02
 0.36235173142898E-02
 0.38891653797342E-02
 0.41679398088467E-02
 0.44613046216634E-02
 0.47688793661241E-02
 0.50911902974885E-02
 0.54292969416689E-02
 0.57833456353502E-02
 0.61542105304947E-02
 0.65424517396356E-02
 0.69477204486312E-02
 0.73719747682822E-02
 0.78149488866928E-02
 0.82776936986791E-02
 0.87612838436146E-02
 0.92654752921125E-02
 0.97916202304347E-02
 0.10341205806796E-01
 0.10913851013094E-01
 0.11511186758676E-01
 0.12133919072064E-01
 0.12782726102553E-01
 0.13458639465425E-01
 0.14162964851028E-01
 0.14897154986710E-01
 0.15661921660875E-01
 0.16458439493253E-01
 0.17287758253536E-01
 0.18151572169003E-01
 0.19050783305335E-01
 0.19987286096686E-01
 0.20961837454948E-01
 0.21976983089166E-01
 0.23033645680434E-01
 0.24133034440783E-01
 0.25278722877960E-01
 0.26469923223956E-01
 0.27710332787435E-01
 0.29001814369933E-01
 0.30345880447231E-01
 0.31745902916032E-01
 0.33202150340270E-01
 0.34717528984060E-01
 0.36296013206328E-01
 0.37938549367215E-01
 0.39648431391027E-01
 0.41429428669339E-01
 0.43282134007806E-01
 0.45211352600120E-01
 0.47218635154874E-01
 0.49311375533710E-01
 0.51487341488999E-01
 0.53754819487827E-01
 0.56116444615343E-01
 0.58573298249358E-01
 0.61132350573974E-01
 0.63795294927697E-01
 0.66566954438670E-01
 0.69457019581435E-01
 0.72465290821794E-01
 0.75591993068343E-01
 0.78854266969596E-01
 0.82245121754681E-01
 0.85779177650699E-01
 0.89451627672522E-01
 0.93274195795945E-01
 0.97250843107875E-01
 0.10138809335720E+00
 0.10568828110797E+00
 0.11015491247942E+00
 0.11479534963614E+00
 0.11961146649147E+00
 0.12460553104785E+00
 0.12977816460507E+00
 0.13513618735227E+00
 0.14066668111475E+00
 0.14637524617231E+00
 0.15225201534845E+00
 0.15828650312807E+00
 0.16446418208320E+00
 0.17078146384780E+00
 0.17719838173407E+00
 0.18371194529400E+00
 0.19027613761829E+00
 0.19686462376003E+00
 0.20343396987346E+00
 0.20995532634125E+00
 0.21638658321740E+00
 0.22269573419091E+00
 0.22885887611933E+00
 0.23484546233206E+00
 0.24063024829653E+00
 0.24619574632612E+00
 0.25153072108760E+00
 0.25662387660184E+00
 0.26147137428835E+00
 0.26607188288142E+00
 0.27042932931610E+00
 0.27454734772912E+00
 0.27843176860339E+00
 0.28209248535314E+00
 0.28553597372739E+00
 0.28877355211629E+00
 0.29181152519065E+00
 0.29466345022774E+00
 0.29733641154353E+00
 0.29984175136428E+00
 0.30218810134703E+00
 0.30438337129728E+00
 0.30643725699986E+00
 0.30835792925809E+00
 0.31015011393530E+00
 0.31182571769769E+00
 0.31338708827202E+00
 0.31484266112969E+00
 0.31619692508453E+00
 0.31745731507687E+00
 0.31862819176678E+00
 0.31971172278854E+00
 0.32071827042606E+00
 0.32164509459156E+00
 0.32250235754236E+00
 0.32328955114611E+00
 0.32401269680314E+00
 0.32467239228501E+00
 0.32527531338098E+00
 0.32582282820134E+00
 0.32631535371362E+00
 0.32675779698590E+00
 0.32715213098913E+00
 0.32750049776316E+00
 0.32780688592553E+00
 0.32807040996132E+00
 0.32829321860829E+00
 0.32847999633985E+00
 0.32862905835501E+00
 0.32874330426248E+00
 0.32882606081362E+00
 0.32887680454482E+00
 0.32889679003500E+00
 0.32889000829858E+00
 0.32885338404617E+00
 0.32879101873845E+00
 0.32870378961167E+00
 0.32859133588191E+00
 0.32845750472722E+00
 0.32830074938598E+00
 0.32812215018690E+00
 0.32792365424332E+00
 0.32770714044227E+00
 0.32747081910980E+00
 0.32721612347259E+00
 0.32694565220661E+00
 0.32665775138520E+00
 0.32635565196091E+00
 0.32603662686719E+00
 0.32570537378718E+00
 0.32535872120681E+00
 0.32499976512240E+00
 0.32462847740268E+00
 0.32424374893661E+00
 0.32384894983300E+00
 0.32344295124512E+00
 0.32302544022385E+00
 0.32259742057043E+00
 0.32216097482395E+00
 0.32171556190449E+00
 0.32126009433700E+00
 0.32079617242160E+00
 0.32032455051687E+00
 0.31984503364989E+00
 0.31935799019335E+00
 0.31886419262648E+00
 0.31836344098460E+00
 0.31785458664470E+00
 0.31734230596165E+00
 0.31682344693045E+00
 0.31629788889723E+00
 0.31576789092361E+00
 0.31523228551506E+00
 0.31469230703130E+00
 0.31414653793437E+00
 0.31359742076307E+00
 0.31304379574361E+00
 0.31248590180000E+00
 0.31192515618295E+00
 0.31135984983534E+00
 0.31079186793181E+00
 0.31021985125528E+00
 0.30964519783085E+00
 0.30906798803517E+00
 0.30848785402754E+00
 0.30790498658239E+00
 0.30732046617574E+00
 0.30673268134294E+00
 0.30614461146083E+00
 0.30555260601705E+00
 0.30495916929654E+00
 0.30436494171040E+00
 0.30376866037773E+00
 0.30317076210772E+00
 0.30257214690222E+00
 0.30197126865198E+00
 0.30137013199045E+00
 0.30076726083742E+00
 0.30016394402717E+00
 0.29956002523753E+00
 0.29895512135816E+00
 0.29834972669611E+00
 0.29774319022783E+00
 0.29713702415401E+00
 0.29652899845589E+00
 0.29592277956272E+00
 0.29531491198445E+00
 0.29470680629918E+00
 0.29409957239694E+00
 0.29349217070129E+00
 0.29288481487817E+00
 0.29227656569201E+00
 0.29166967257494E+00
 0.29106300178699E+00
 0.29045588556275E+00
 0.28984965223681E+00
 0.28924360861193E+00
 0.28863820699679E+00
 0.28803281142738E+00
