 0.00000000000000E+00
 0.00000000000000E+00
 0.14634763841346E-26
 0.10976072881010E-26
-0.50879739710102E-26
 0.60531417640286E-12
-0.10482559850004E-10
-0.67958562501239E-12
-0.12018988436754E-10
 0.42331800084189E-11
-0.81713287072114E-11
-0.20075858513845E-05
 0.24497004971296E-05
 0.61001551739453E-05
 0.14501171305079E-04
-0.77314381671288E-05
 0.15931556974548E-04
-0.93563589258107E-05
 0.64924971098896E-05
-0.62098110506472E-05
-0.41765147314215E-05
 0.45306768686367E-05
 0.28757936553281E-05
-0.17658880258297E-05
-0.11659132222349E-05
 0.72045069985699E-05
 0.20224481467437E-05
-0.15818890768465E-05
 0.48032789780313E-05
 0.84199560612724E-06
 0.50899215692382E-05
 0.60405607438918E-05
 0.36061763602431E-05
 0.59177416843470E-05
 0.14494370481466E-04
 0.17517734326949E-04
 0.21526821688487E-04
 0.25203624009716E-04
 0.35165984085931E-04
 0.47933401746549E-04
 0.60010389855699E-04
 0.67720038069615E-04
 0.85119595445456E-04
 0.10868922493888E-03
 0.12571335470073E-03
 0.15185809354286E-03
 0.18307496072422E-03
 0.20824182998600E-03
 0.24575041486638E-03
 0.28768604726270E-03
 0.33352412660282E-03
 0.38594540462478E-03
 0.43625109581275E-03
 0.49789556548711E-03
 0.56728365696098E-03
 0.63892609214145E-03
 0.72403303395377E-03
 0.80933918966213E-03
 0.89401983352050E-03
 0.99387525807201E-03
 0.11099046568080E-02
 0.12334565793332E-02
 0.13634086913995E-02
 0.14909862300875E-02
 0.16300689434705E-02
 0.17795295614810E-02
 0.19510899477102E-02
 0.21248032926665E-02
 0.23104470890915E-02
 0.25074358329235E-02
 0.27151451133967E-02
 0.29351828023509E-02
 0.31730764183624E-02
 0.34099497714303E-02
 0.36794797130788E-02
 0.39459184507151E-02
 0.42446267371815E-02
 0.45330018872856E-02
 0.48498385308223E-02
 0.51960558964575E-02
 0.55459534710958E-02
 0.59258628548248E-02
 0.63067385053101E-02
 0.67001527509920E-02
 0.71479180438278E-02
 0.75930710057159E-02
 0.80755846096445E-02
 0.85783125463051E-02
 0.90864505459985E-02
 0.96462093737656E-02
 0.10235155155610E-01
 0.10822847654591E-01
 0.11454161934389E-01
 0.12101837091252E-01
 0.12784847105733E-01
 0.13517258922299E-01
 0.14288050968522E-01
 0.15102999114755E-01
 0.15935317023617E-01
 0.16806662144382E-01
 0.17712643243636E-01
 0.18697770857281E-01
 0.19689185462166E-01
 0.20768076153661E-01
 0.21857800815716E-01
 0.23056800513903E-01
 0.24268009340269E-01
 0.25541366001466E-01
 0.26919683876270E-01
 0.28291016762990E-01
 0.29800610295719E-01
 0.31388420682613E-01
 0.33021148190646E-01
 0.34769907574663E-01
 0.36430708346508E-01
 0.38390648213085E-01
 0.40438844233825E-01
 0.42488589098549E-01
 0.44683323606086E-01
 0.46999008934715E-01
 0.49386295549560E-01
 0.51987962935239E-01
 0.54666674377947E-01
 0.57734118189132E-01
 0.60337865162592E-01
 0.63709382412135E-01
 0.66907563559654E-01
 0.70239895933034E-01
 0.73920315775613E-01
 0.77658172112491E-01
 0.81825319806440E-01
 0.86447570590764E-01
 0.90681117398683E-01
 0.95098883831824E-01
 0.10065602894726E+00
 0.10529282605436E+00
 0.11124799312598E+00
 0.11666565443784E+00
 0.12292422525242E+00
 0.12946848569427E+00
 0.13627621958914E+00
 0.14308796575987E+00
 0.15026207134055E+00
 0.15813672687384E+00
 0.16605026926336E+00
 0.17441742987473E+00
 0.18284315907458E+00
 0.19192520124785E+00
 0.20010919121360E+00
 0.20932062835367E+00
 0.21781930683508E+00
 0.22591130735500E+00
 0.23339415804940E+00
 0.24011679120801E+00
 0.24392113883902E+00
 0.24655625980263E+00
 0.24472937091491E+00
 0.24070054864960E+00
 0.23345558851560E+00
 0.22448639528323E+00
 0.21315852195999E+00
 0.20067705622911E+00
 0.18777889756042E+00
 0.17351734134257E+00
 0.15914620559374E+00
 0.14544186657200E+00
 0.13297470825037E+00
 0.12105512914804E+00
 0.11069686019855E+00
 0.10156906510430E+00
 0.94087093943511E-01
 0.87607204068469E-01
 0.82160308239210E-01
 0.77755163974585E-01
 0.73909428856480E-01
 0.70906467215956E-01
 0.68257722226352E-01
 0.66568006726815E-01
 0.65031520235345E-01
 0.63920460218598E-01
 0.62941197975259E-01
 0.61985825547760E-01
 0.61473206690037E-01
 0.60942942885079E-01
 0.60298728174965E-01
 0.60169599581917E-01
 0.59532026050748E-01
 0.59247301905671E-01
 0.58933474252225E-01
 0.58745819900340E-01
 0.58278447529141E-01
 0.57758300460554E-01
 0.57862496624966E-01
 0.57117956253068E-01
 0.57023771241431E-01
 0.56526434690616E-01
 0.56313530199026E-01
 0.55730771349527E-01
 0.55608206827267E-01
 0.55185191405378E-01
 0.54315460429107E-01
 0.54152281768933E-01
 0.53821392519970E-01
 0.53590039555427E-01
 0.53310167182998E-01
 0.52502610556289E-01
 0.52122538616243E-01
 0.51968003411550E-01
 0.51338804403740E-01
 0.51208161917080E-01
 0.50985307043376E-01
 0.50325677660374E-01
 0.50010485695865E-01
 0.49675482932887E-01
 0.48929955711765E-01
 0.48587860925884E-01
 0.48333565215128E-01
 0.47848577418030E-01
 0.48039663091364E-01
 0.47193594354036E-01
 0.46944992470084E-01
 0.46761272760663E-01
 0.46560289054564E-01
 0.45717790934294E-01
 0.45442017503427E-01
 0.45303014355524E-01
 0.44826052590918E-01
 0.44703309141824E-01
 0.44252215083814E-01
 0.44151795707021E-01
 0.43607636077927E-01
 0.43545569820429E-01
 0.43261382245065E-01
 0.42802398217637E-01
 0.42694438070579E-01
 0.42197054857815E-01
 0.41774410407503E-01
 0.41721537006394E-01
 0.41618030880080E-01
 0.41355884045085E-01
 0.40620453391653E-01
 0.40539329844022E-01
 0.40477561900744E-01
 0.40132244151647E-01
 0.39809143353826E-01
 0.39730967874991E-01
 0.39189248928711E-01
 0.39038260176483E-01
 0.39378537600428E-01
 0.38648416490963E-01
 0.38241156269809E-01
 0.38266767786973E-01
 0.37778074359446E-01
 0.37666910153307E-01
 0.37211003930637E-01
 0.37263095967081E-01
 0.36986609227437E-01
 0.36807144609321E-01
 0.36750535247259E-01
 0.36172625833963E-01
 0.36060182824005E-01
 0.35820594421197E-01
 0.35889758169168E-01
 0.35692434226559E-01
 0.35350263754440E-01
 0.35198252312142E-01
 0.35168504445909E-01
 0.34801893153156E-01
 0.34937578314058E-01
 0.34156871895079E-01
 0.34324272916286E-01
 0.34279463248395E-01
 0.33865060778130E-01
 0.33682940314956E-01
 0.33594406646963E-01
 0.33099469550039E-01
 0.33256700796173E-01
 0.32894461584946E-01
 0.32811725618811E-01
 0.32693891363864E-01
 0.32314840211632E-01
 0.32140673221441E-01
 0.31943663605814E-01
 0.32095141100864E-01
 0.31676846283557E-01
 0.32183689778192E-01
 0.31444410619746E-01
 0.31578263340940E-01
 0.31841466848032E-01
 0.31201014489731E-01
 0.31057154139211E-01
 0.30813918320024E-01
 0.30981119315926E-01
 0.30700445838187E-01
 0.30388536692849E-01
 0.30379847532725E-01
 0.30160536799379E-01
 0.30077785463906E-01
 0.29736776905372E-01
 0.29831704821351E-01
