 0.00000000000000E+00
 0.00000000000000E+00
 0.00000000000000E+00
-0.52769778428163E-23
 0.10206847809750E-23
 0.16677855898284E-22
 0.24156148134890E-22
-0.96627327610681E-22
 0.11618931801729E-08
-0.53503862859396E-08
-0.17070059580737E-07
-0.16627703703629E-07
 0.12913524123578E-07
 0.37595476060085E-07
 0.27241553671928E-07
-0.36081166348523E-07
 0.13239969075774E-07
 0.10751520116489E-07
 0.18487050107881E-08
 0.10525173827396E-08
 0.15616469919610E-07
 0.10122314111208E-07
 0.60468506483599E-09
-0.96434450602325E-09
 0.10171754097670E-07
-0.21961496984376E-07
 0.72996346816056E-08
 0.61450383431600E-09
-0.14816407992800E-07
 0.21771583798580E-07
-0.14641585429306E-07
 0.55250121257476E-08
 0.54006657702116E-08
 0.44349717851362E-08
-0.37790627635292E-09
 0.23554742587911E-08
 0.86958515529827E-09
 0.69111336141283E-08
-0.19048762925141E-08
-0.30216670959087E-08
-0.74540009105545E-09
 0.21604947273981E-08
-0.42560366125158E-08
 0.16448260882399E-08
 0.47990544321309E-08
 0.14613377265318E-07
 0.13588756533654E-07
 0.18391558157255E-07
 0.24157710738561E-07
 0.34149077661414E-07
 0.40351885998476E-07
 0.58370331263140E-07
 0.78013862996615E-07
 0.10830625433020E-06
 0.14559989484922E-06
 0.19231865808437E-06
 0.24236819766701E-06
 0.31026683517698E-06
 0.38194553587306E-06
 0.47332656519394E-06
 0.58757751674019E-06
 0.72074051939025E-06
 0.86869301762404E-06
 0.10536382277492E-05
 0.12647815354347E-05
 0.15140158072024E-05
 0.18068140247699E-05
 0.21309935628534E-05
 0.25082654885137E-05
 0.29442571657948E-05
 0.34412989482260E-05
 0.39981701680133E-05
 0.46246589209784E-05
 0.53348707238555E-05
 0.61186101994204E-05
 0.70042990553878E-05
 0.79942159653927E-05
 0.90914874432557E-05
 0.10285009116911E-04
 0.11557218349608E-04
 0.13136876134150E-04
 0.14778761643797E-04
 0.16583962076317E-04
 0.18553624007901E-04
 0.20715857878911E-04
 0.23062151986706E-04
 0.25644707704728E-04
 0.28437808661029E-04
 0.31485158902495E-04
 0.34777648614420E-04
 0.38374757372903E-04
 0.42233826998331E-04
 0.46433795340844E-04
 0.50952858407878E-04
 0.55819227897673E-04
 0.61069400212950E-04
 0.66707883844124E-04
 0.72768088035192E-04
 0.79285783742987E-04
 0.86281537314011E-04
 0.93759542936670E-04
 0.10178092491817E-03
 0.11036267020573E-03
 0.11952262813118E-03
 0.12932064805101E-03
 0.13979633598504E-03
 0.15097306612100E-03
 0.16287369049742E-03
 0.17543700652494E-03
 0.18905261743920E-03
 0.20341996929273E-03
 0.21872447470634E-03
 0.23499411035906E-03
 0.25228242246745E-03
 0.27064963463560E-03
 0.29013994297901E-03
 0.31081082389117E-03
 0.33272725948738E-03
 0.35599790201524E-03
 0.38063322726613E-03
 0.40670312121292E-03
 0.43430584493990E-03
 0.46344935229418E-03
 0.49432685044721E-03
 0.52650640863152E-03
 0.56101672085915E-03
 0.59706920843624E-03
 0.63492711201045E-03
 0.67461620911359E-03
 0.71611934441022E-03
 0.75938450963862E-03
 0.80411928060073E-03
 0.85025238194427E-03
 0.89757407621830E-03
 0.94539129719710E-03
 0.99303319962814E-03
 0.10394363192466E-02
 0.10828767454376E-02
 0.11219675820891E-02
 0.11535172250486E-02
 0.11735813638869E-02
 0.11788645269449E-02
 0.11652756252090E-02
 0.11326544552529E-02
 0.10920147420739E-02
 0.10768584273327E-02
 0.11525644083026E-02
 0.13942267955941E-02
 0.18354044252403E-02
 0.24362850849459E-02
 0.31186761369136E-02
 0.38087933088664E-02
 0.44695287171299E-02
 0.50826178148828E-02
 0.56458369214699E-02
 0.61606445831868E-02
 0.66342878119664E-02
 0.70713420457011E-02
 0.74789690092986E-02
 0.78582107732551E-02
 0.82159776105545E-02
 0.85544575817088E-02
 0.88763455027218E-02
 0.91837703983557E-02
 0.94780706510441E-02
 0.97611249437721E-02
 0.10033919334931E-01
 0.10297128382412E-01
 0.10551648749742E-01
 0.10797906204800E-01
 0.11036387664865E-01
 0.11267368148207E-01
 0.11491191879211E-01
 0.11707877954919E-01
 0.11917731666207E-01
 0.12120842347537E-01
 0.12317283251398E-01
 0.12507229588727E-01
 0.12690622108290E-01
 0.12867675005001E-01
 0.13038455736779E-01
 0.13203046339780E-01
 0.13361508614568E-01
 0.13514270342496E-01
 0.13660678960963E-01
 0.13801587928633E-01
 0.13936871001354E-01
 0.14066656271863E-01
 0.14191101775010E-01
 0.14310342660871E-01
 0.14424539691766E-01
 0.14533770126718E-01
 0.14638250590533E-01
 0.14738099817763E-01
 0.14833478730709E-01
 0.14924504506386E-01
 0.15011332622747E-01
 0.15094115075908E-01
 0.15172967260673E-01
 0.15248044063911E-01
 0.15319458154346E-01
 0.15387349458307E-01
 0.15451837045356E-01
 0.15513052040226E-01
 0.15571089800440E-01
 0.15626079441976E-01
 0.15678133228830E-01
 0.15727345491498E-01
 0.15773832417835E-01
 0.15817676244856E-01
 0.15858979848673E-01
 0.15897839375961E-01
 0.15934335056031E-01
 0.15968558711577E-01
 0.16000590579128E-01
 0.16030507538985E-01
 0.16058382426771E-01
 0.16084293722316E-01
 0.16108306822787E-01
 0.16130494368368E-01
 0.16150917795610E-01
 0.16169643776334E-01
 0.16186724270166E-01
 0.16202217955790E-01
 0.16216192355497E-01
 0.16228690935341E-01
 0.16239765252905E-01
 0.16249471414619E-01
 0.16257848880509E-01
 0.16264944890032E-01
 0.16270809992528E-01
 0.16275483562428E-01
 0.16279005382946E-01
 0.16281414926569E-01
 0.16282749851690E-01
 0.16283052284667E-01
 0.16282353846317E-01
 0.16280686425748E-01
 0.16278085808994E-01
 0.16274581070498E-01
 0.16270206240375E-01
 0.16264991623751E-01
 0.16258964788809E-01
 0.16252149654039E-01
 0.16244574891957E-01
 0.16236270733790E-01
 0.16227256632925E-01
 0.16217560133866E-01
 0.16207202799847E-01
 0.16196202422121E-01
 0.16184585399657E-01
 0.16172375048642E-01
 0.16159590524970E-01
 0.16146246581443E-01
 0.16132366110671E-01
 0.16117970776892E-01
 0.16103069297990E-01
 0.16087685491724E-01
 0.16071836867633E-01
 0.16055537229896E-01
 0.16038798172883E-01
 0.16021640771885E-01
 0.16004078237951E-01
 0.15986124300995E-01
 0.15967791081796E-01
 0.15949095165065E-01
 0.15930044651702E-01
 0.15910657682094E-01
 0.15890941057765E-01
 0.15870910002685E-01
 0.15850576585397E-01
 0.15829947552093E-01
 0.15809034745176E-01
 0.15787851810199E-01
 0.15766406985935E-01
 0.15744711026115E-01
 0.15722770177276E-01
 0.15700597110075E-01
 0.15678199769635E-01
 0.15655584363551E-01
 0.15632763333883E-01
 0.15609740950883E-01
 0.15586528677001E-01
 0.15563130646052E-01
 0.15539557519453E-01
 0.15515813112465E-01
 0.15491907329817E-01
 0.15467846059402E-01
 0.15443637350181E-01
 0.15419282664098E-01
 0.15394794522925E-01
 0.15370174401537E-01
 0.15345429773923E-01
 0.15320567312111E-01
 0.15295592711679E-01
 0.15270507760124E-01
 0.15245322855082E-01
 0.15220039273767E-01
 0.15194663057331E-01
 0.15169198797679E-01
