 0.00000000000000E+00
 0.00000000000000E+00
 0.00000000000000E+00
-0.16548602515072E-22
-0.96905013911388E-23
 0.11114123170616E-21
 0.97044699463646E-22
-0.27768630070642E-21
-0.45820575160714E-09
 0.28374174768634E-08
 0.79497849924421E-08
 0.97809012612985E-08
 0.82213995211404E-08
 0.40843803478931E-07
-0.16750994423845E-08
 0.48107406063245E-07
 0.10490880152311E-07
-0.52293996155232E-08
-0.73226903944387E-08
-0.20299986535147E-07
 0.42621131889460E-08
-0.80113325922962E-08
 0.19262363366871E-07
-0.67650058500896E-08
-0.16227818208397E-07
-0.10861594470414E-08
-0.68381147424152E-08
 0.45495949075268E-08
 0.17908237352673E-07
 0.75981781313558E-08
 0.19942253482807E-07
-0.18673424308183E-07
-0.61482168592746E-08
 0.14773932320426E-07
-0.84507125202690E-08
-0.80881701800215E-08
 0.60585008331693E-09
 0.55934468096027E-08
-0.14509297934934E-07
-0.84460501739043E-08
 0.14745305854813E-09
-0.54498783262087E-08
 0.43208476746984E-08
 0.13329847244292E-07
 0.12931429914889E-07
 0.17106255883911E-07
 0.16149310518299E-07
 0.38302363947450E-07
 0.69020846451929E-07
 0.77032802096858E-07
 0.11501656638662E-06
 0.12922635488441E-06
 0.18301984024895E-06
 0.22283082194057E-06
 0.32825814133234E-06
 0.46144423972230E-06
 0.57142407846386E-06
 0.75292705029835E-06
 0.93827372151313E-06
 0.11795710172423E-05
 0.15036022620174E-05
 0.18532009695033E-05
 0.22928908804131E-05
 0.28036768456201E-05
 0.34208925387706E-05
 0.41418556120613E-05
 0.49935128601315E-05
 0.59884809552670E-05
 0.71569512203109E-05
 0.85059385102794E-05
 0.10046970955182E-04
 0.11840877084812E-04
 0.13887548805505E-04
 0.16204273405994E-04
 0.18832685427519E-04
 0.21807703060041E-04
 0.25179215764916E-04
 0.29026605032568E-04
 0.33393727641693E-04
 0.38001153217076E-04
 0.43456102487373E-04
 0.49441902669573E-04
 0.56058310197016E-04
 0.63425829728099E-04
 0.71614265303253E-04
 0.80650326129928E-04
 0.90629077042987E-04
 0.10166287507573E-03
 0.11371173363565E-03
 0.12701859388199E-03
 0.14154953649515E-03
 0.15749636410032E-03
 0.17487999638317E-03
 0.19389437568405E-03
 0.21457284729562E-03
 0.23705822158496E-03
 0.26158098412919E-03
 0.28818458457510E-03
 0.31701052006845E-03
 0.34830430029896E-03
 0.38224180208108E-03
 0.41882135399297E-03
 0.45844853485920E-03
 0.50109830988692E-03
 0.54727045991002E-03
 0.59701822713078E-03
 0.65033382208806E-03
 0.70838926198046E-03
 0.76959565594856E-03
 0.83668339140172E-03
 0.90830887040405E-03
 0.98498980473000E-03
 0.10675240343543E-02
 0.11558840685512E-02
 0.12505495263588E-02
 0.13518891791494E-02
 0.14605090153218E-02
 0.15766401142245E-02
 0.17006353854971E-02
 0.18330336147459E-02
 0.19746303608108E-02
 0.21253148801721E-02
 0.22860862459995E-02
 0.24576187115524E-02
 0.26393421580448E-02
 0.28329692851876E-02
 0.30380940312639E-02
 0.32553187371318E-02
 0.34848779629131E-02
 0.37265240799721E-02
 0.39801384810606E-02
 0.42468841183389E-02
 0.45200244101379E-02
 0.48059397688551E-02
 0.50959376777847E-02
 0.53870687879408E-02
 0.56752337200835E-02
 0.59458363883582E-02
 0.61928360559063E-02
 0.63962780926407E-02
 0.65276969049276E-02
 0.65728595662361E-02
 0.64905491166176E-02
 0.63086643368486E-02
 0.60918233239305E-02
 0.61069375407747E-02
 0.67494173628098E-02
 0.84768325783496E-02
 0.11441317601548E-01
 0.15302333567755E-01
 0.19577735801393E-01
 0.23875736106195E-01
 0.27985042084315E-01
 0.31834236676429E-01
 0.35419865270781E-01
 0.38755681826790E-01
 0.41879874777393E-01
 0.44822826702318E-01
 0.47610814493711E-01
 0.50271544197611E-01
 0.52824182348992E-01
 0.55285760768703E-01
 0.57669303401506E-01
 0.59988367558354E-01
 0.62254197502291E-01
 0.64462797534310E-01
 0.66631683423743E-01
 0.68759886100965E-01
 0.70852063178467E-01
 0.72910402439357E-01
 0.74936080558965E-01
 0.76930758646524E-01
 0.78895055834232E-01
 0.80829142992482E-01
 0.82733827727532E-01
 0.84608114735196E-01
 0.86452687158858E-01
 0.88267043864848E-01
 0.90051107926708E-01
 0.91804604069845E-01
 0.93527569749771E-01
 0.95219703487184E-01
 0.96880806818542E-01
 0.98512037725935E-01
 0.10011249057260E+00
 0.10168238876042E+00
 0.10322236473635E+00
 0.10473227731518E+00
 0.10621275875084E+00
 0.10766415322735E+00
 0.10908703726514E+00
 0.11048180085576E+00
 0.11184894960835E+00
 0.11318904692927E+00
 0.11450269117577E+00
 0.11579039141552E+00
 0.11705279532168E+00
 0.11829040390148E+00
 0.11950401648498E+00
 0.12069388456009E+00
 0.12186081524423E+00
 0.12300537766422E+00
 0.12412811736200E+00
 0.12522967787239E+00
 0.12631043858639E+00
 0.12737106859857E+00
 0.12841208001713E+00
 0.12943393920315E+00
 0.13043733705269E+00
 0.13142248071253E+00
 0.13238996681739E+00
 0.13334032257553E+00
 0.13427393720416E+00
 0.13519126366380E+00
 0.13609272881306E+00
 0.13697872452461E+00
 0.13784961127474E+00
 0.13870587692936E+00
 0.13954778366788E+00
 0.14037574825191E+00
 0.14119009216140E+00
 0.14199122077127E+00
 0.14277938098286E+00
 0.14355489553275E+00
 0.14431812394103E+00
 0.14506937749728E+00
 0.14580881115944E+00
 0.14653681010823E+00
 0.14725362625975E+00
 0.14795943191764E+00
 0.14865465040344E+00
 0.14933941837328E+00
 0.15001398775860E+00
 0.15067852918525E+00
 0.15133334929876E+00
 0.15197862858363E+00
 0.15261460212154E+00
 0.15324144526061E+00
 0.15385937366828E+00
 0.15446848936848E+00
 0.15506911008511E+00
 0.15566135217109E+00
 0.15624538946448E+00
 0.15682138506633E+00
 0.15738951851128E+00
 0.15794991061782E+00
 0.15850278694401E+00
 0.15904826306040E+00
 0.15958648625973E+00
 0.16011760633403E+00
 0.16064174197000E+00
 0.16115898626849E+00
 0.16166953352025E+00
 0.16217352139016E+00
 0.16267109956195E+00
 0.16316229192124E+00
 0.16364731353555E+00
 0.16412617661370E+00
 0.16459911553296E+00
 0.16506610092481E+00
 0.16552737888517E+00
 0.16598298762330E+00
 0.16643302100265E+00
 0.16687759098323E+00
 0.16731679642391E+00
 0.16775071970134E+00
 0.16817944981560E+00
 0.16860313636965E+00
 0.16902175962708E+00
 0.16943550306178E+00
 0.16984443301709E+00
 0.17024856515407E+00
 0.17064804360076E+00
 0.17104294535185E+00
 0.17143332413289E+00
 0.17181928064607E+00
 0.17220083813059E+00
 0.17257813539906E+00
 0.17295119939963E+00
 0.17332009167694E+00
 0.17368491740779E+00
 0.17404574294082E+00
 0.17440251285050E+00
 0.17475549961567E+00
 0.17510460481536E+00
 0.17544992637371E+00
 0.17579156239793E+00
 0.17612953770833E+00
 0.17646392942608E+00
 0.17679474647756E+00
 0.17712208331810E+00
 0.17744601473317E+00
 0.17776655621487E+00
 0.17808373346766E+00
 0.17839765799939E+00
 0.17870835414809E+00
 0.17901586842473E+00
 0.17932025119549E+00
 0.17962152752876E+00
 0.17991976810801E+00
