 0.00000000000000E+00
 0.00000000000000E+00
 0.77308811195169E-25
-0.23453234856961E-25
-0.16698703218157E-25
 0.93812939427846E-25
 0.18904811583827E-23
 0.50658987291037E-23
 0.46385029342782E-22
-0.55443309809727E-11
 0.48450910976380E-11
 0.16319444047006E-06
-0.14140264774924E-05
 0.86265967794974E-06
 0.16932091878600E-05
-0.65318562473098E-05
-0.22334775042794E-05
-0.19684772349991E-05
-0.99440665419031E-06
 0.58226501929917E-06
 0.16170377570638E-05
 0.13594937016221E-05
-0.19319571577832E-05
-0.20999403229976E-06
-0.95062825920637E-06
 0.33299805038161E-06
-0.36952084856749E-06
 0.47103235349152E-06
-0.27928920985808E-06
-0.91048869547593E-07
-0.99612493076786E-07
-0.29380389998093E-06
 0.69876531632349E-07
-0.90283057508648E-06
 0.25700110571374E-06
-0.13468279325746E-06
-0.69289113358175E-07
-0.93060032216741E-07
 0.20492146682244E-07
-0.67847579686675E-07
 0.41903451624897E-06
 0.49864222639960E-06
 0.26082201654160E-06
 0.27820406277211E-06
 0.48841486627765E-06
 0.86381715062754E-06
 0.11345311824233E-05
 0.13979367825533E-05
 0.17867372350677E-05
 0.24851521259607E-05
 0.30184217443833E-05
 0.38627035950779E-05
 0.46899844765888E-05
 0.58151004718038E-05
 0.71468946688921E-05
 0.87379692318481E-05
 0.10526104188426E-04
 0.12812873073571E-04
 0.15471853903073E-04
 0.18281752286153E-04
 0.21539006129557E-04
 0.25459884661186E-04
 0.29870909719357E-04
 0.34778678840631E-04
 0.40453971644124E-04
 0.46825660179959E-04
 0.53743946271018E-04
 0.61765982323664E-04
 0.70634076887074E-04
 0.80411131621489E-04
 0.91279273190145E-04
 0.10330168351565E-03
 0.11655685296126E-03
 0.13109436190913E-03
 0.14714453076811E-03
 0.16462853475062E-03
 0.18366690502077E-03
 0.20441446023067E-03
 0.22700998688868E-03
 0.25161051665942E-03
 0.27847151854349E-03
 0.30736239377667E-03
 0.33855320415154E-03
 0.37217590117717E-03
 0.40858190074191E-03
 0.44753055723476E-03
 0.48950200319225E-03
 0.53459001252993E-03
 0.58284302053916E-03
 0.63449636250068E-03
 0.68994037027733E-03
 0.74897802975869E-03
 0.81203541439228E-03
 0.87937662524567E-03
 0.95102800170852E-03
 0.10273576049483E-02
 0.11085317290599E-02
 0.11948286584641E-02
 0.12864053230538E-02
 0.13836909835394E-02
 0.14868475467366E-02
 0.15960663149601E-02
 0.17118835952903E-02
 0.18344129130590E-02
 0.19640996022710E-02
 0.21011057733342E-02
 0.22461683047025E-02
 0.23989993777303E-02
 0.25606496830104E-02
 0.27311565584793E-02
 0.29110436598769E-02
 0.31004853733320E-02
 0.33003898259060E-02
 0.35108881746501E-02
 0.37326192302718E-02
 0.39660435807274E-02
 0.42115904861254E-02
 0.44701454792511E-02
 0.47418271833240E-02
 0.50275408700497E-02
 0.53279869635568E-02
 0.56437670755035E-02
 0.59754050028813E-02
 0.63237524521601E-02
 0.66893455617310E-02
 0.70735362112771E-02
 0.74770241138389E-02
 0.79002928051351E-02
 0.83444496758215E-02
 0.88103398127274E-02
 0.92988845985422E-02
 0.98118192036490E-02
 0.10349291333437E-01
 0.10913103542328E-01
 0.11504048058744E-01
 0.12123699081653E-01
 0.12773006079811E-01
 0.13453762462832E-01
 0.14166968106344E-01
 0.14914956932017E-01
 0.15698214106380E-01
 0.16518504519168E-01
 0.17377663926515E-01
 0.18278648985306E-01
 0.19221534734903E-01
 0.20208857741323E-01
 0.21243062008166E-01
 0.22326077261987E-01
 0.23459577043296E-01
 0.24646725276032E-01
 0.25888591724832E-01
 0.27187123193049E-01
 0.28546359905355E-01
 0.29967592917430E-01
 0.31452695299241E-01
 0.33005725598512E-01
 0.34626122843786E-01
 0.36317319277773E-01
 0.38081386378605E-01
 0.39919824327047E-01
 0.41832522455911E-01
 0.43821062539591E-01
 0.45885046432859E-01
 0.48024723421768E-01
 0.50237474188215E-01
 0.52522650110675E-01
 0.54874443817653E-01
 0.57291912581269E-01
 0.59766057763234E-01
 0.62293922870722E-01
 0.64866976115201E-01
 0.67475947385431E-01
 0.70115105860304E-01
 0.72773282139983E-01
 0.75442186463459E-01
 0.78110665515608E-01
 0.80773165974298E-01
 0.83419014757776E-01
 0.86038942255450E-01
 0.88625093874905E-01
 0.91174315249059E-01
 0.93677349988630E-01
 0.96128079993475E-01
 0.98523550578210E-01
 0.10085789409507E+00
 0.10312786455184E+00
 0.10533194690823E+00
 0.10746631113918E+00
 0.10953132444906E+00
 0.11152436136507E+00
 0.11344484319125E+00
 0.11529310513576E+00
 0.11706673804321E+00
 0.11876679410318E+00
 0.12039264203797E+00
 0.12194749748403E+00
 0.12342965579537E+00
 0.12484363832777E+00
 0.12619071229583E+00
 0.12747008616835E+00
 0.12868472379536E+00
 0.12983610890028E+00
 0.13092643577517E+00
 0.13195834441088E+00
 0.13293238447432E+00
 0.13385255253575E+00
 0.13472018777745E+00
 0.13553678955461E+00
 0.13630536985460E+00
 0.13702794175204E+00
 0.13770519075082E+00
 0.13834128607591E+00
 0.13893694442152E+00
 0.13949397232804E+00
 0.14001440329503E+00
 0.14050014108593E+00
 0.14095302196728E+00
 0.14137380855645E+00
 0.14176406934596E+00
 0.14212611310718E+00
 0.14246091735911E+00
 0.14276943215958E+00
 0.14305344723261E+00
 0.14331388293855E+00
 0.14355168330658E+00
 0.14376827850050E+00
 0.14396410801476E+00
 0.14414079128119E+00
 0.14429869694857E+00
 0.14443894135521E+00
 0.14456235147442E+00
 0.14466956746511E+00
 0.14476136378483E+00
 0.14483853364010E+00
 0.14490164895776E+00
 0.14495125946081E+00
 0.14498799400631E+00
 0.14501237261919E+00
 0.14502508168223E+00
 0.14502649244815E+00
 0.14501713645989E+00
 0.14499745406101E+00
 0.14496781804401E+00
 0.14492889111562E+00
 0.14488081707403E+00
 0.14482402532805E+00
 0.14475894020784E+00
 0.14468593641410E+00
 0.14460499929461E+00
 0.14451698633487E+00
 0.14442188383875E+00
 0.14431995285608E+00
 0.14421171972178E+00
 0.14409722902124E+00
 0.14397660626856E+00
 0.14385040487504E+00
 0.14371871862455E+00
 0.14358161725351E+00
 0.14343962284299E+00
 0.14329261315797E+00
 0.14314109536922E+00
 0.14298508713990E+00
 0.14282456971919E+00
 0.14266021292639E+00
 0.14249197182358E+00
 0.14231980044963E+00
 0.14214383965927E+00
 0.14196465906451E+00
 0.14178188748251E+00
 0.14159617055903E+00
 0.14140724122654E+00
 0.14121534444371E+00
 0.14102076150452E+00
 0.14082325530072E+00
 0.14062327072243E+00
 0.14042069027521E+00
 0.14021579427464E+00
 0.14000872097770E+00
 0.13979952647421E+00
 0.13958812648891E+00
 0.13937471505422E+00
 0.13915951904327E+00
 0.13894237719996E+00
 0.13872349368260E+00
 0.13850317748966E+00
 0.13828072624222E+00
 0.13805739103326E+00
 0.13783230956303E+00
 0.13760613202164E+00
 0.13737844270029E+00
 0.13714946579978E+00
 0.13691928372338E+00
 0.13668831069205E+00
 0.13645605069852E+00
 0.13622293903547E+00
 0.13598862362439E+00
 0.13575370906616E+00
 0.13551778399753E+00
 0.13528111659088E+00
 0.13504362895650E+00
