 0.00000000000000E+00
 0.00000000000000E+00
-0.25697240368075E-26
 0.98706222348402E-26
 0.15418344220845E-26
-0.19405018894771E-25
-0.44529989610858E-24
-0.35228755094507E-23
-0.36724798795437E-22
 0.34876976779204E-11
-0.36294466437773E-11
-0.15916373896719E-06
-0.71659733685541E-06
 0.37880657792379E-06
-0.26617378959107E-05
 0.71968685773709E-05
 0.10615026239017E-05
 0.29332574995210E-05
 0.19728400855780E-06
-0.38244919077602E-06
-0.21657163491430E-05
-0.19303822638972E-05
 0.21764735648600E-05
 0.82186318042504E-06
 0.17240779759785E-05
-0.13899216013782E-05
 0.67223334251593E-06
-0.21849051040769E-05
 0.13559530369292E-05
 0.65984923000386E-06
 0.11210539055208E-05
 0.10254887975493E-05
-0.28676064175827E-06
 0.38879570567029E-05
-0.24369545519927E-05
 0.11603092063719E-05
 0.35460503010698E-06
-0.12359263501206E-06
 0.12337627208343E-05
 0.14805585633824E-05
-0.12514598155278E-05
-0.95806541425391E-06
 0.15089559892401E-06
 0.17923760526845E-05
 0.15630976487275E-05
-0.23517830378327E-06
 0.96032401238777E-06
 0.13673958131160E-05
 0.25603958286881E-05
 0.43617299057405E-06
 0.26026076087133E-05
 0.28947822910132E-05
 0.49060255674581E-05
 0.67714542633237E-05
 0.79223859689622E-05
 0.10200903965486E-04
 0.12364831018567E-04
 0.12562578602368E-04
 0.13393981232215E-04
 0.18654355002898E-04
 0.22517516420952E-04
 0.25305987665179E-04
 0.29428323921906E-04
 0.35390870067699E-04
 0.39627236680439E-04
 0.45394139899639E-04
 0.55157563465408E-04
 0.62010658078040E-04
 0.69344931196015E-04
 0.79987681665623E-04
 0.91859203735745E-04
 0.10277732681528E-03
 0.11657451035712E-03
 0.13213960550851E-03
 0.14584629848692E-03
 0.16320834991475E-03
 0.18264865345802E-03
 0.20544811063853E-03
 0.22955954988114E-03
 0.25403687740273E-03
 0.27729240997584E-03
 0.30589086434952E-03
 0.33927145631061E-03
 0.37365063732540E-03
 0.40702441191402E-03
 0.44906027549079E-03
 0.49185766546395E-03
 0.53463337845270E-03
 0.58509871064398E-03
 0.63818911875781E-03
 0.68947504788788E-03
 0.75145768933309E-03
 0.81341981116416E-03
 0.87943131001130E-03
 0.95206496104734E-03
 0.10301639026884E-02
 0.11119712915408E-02
 0.11965985401674E-02
 0.12909666471100E-02
 0.13901549232978E-02
 0.14916557182393E-02
 0.16065674695204E-02
 0.17220327523959E-02
 0.18461525329477E-02
 0.19739663898978E-02
 0.21178952871927E-02
 0.22573431073446E-02
 0.24176923598946E-02
 0.25791320748744E-02
 0.27543058709730E-02
 0.29311077026723E-02
 0.31311002679825E-02
 0.33305793921211E-02
 0.35446391767657E-02
 0.37712943545662E-02
 0.40057969333019E-02
 0.42603049623719E-02
 0.45158140607016E-02
 0.48039737728430E-02
 0.51030097194419E-02
 0.54002635281582E-02
 0.57240038735568E-02
 0.60622003927227E-02
 0.64193820262887E-02
 0.68148825056575E-02
 0.72111195366251E-02
 0.75994154577364E-02
 0.80398070122592E-02
 0.84963400019502E-02
 0.89839456272549E-02
 0.94956394285323E-02
 0.10011180853439E-01
 0.10577189968644E-01
 0.11141932293183E-01
 0.11759037794584E-01
 0.12392118425621E-01
 0.13072561588141E-01
 0.13768329834838E-01
 0.14509915487826E-01
 0.15239196646583E-01
 0.16042436086952E-01
 0.16899048361437E-01
 0.17808216460130E-01
 0.18693749061373E-01
 0.19651975934310E-01
 0.20689364184680E-01
 0.21705879247708E-01
 0.22767808909027E-01
 0.23904465651507E-01
 0.25052028081012E-01
 0.26254170462742E-01
 0.27559058862381E-01
 0.28863042963679E-01
 0.30190119840361E-01
 0.31613849485531E-01
 0.32941261672434E-01
 0.34448170236257E-01
 0.35938912296215E-01
 0.37426669141897E-01
 0.38898652641698E-01
 0.40443053284180E-01
 0.41959832138863E-01
 0.43471956971349E-01
 0.44893438003279E-01
 0.46341071505822E-01
 0.47632623955963E-01
 0.49008902881963E-01
 0.50094106378382E-01
 0.51323041542223E-01
 0.52301043829279E-01
 0.53157873305605E-01
 0.54035429807510E-01
 0.54650976612174E-01
 0.55225812167985E-01
 0.55633123195665E-01
 0.56125643566233E-01
 0.56269754396649E-01
 0.56214575958675E-01
 0.56321674532742E-01
 0.56532871973000E-01
 0.56224961215394E-01
 0.55939202530956E-01
 0.55649843277175E-01
 0.55058541197906E-01
 0.54631885638235E-01
 0.54283018335611E-01
 0.53731770256800E-01
 0.53190124852429E-01
 0.52509908747704E-01
 0.51735106869587E-01
 0.50857801187799E-01
 0.49819057205450E-01
 0.48889682472174E-01
 0.47921375560829E-01
 0.47191270890078E-01
 0.46304741862808E-01
 0.45605863327040E-01
 0.44687337579245E-01
 0.43528556013786E-01
 0.42645028362642E-01
 0.41767985381208E-01
 0.40883872444854E-01
 0.39995362915946E-01
 0.39079231636304E-01
 0.38355758749755E-01
 0.37520156388474E-01
 0.36677529849275E-01
 0.36003952826838E-01
 0.35223133580504E-01
 0.34506457095014E-01
 0.33975764699027E-01
 0.33310252339261E-01
 0.32671662702334E-01
 0.32106874137256E-01
 0.31536237593462E-01
 0.31000573337044E-01
 0.30397358247657E-01
 0.29911011499301E-01
 0.29516548042361E-01
 0.29048567446924E-01
 0.28597108411525E-01
 0.28196792095759E-01
 0.27765942196498E-01
 0.27355654342325E-01
 0.27002099671675E-01
 0.26603779709259E-01
 0.26279618721566E-01
 0.25914759523966E-01
 0.25603878213529E-01
 0.25297135657784E-01
 0.24989349318711E-01
 0.24706245205252E-01
 0.24429714004081E-01
 0.24143343462593E-01
 0.23859344072656E-01
 0.23600615704350E-01
 0.23350033534552E-01
 0.23120963727043E-01
 0.22874283567723E-01
 0.22643499156213E-01
 0.22416142266090E-01
 0.22208307999487E-01
 0.22015921801190E-01
 0.21786786589944E-01
 0.21584180691666E-01
 0.21397562361833E-01
 0.21195821206851E-01
 0.21000052184967E-01
 0.20862637925106E-01
 0.20675645340704E-01
 0.20491823266824E-01
 0.20334136088350E-01
 0.20150437724384E-01
 0.19981614651682E-01
 0.19839579807637E-01
 0.19665272768352E-01
 0.19508783335887E-01
 0.19377718944400E-01
 0.19222095831441E-01
 0.19116748729450E-01
 0.18955469388257E-01
 0.18795421042599E-01
 0.18714592799067E-01
 0.18587211108920E-01
 0.18403851523188E-01
 0.18254090287945E-01
 0.18163943420127E-01
 0.18036251577610E-01
 0.17966646601420E-01
 0.17798193346888E-01
 0.17681625771011E-01
 0.17574337832029E-01
 0.17431322869771E-01
 0.17364959864837E-01
 0.17254501419979E-01
 0.17161204600246E-01
 0.17068761668676E-01
 0.16958443430016E-01
 0.16828663112576E-01
 0.16729904892131E-01
 0.16638391142129E-01
 0.16526821000716E-01
 0.16434661798073E-01
 0.16347687841227E-01
 0.16235887329112E-01
 0.16233950658026E-01
 0.16069247521469E-01
 0.16008631603411E-01
 0.15879643078129E-01
 0.15817777287746E-01
 0.15748689051017E-01
 0.15668167512357E-01
 0.15539824384057E-01
 0.15491581787800E-01
 0.15364358990011E-01
 0.15341813602914E-01
 0.15201566459356E-01
 0.15156551620846E-01
 0.15077882868131E-01
 0.15022602783511E-01
