 0.00000000000000E+00
 0.00000000000000E+00
-0.37580412829873E-26
 0.11334068065746E-25
 0.37580412829873E-26
-0.44746052282342E-25
-0.84637545223913E-24
-0.16894456725867E-22
-0.14248382508657E-21
-0.15510600401764E-11
 0.20473591400251E-11
 0.12499824266918E-06
-0.87430058765160E-06
 0.41374668688032E-05
-0.14987057683695E-05
 0.13090579536050E-05
 0.18780853964474E-05
-0.14487766501133E-05
-0.21879519762081E-06
 0.12905187361029E-05
-0.20008658891630E-05
 0.66707079767900E-06
-0.29987401155660E-05
-0.32874520019698E-05
 0.15625964580664E-05
-0.21631004122962E-05
-0.25137514294325E-05
-0.22089233867999E-05
 0.19853326549324E-05
 0.20685354370185E-05
-0.19267826200319E-05
 0.68978630798015E-06
 0.40313879584648E-05
-0.33492772090516E-05
-0.29645604678330E-05
 0.37698268954230E-05
-0.83548683642915E-06
-0.21039375646458E-05
-0.56442172564875E-06
 0.24279203084510E-05
-0.34621118494791E-06
 0.66161015175329E-06
 0.18600003656595E-05
-0.53178790317782E-06
 0.58374519004028E-06
 0.55629079959829E-06
 0.24348949370267E-05
 0.27507276963202E-05
 0.42852193294448E-05
-0.20091320362830E-06
 0.38165664337997E-05
 0.79001080946375E-05
 0.92940173275756E-05
 0.56856352145233E-05
 0.78482390486895E-05
 0.76747745356678E-05
 0.10301691773374E-04
 0.15206411365131E-04
 0.16116433825191E-04
 0.15701010202769E-04
 0.22142330344898E-04
 0.29406638290560E-04
 0.26637282903090E-04
 0.35433680080710E-04
 0.36678138093158E-04
 0.43621461995112E-04
 0.53192840520588E-04
 0.61144587005131E-04
 0.74287160696580E-04
 0.78897188089022E-04
 0.93126836381187E-04
 0.11135391319348E-03
 0.11943619824883E-03
 0.12466338250824E-03
 0.13846727038702E-03
 0.16443167951443E-03
 0.18564270968245E-03
 0.20939494249417E-03
 0.22640528923518E-03
 0.24642713737082E-03
 0.28213728563371E-03
 0.30947210906629E-03
 0.34408715170000E-03
 0.39307210102777E-03
 0.40690460242959E-03
 0.45230800141336E-03
 0.50508119729999E-03
 0.54037500405770E-03
 0.59391072480648E-03
 0.65098328919105E-03
 0.70381060665955E-03
 0.76190874941744E-03
 0.83066710936240E-03
 0.90189362959521E-03
 0.98584197305653E-03
 0.10518157254002E-02
 0.11398690748634E-02
 0.12352473008944E-02
 0.13321685092021E-02
 0.14224229181729E-02
 0.15601359289584E-02
 0.16484822213485E-02
 0.17683314758163E-02
 0.19299232130591E-02
 0.20333794249090E-02
 0.21831659368431E-02
 0.23412539376158E-02
 0.25285971020111E-02
 0.27251931691932E-02
 0.28680611315240E-02
 0.31073292585614E-02
 0.33069882032854E-02
 0.35012956401409E-02
 0.37415032007156E-02
 0.39553524260937E-02
 0.42743778722649E-02
 0.45696268995035E-02
 0.48478596000726E-02
 0.51091464503322E-02
 0.54551280069960E-02
 0.58066215012131E-02
 0.61241740066529E-02
 0.65086992354012E-02
 0.69076525926447E-02
 0.73268493525917E-02
 0.77491766451130E-02
 0.82512697631851E-02
 0.87220838213804E-02
 0.91976394628167E-02
 0.98614368294594E-02
 0.10344341094778E-01
 0.11002208606888E-01
 0.11684071202092E-01
 0.12421360054048E-01
 0.12914913511761E-01
 0.13734141708071E-01
 0.14431828391247E-01
 0.15295111830453E-01
 0.16141994514544E-01
 0.17009046789937E-01
 0.18036925294722E-01
 0.18896195587754E-01
 0.19928676459172E-01
 0.21019745849949E-01
 0.22008779249273E-01
 0.23261948023425E-01
 0.24558498846792E-01
 0.25903663081557E-01
 0.26948888400005E-01
 0.28219707714481E-01
 0.29911099503001E-01
 0.31290288584201E-01
 0.32632780378375E-01
 0.34121018761478E-01
 0.35518134196103E-01
 0.37107238154556E-01
 0.38533895802344E-01
 0.40178143190487E-01
 0.41471351017866E-01
 0.42853400013772E-01
 0.44374245936050E-01
 0.45795851220643E-01
 0.47091101018335E-01
 0.47947452710799E-01
 0.48932220236128E-01
 0.49888340896712E-01
 0.50852187324516E-01
 0.50890198153465E-01
 0.52005341438830E-01
 0.51528009197390E-01
 0.51922206194706E-01
 0.52172921350496E-01
 0.52588878694130E-01
 0.52056831311196E-01
 0.51505264283796E-01
 0.50718878626145E-01
 0.51062929548250E-01
 0.53139495498437E-01
 0.51446775419365E-01
 0.49744335920920E-01
 0.49406060853236E-01
 0.48117720030169E-01
 0.48715100364951E-01
 0.47287255282002E-01
 0.48159688773372E-01
 0.46928751886112E-01
 0.46138451661566E-01
 0.44044705414004E-01
 0.42161270556034E-01
 0.40658282868910E-01
 0.38471296599075E-01
 0.37271058395673E-01
 0.37301047904976E-01
 0.37356953825449E-01
 0.36402442407945E-01
 0.35960769157086E-01
 0.34235094152532E-01
 0.31599884619499E-01
 0.30702229172086E-01
 0.30801236917611E-01
 0.30347075290153E-01
 0.28119514944187E-01
 0.28482252658698E-01
 0.27964811718686E-01
 0.27968348194746E-01
 0.27085654758972E-01
 0.26313921853000E-01
 0.26104469092551E-01
 0.25450078460428E-01
 0.25522287698023E-01
 0.24993971597902E-01
 0.24727959744943E-01
 0.24830551407310E-01
 0.24942112836692E-01
 0.24149592905273E-01
 0.24581516046133E-01
 0.24324308733366E-01
 0.23966150806269E-01
 0.23984031440835E-01
 0.23616187985690E-01
 0.24220240623930E-01
 0.23638473171850E-01
 0.23179246330757E-01
 0.22966591543980E-01
 0.23403821062505E-01
 0.23325682804080E-01
 0.23409660832748E-01
 0.23129697393715E-01
 0.23282694940197E-01
 0.23337667763614E-01
 0.23040788301445E-01
 0.22985236833855E-01
 0.22752677578489E-01
 0.22622296176233E-01
 0.22621873826263E-01
 0.22544141549295E-01
 0.22505625602858E-01
 0.22468292524428E-01
 0.22347228903643E-01
 0.22284206112531E-01
 0.22368995566977E-01
 0.22112117588189E-01
 0.22080588953473E-01
 0.21953467448846E-01
 0.21932949089298E-01
 0.21783715835570E-01
 0.21997223589968E-01
 0.21815577965760E-01
 0.21814101452524E-01
 0.21575910435078E-01
 0.21638482616724E-01
 0.21752825111491E-01
 0.21715406849981E-01
 0.21112748584515E-01
 0.21498189771766E-01
 0.21448507457974E-01
 0.21487214079456E-01
 0.21278733607327E-01
 0.21329148856565E-01
 0.20904213406333E-01
 0.21349858320673E-01
 0.20932810712827E-01
 0.21407437135327E-01
 0.20629429266545E-01
 0.20791361136458E-01
 0.20892170437220E-01
 0.20532221743389E-01
 0.21028732937078E-01
 0.20084016448782E-01
 0.20526425884200E-01
 0.20856313002199E-01
 0.20869400705249E-01
 0.20556104270567E-01
 0.20541915105596E-01
 0.20286215379288E-01
 0.20763388180811E-01
 0.19748957666858E-01
 0.20372114397277E-01
 0.20282985112680E-01
 0.21115888028169E-01
 0.20393495606288E-01
 0.20721981386599E-01
 0.20153058272880E-01
 0.19970151612558E-01
 0.20139208951542E-01
 0.20275465909446E-01
 0.20889599789197E-01
 0.20258916085544E-01
 0.20065009176109E-01
 0.19761408525633E-01
 0.20333642298556E-01
 0.20048736563685E-01
 0.20101167004690E-01
 0.18348080894524E-01
 0.19573308257738E-01
 0.18734070179291E-01
 0.19828258557074E-01
 0.19412392706268E-01
 0.19913312768798E-01
 0.20120874267557E-01
