 0.00000000000000E+00
 0.00000000000000E+00
 0.00000000000000E+00
 0.10728504843080E-25
 0.00000000000000E+00
 0.11772335235219E-24
 0.11285767149215E-23
-0.36682260159702E-11
 0.84230833840604E-11
-0.93054316466641E-12
-0.71535096390663E-06
 0.17768185315280E-05
 0.10635654758798E-05
-0.38526834431138E-06
-0.14884862188392E-06
-0.40806123650568E-07
 0.76894063584630E-06
 0.27769084719022E-06
-0.89266195933891E-06
 0.40152272117468E-06
 0.15993557849939E-06
 0.79089224121745E-07
-0.19819838798463E-06
 0.92933775290659E-07
 0.75780845925827E-07
-0.29854516169305E-06
-0.11172411844995E-07
-0.14898100200319E-06
 0.58080291596751E-08
-0.68043324167619E-07
-0.11441226421899E-07
 0.12817147461815E-06
 0.22343929459514E-06
 0.24997870415695E-06
 0.52681952577652E-06
 0.68334215107839E-06
 0.10559546957998E-05
 0.15028759220774E-05
 0.21062489494015E-05
 0.28149898155039E-05
 0.37991794577160E-05
 0.49586453344886E-05
 0.65309045568546E-05
 0.84479078852523E-05
 0.10620022104867E-04
 0.13481085212195E-04
 0.16871656390420E-04
 0.20941754358790E-04
 0.25748848080836E-04
 0.31393365230562E-04
 0.37951388735584E-04
 0.45540628024545E-04
 0.54283366214239E-04
 0.64299750700461E-04
 0.75666581737560E-04
 0.88545962342352E-04
 0.10310357210165E-03
 0.11937224489948E-03
 0.13760962106873E-03
 0.15787043098718E-03
 0.18037553337334E-03
 0.20523970327535E-03
 0.23258780956991E-03
 0.26272791745766E-03
 0.29568226980515E-03
 0.33158058948519E-03
 0.37083033292455E-03
 0.41352938059727E-03
 0.45963812407611E-03
 0.50947878047270E-03
 0.56336972129892E-03
 0.62155234226671E-03
 0.68432796131718E-03
 0.75152962231223E-03
 0.82354809454433E-03
 0.90070256472605E-03
 0.98313386446499E-03
 0.10713191379515E-02
 0.11651723127760E-02
 0.12652132540396E-02
 0.13715243243580E-02
 0.14846114180032E-02
 0.16046567244992E-02
 0.17318731666838E-02
 0.18667541880138E-02
 0.20095079420655E-02
 0.21604989877177E-02
 0.23202938526220E-02
 0.24888433392325E-02
 0.26669295842221E-02
 0.28547673272479E-02
 0.30527869420609E-02
 0.32613866779666E-02
 0.34812496797425E-02
 0.37125534304214E-02
 0.39560452032819E-02
 0.42122994646964E-02
 0.44814233469590E-02
 0.47645099495683E-02
 0.50616940911979E-02
 0.53737949436287E-02
 0.57020005918775E-02
 0.60460304308125E-02
 0.64072304072111E-02
 0.67859048630344E-02
 0.71835552689686E-02
 0.76002325383117E-02
 0.80373487840831E-02
 0.84957992323452E-02
 0.89761775568379E-02
 0.94797617154466E-02
 0.10007382820762E-01
 0.10560219037113E-01
 0.11139853937989E-01
 0.11746689334231E-01
 0.12383044308674E-01
 0.13048938295290E-01
 0.13746925601967E-01
 0.14478188354894E-01
 0.15244732964894E-01
 0.16046759902775E-01
 0.16887608959009E-01
 0.17767927439272E-01
 0.18690674197283E-01
 0.19657028712645E-01
 0.20669293323673E-01
 0.21730371108596E-01
 0.22841737525860E-01
 0.24006758062557E-01
 0.25227567711612E-01
 0.26506903845135E-01
 0.27847864445651E-01
 0.29254026773345E-01
 0.30728070504738E-01
 0.32273618207967E-01
 0.33894390957103E-01
 0.35594199684270E-01
 0.37377296279700E-01
 0.39247610465016E-01
 0.41210011366759E-01
 0.43268513502249E-01
 0.45430162815740E-01
 0.47698557225350E-01
 0.50079673198228E-01
 0.52580578532259E-01
 0.55205874894397E-01
 0.57963805368721E-01
 0.60860145691443E-01
 0.63902034785966E-01
 0.67099993925639E-01
 0.70462258125327E-01
 0.73997820811285E-01
 0.77718587350353E-01
 0.81635089455193E-01
 0.85759316467507E-01
 0.90099586905313E-01
 0.94665421136641E-01
 0.99462480197510E-01
 0.10448964343622E+00
 0.10973657354064E+00
 0.11517833273268E+00
 0.12078185836265E+00
 0.12649681845668E+00
 0.13226367617252E+00
 0.13801849740967E+00
 0.14369910524220E+00
 0.14924725039565E+00
 0.15461700229509E+00
 0.15977056830491E+00
 0.16468293871631E+00
 0.16934050008203E+00
 0.17373645105556E+00
 0.17787364689782E+00
 0.18175570197515E+00
 0.18539556488839E+00
 0.18880299708854E+00
 0.19199214013519E+00
 0.19497478678197E+00
 0.19776404050220E+00
 0.20037490876941E+00
 0.20281780142221E+00
 0.20510438835275E+00
 0.20724563359449E+00
 0.20925271401064E+00
 0.21113222698463E+00
 0.21289400355599E+00
 0.21454610562271E+00
 0.21609557670306E+00
 0.21754733638440E+00
 0.21890916430864E+00
 0.22018419475813E+00
 0.22138044929593E+00
 0.22250198438179E+00
 0.22355115814285E+00
 0.22453256585642E+00
 0.22545149367743E+00
 0.22631059623645E+00
 0.22711323159280E+00
 0.22785946030868E+00
 0.22855680644240E+00
 0.22920418723541E+00
 0.22980651081628E+00
 0.23036416786740E+00
 0.23087942297208E+00
 0.23135484449535E+00
 0.23179338910029E+00
 0.23219499720716E+00
 0.23256197815421E+00
 0.23289615285561E+00
 0.23319827833629E+00
 0.23347000607490E+00
 0.23371393458382E+00
 0.23392967678888E+00
 0.23411856199227E+00
 0.23428262776266E+00
 0.23442309913300E+00
 0.23453967326854E+00
 0.23463421038358E+00
 0.23470702941808E+00
 0.23475926706836E+00
 0.23479290340419E+00
 0.23480701203465E+00
 0.23480289392472E+00
 0.23478212846316E+00
 0.23474432246756E+00
 0.23469128785952E+00
 0.23462196934078E+00
 0.23453857894138E+00
 0.23444082445906E+00
 0.23432905918204E+00
 0.23420490046885E+00
 0.23406837253211E+00
 0.23391927382412E+00
 0.23375903061257E+00
 0.23358722080215E+00
 0.23340509352390E+00
 0.23321280393556E+00
 0.23301037361549E+00
 0.23279907066486E+00
 0.23257782485158E+00
 0.23234864286966E+00
 0.23211049726515E+00
 0.23186393433451E+00
 0.23161040659770E+00
 0.23134903589443E+00
 0.23108075346269E+00
 0.23080507772886E+00
 0.23052332329874E+00
 0.23023522613333E+00
 0.22994064149191E+00
 0.22964038942692E+00
 0.22933443144982E+00
 0.22902312248795E+00
 0.22870696145620E+00
 0.22838528926584E+00
 0.22805921276505E+00
 0.22772875681999E+00
 0.22739345569604E+00
 0.22705428481140E+00
 0.22671101669842E+00
 0.22636339193320E+00
 0.22601288230599E+00
 0.22565829902869E+00
 0.22530101573396E+00
 0.22494008879705E+00
 0.22457603130483E+00
 0.22420910258123E+00
 0.22383904945441E+00
 0.22346651269849E+00
 0.22309187928976E+00
 0.22271406191969E+00
 0.22233478344297E+00
 0.22195260708604E+00
 0.22156827452696E+00
 0.22118251338857E+00
 0.22079437331647E+00
 0.22040460970993E+00
 0.22001360694762E+00
 0.21962056430525E+00
 0.21922608118560E+00
 0.21883019696471E+00
 0.21843304048055E+00
 0.21803449142628E+00
 0.21763481549983E+00
 0.21723402004074E+00
 0.21683225932248E+00
 0.21642946337320E+00
 0.21602589390763E+00
 0.21562148096137E+00
 0.21521616723707E+00
 0.21481038741318E+00
 0.21440405534187E+00
 0.21399666447394E+00
 0.21358906901818E+00
 0.21318122252499E+00
 0.21277254720008E+00
 0.21236379514899E+00
 0.21195465697562E+00
 0.21154536898144E+00
 0.21113580130221E+00
