 0.00000000000000E+00
 0.00000000000000E+00
 0.00000000000000E+00
 0.30169240821888E-25
 0.00000000000000E+00
 0.35948633298759E-24
 0.76505621516781E-23
 0.77429181697517E-12
 0.42899626798201E-11
 0.20291310746908E-11
 0.27053674154043E-06
 0.52029336202389E-07
 0.12441859117190E-05
-0.12211721597214E-06
-0.78152097663892E-07
 0.63762877564011E-06
 0.43762672100644E-06
 0.22577682233673E-06
-0.69717000479292E-07
 0.30380165551347E-07
-0.43271125599771E-06
-0.99954938021616E-07
-0.11127283795266E-06
-0.81168293362335E-07
 0.18193089918858E-06
-0.46298365752315E-08
-0.12022826017319E-07
 0.25077849745281E-06
 0.38577602092705E-07
-0.69888695046455E-07
-0.28033076595532E-07
 0.15855101591140E-06
 0.14875644594441E-07
 0.21927992419106E-06
 0.54190928467470E-06
 0.65175409017978E-06
 0.11053361587905E-05
 0.15573690385172E-05
 0.20459320754391E-05
 0.26444229051520E-05
 0.37537169293316E-05
 0.49209700938163E-05
 0.66635633117916E-05
 0.83502323444374E-05
 0.10587377365735E-04
 0.13439492956832E-04
 0.16826919252221E-04
 0.21028412648440E-04
 0.25824247139150E-04
 0.31460896553493E-04
 0.37942816159165E-04
 0.45617326369872E-04
 0.54263268655093E-04
 0.64262333741978E-04
 0.75696436659722E-04
 0.88580225682580E-04
 0.10310376939482E-03
 0.11944353625855E-03
 0.13770427791669E-03
 0.15786555833243E-03
 0.18034851667170E-03
 0.20527597074268E-03
 0.23281860296125E-03
 0.26279725228774E-03
 0.29561597615047E-03
 0.33190407079985E-03
 0.37148974586815E-03
 0.41377182717161E-03
 0.45931642179510E-03
 0.50948559427734E-03
 0.56420345983500E-03
 0.62292061954320E-03
 0.68610977116792E-03
 0.75272430765615E-03
 0.82497081228838E-03
 0.90302145268849E-03
 0.98579683850059E-03
 0.10740833877411E-02
 0.11689063581225E-02
 0.12697636292979E-02
 0.13764017610078E-02
 0.14905730463794E-02
 0.16119342701029E-02
 0.17399084836650E-02
 0.18765103045919E-02
 0.20206893971085E-02
 0.21740853881568E-02
 0.23361612924248E-02
 0.25073948198459E-02
 0.26881132998641E-02
 0.28792705453519E-02
 0.30808538125564E-02
 0.32931784532684E-02
 0.35186012708744E-02
 0.37551368887878E-02
 0.40044468412646E-02
 0.42684497912897E-02
 0.45446605583524E-02
 0.48356688810881E-02
 0.51430590368122E-02
 0.54661207731997E-02
 0.58051002412272E-02
 0.61631205798198E-02
 0.65362863009118E-02
 0.69331042277955E-02
 0.73470094589221E-02
 0.77863664844898E-02
 0.82437605995430E-02
 0.87281382978816E-02
 0.92335346754803E-02
 0.97653375928944E-02
 0.10325542059284E-01
 0.10914586859753E-01
 0.11534405355667E-01
 0.12184863752091E-01
 0.12867121659105E-01
 0.13581475188516E-01
 0.14338438268196E-01
 0.15130860499835E-01
 0.15962054403769E-01
 0.16841641581591E-01
 0.17763077322119E-01
 0.18734021847113E-01
 0.19750604573133E-01
 0.20821854634034E-01
 0.21948954690550E-01
 0.23134005285292E-01
 0.24380477320205E-01
 0.25695580459762E-01
 0.27079470875695E-01
 0.28531730521344E-01
 0.30065514612642E-01
 0.31677257595366E-01
 0.33375239681965E-01
 0.35168494324595E-01
 0.37052902556218E-01
 0.39033846138560E-01
 0.41124573907613E-01
 0.43334912584703E-01
 0.45655848930830E-01
 0.48110817083032E-01
 0.50698830003195E-01
 0.53425927848227E-01
 0.56310385425482E-01
 0.59339530652112E-01
 0.62544353648103E-01
 0.65924071141159E-01
 0.69506939036767E-01
 0.73307957068241E-01
 0.77342743144300E-01
 0.81624302169773E-01
 0.86177542888729E-01
 0.91027077818622E-01
 0.96189678084361E-01
 0.10169476481695E+00
 0.10756818991151E+00
 0.11381906367003E+00
 0.12040822467046E+00
 0.12723926001988E+00
 0.13414729249898E+00
 0.14091095983007E+00
 0.14726604232675E+00
 0.15297029352744E+00
 0.15782777696796E+00
 0.16170922615708E+00
 0.16460425557976E+00
 0.16655981360175E+00
 0.16767291434543E+00
 0.16810341675968E+00
 0.16800453134498E+00
 0.16752774887634E+00
 0.16680477622060E+00
 0.16593539104817E+00
 0.16500991208890E+00
 0.16409581778820E+00
 0.16322109355933E+00
 0.16241387151192E+00
 0.16168656916820E+00
 0.16106514472092E+00
 0.16053212719186E+00
 0.16009430614651E+00
 0.15975446244796E+00
 0.15949097059439E+00
 0.15930190395367E+00
 0.15919243342487E+00
 0.15915775742376E+00
 0.15917183891355E+00
 0.15923324376816E+00
 0.15935745677511E+00
 0.15950958595369E+00
 0.15970317806531E+00
 0.15992745606870E+00
 0.16018364790145E+00
 0.16045919754012E+00
 0.16075954952003E+00
 0.16108443328569E+00
 0.16142202897009E+00
 0.16176814232324E+00
 0.16214458240185E+00
 0.16251872547257E+00
 0.16289864969704E+00
 0.16329767507394E+00
 0.16369451553490E+00
 0.16410870358719E+00
 0.16451405768872E+00
 0.16492262075401E+00
 0.16533923789496E+00
 0.16575753917797E+00
 0.16617865776042E+00
 0.16659947537463E+00
 0.16701034216435E+00
 0.16742976900911E+00
 0.16784525033097E+00
 0.16826426854080E+00
 0.16867998460997E+00
 0.16909409952249E+00
 0.16949936386409E+00
 0.16991129268305E+00
 0.17032299884827E+00
 0.17072670570357E+00
 0.17112779314045E+00
 0.17151850536631E+00
 0.17192068387104E+00
 0.17230750478927E+00
 0.17269475963639E+00
 0.17308582470624E+00
 0.17346356542861E+00
 0.17384463553504E+00
 0.17422097214618E+00
 0.17459139072672E+00
 0.17497207749925E+00
 0.17532890118110E+00
 0.17569502466797E+00
 0.17604325986127E+00
 0.17640087777421E+00
 0.17676068250516E+00
 0.17710793103344E+00
 0.17745471228639E+00
 0.17779564572448E+00
 0.17813282560184E+00
 0.17846645545904E+00
 0.17879101798255E+00
 0.17912527189747E+00
 0.17945123471202E+00
 0.17977444533986E+00
 0.18008868423749E+00
 0.18040504124932E+00
 0.18071706875480E+00
 0.18102640926256E+00
 0.18132815253271E+00
 0.18163135384560E+00
 0.18193434207567E+00
 0.18223027583706E+00
 0.18252530391220E+00
 0.18281165349850E+00
 0.18310220573498E+00
 0.18338215925515E+00
 0.18366569273726E+00
 0.18394215023375E+00
 0.18422405424116E+00
 0.18449498880099E+00
 0.18476631541460E+00
 0.18503339854488E+00
 0.18529593700944E+00
 0.18555976630947E+00
 0.18581747159122E+00
 0.18607714729986E+00
 0.18632891209152E+00
 0.18658313340137E+00
 0.18683402879159E+00
 0.18708017742023E+00
 0.18732861379355E+00
 0.18756961350128E+00
 0.18780951146491E+00
 0.18805155782907E+00
 0.18828402454714E+00
 0.18851598883439E+00
 0.18874678763461E+00
 0.18897747002332E+00
 0.18920445319343E+00
 0.18942934409744E+00
 0.18964864648945E+00
 0.18986762532453E+00
 0.19009120300886E+00
 0.19030214988394E+00
 0.19051805675996E+00
 0.19073134938823E+00
 0.19094286413199E+00
 0.19115259580924E+00
 0.19135973525093E+00
 0.19156151567561E+00
 0.19176493637416E+00
 0.19196784933559E+00
 0.19216427600413E+00
 0.19236139361028E+00
 0.19255943981315E+00
 0.19275560023355E+00
 0.19294365261637E+00
 0.19313600782872E+00
 0.19332290391467E+00
