 0.00000000000000E+00
 0.00000000000000E+00
 0.00000000000000E+00
-0.28160942522060E-26
 0.00000000000000E+00
-0.74690421295318E-25
-0.22220262122142E-23
 0.29116421605885E-12
-0.22079916985100E-11
-0.63806356911837E-12
-0.36760822491883E-06
-0.34743894937581E-07
-0.81742179697779E-06
 0.12920730976043E-06
-0.48682671096405E-07
-0.12577368432141E-05
-0.85530015799937E-06
-0.63868573513523E-07
 0.22839366824774E-06
 0.20062047590708E-06
 0.11084038525837E-05
 0.87676073127291E-07
 0.13149951557036E-06
 0.16339833572733E-06
-0.86652166545972E-06
-0.14087941047785E-07
-0.11055942522590E-06
-0.96774528764230E-06
-0.29053439868995E-07
 0.74681742891811E-06
 0.60702855238921E-06
-0.18707303824733E-06
 0.13404609826782E-05
 0.10916397877978E-05
 0.31795289104097E-06
 0.14026362400325E-05
 0.31389091633536E-06
 0.11698654427943E-05
 0.23619701767435E-05
 0.39111738563383E-05
 0.39069290001106E-05
 0.56943160743301E-05
 0.44570399479105E-05
 0.77621121249569E-05
 0.11546160773204E-04
 0.14515940033344E-04
 0.18744653757077E-04
 0.20693878779215E-04
 0.25860106376695E-04
 0.30771606630808E-04
 0.38490859118288E-04
 0.44538010787380E-04
 0.55205742453481E-04
 0.64896613155717E-04
 0.75343392739736E-04
 0.88226717772891E-04
 0.10261804414549E-03
 0.11861180659927E-03
 0.13564629153836E-03
 0.15999775880600E-03
 0.18202273899870E-03
 0.20680726209005E-03
 0.23083186485931E-03
 0.26428098039621E-03
 0.30474082293363E-03
 0.33489189422572E-03
 0.35959020507694E-03
 0.40957432384521E-03
 0.47510604103769E-03
 0.52609925559702E-03
 0.56886233064955E-03
 0.62042138231445E-03
 0.67390939431498E-03
 0.77065322609328E-03
 0.84419507634326E-03
 0.90362392542092E-03
 0.99938402671808E-03
 0.10930080399026E-02
 0.11783738401587E-02
 0.12813257213866E-02
 0.14098275860440E-02
 0.15254859192242E-02
 0.16411891612336E-02
 0.18073019987352E-02
 0.19357523835768E-02
 0.21016740671673E-02
 0.22501198595858E-02
 0.24051758887612E-02
 0.25998206209312E-02
 0.27894560213257E-02
 0.30104248040527E-02
 0.32233263190760E-02
 0.35030204053786E-02
 0.37041822864869E-02
 0.39760589842861E-02
 0.42937852855238E-02
 0.45130773677371E-02
 0.48684479979650E-02
 0.52435549471115E-02
 0.55458316431261E-02
 0.59183705999781E-02
 0.63371108506287E-02
 0.67157943972135E-02
 0.73484620162633E-02
 0.77192922296578E-02
 0.83165158595988E-02
 0.87059960877680E-02
 0.94201009820238E-02
 0.98868038544160E-02
 0.10649332239678E-01
 0.11439785037230E-01
 0.12189121754381E-01
 0.12894753226243E-01
 0.13638795451013E-01
 0.14520828682313E-01
 0.15575167558259E-01
 0.16839405469251E-01
 0.17766213365531E-01
 0.19017537010525E-01
 0.20404041205527E-01
 0.21566078467244E-01
 0.22948914840692E-01
 0.24357687386390E-01
 0.26124012070836E-01
 0.27911613199061E-01
 0.29826052954721E-01
 0.31884873923315E-01
 0.34206751547860E-01
 0.36377503373564E-01
 0.38679000289369E-01
 0.41761487024040E-01
 0.44400391567180E-01
 0.47480301822435E-01
 0.50806727478891E-01
 0.53902223485679E-01
 0.57817599046420E-01
 0.62345587518543E-01
 0.67092482587628E-01
 0.71377368809109E-01
 0.77139325866957E-01
 0.82313740794409E-01
 0.88349285290568E-01
 0.95052898339164E-01
 0.10102399297149E+00
 0.10965615522564E+00
 0.11864496089354E+00
 0.12942490793059E+00
 0.14000733406225E+00
 0.15107955652808E+00
 0.16323344663052E+00
 0.17818919786412E+00
 0.19725336124194E+00
 0.22211795223740E+00
 0.25536771436583E+00
 0.29527344519479E+00
 0.33668357382389E+00
 0.37072119804690E+00
 0.38750386349218E+00
 0.37836062191541E+00
 0.33883337771604E+00
 0.27085788330239E+00
 0.18449337468507E+00
 0.91309917547078E-01
 0.37225413877413E-02
-0.66977140035095E-01
-0.11857925292607E+00
-0.14985237670214E+00
-0.16081220446486E+00
-0.15826858184281E+00
-0.14627262257727E+00
-0.12918565071379E+00
-0.11091313979922E+00
-0.91848639075183E-01
-0.74709007754412E-01
-0.61697681913015E-01
-0.49776065949564E-01
-0.39624894717876E-01
-0.29807014052386E-01
-0.24212188909074E-01
-0.17907758178288E-01
-0.12941308971069E-01
-0.96852038996837E-02
-0.60931722822883E-02
-0.26680436975355E-02
 0.10884408230492E-03
 0.50744654005107E-03
 0.20992662041280E-02
 0.52142217041066E-02
 0.38810299694838E-02
 0.64130631352579E-02
 0.76624947978283E-02
 0.87591950858050E-02
 0.93825230900902E-02
 0.10711885448510E-01
 0.12381279687393E-01
 0.12318440805907E-01
 0.13434504876235E-01
 0.15383660195887E-01
 0.13379319498551E-01
 0.14507977068260E-01
 0.16588716766977E-01
 0.15518446905567E-01
 0.16410294500859E-01
 0.14966424702042E-01
 0.15769849935063E-01
 0.17468843045612E-01
 0.17349129179839E-01
 0.16722091718078E-01
 0.16482088073117E-01
 0.15767007622300E-01
 0.18444149814363E-01
 0.17706732789389E-01
 0.18725065059849E-01
 0.17863111374672E-01
 0.18150693721140E-01
 0.17457419747011E-01
 0.19347040316079E-01
 0.18452233186646E-01
 0.17379556714824E-01
 0.17102634847744E-01
 0.17806571171279E-01
 0.19558574169432E-01
 0.18038928757988E-01
 0.19341896714695E-01
 0.19852438844384E-01
 0.18392997791856E-01
 0.19686449817024E-01
 0.19672884714952E-01
 0.19517819201772E-01
 0.20949664451648E-01
 0.16549120187421E-01
 0.19549766001890E-01
 0.18174392030402E-01
 0.22044157160999E-01
 0.20951706952113E-01
 0.18419331720364E-01
 0.18581248708214E-01
 0.18233709284883E-01
 0.18779816452962E-01
 0.19188007536127E-01
 0.19826450265343E-01
 0.21708777684682E-01
 0.19797741834092E-01
 0.18990393987621E-01
 0.18399359355098E-01
 0.20345397543370E-01
 0.19541601099071E-01
 0.19991559647761E-01
 0.19723616909863E-01
 0.20697894520673E-01
 0.20699699353928E-01
 0.19146703554437E-01
 0.19721785357330E-01
 0.18788566580064E-01
 0.20397169526310E-01
 0.18622194463670E-01
 0.21028758026016E-01
 0.20016523863693E-01
 0.20895792738987E-01
 0.18148622541187E-01
 0.19554468884184E-01
 0.19285147777730E-01
 0.19392664074722E-01
 0.20472135634113E-01
 0.19815505265847E-01
 0.20866595346987E-01
 0.19573571678041E-01
 0.20422593006690E-01
 0.19987348613732E-01
 0.19632721434763E-01
 0.19931294031079E-01
 0.18286102495391E-01
 0.19291671237707E-01
 0.19376297117117E-01
 0.17465093384215E-01
 0.18604580381506E-01
 0.19605507326779E-01
 0.19648415908642E-01
 0.18959150371741E-01
 0.18551013462003E-01
 0.18677162438605E-01
 0.20241652562540E-01
 0.20184933377836E-01
 0.17894938113854E-01
 0.20572943747806E-01
 0.20073775110185E-01
 0.19380829886089E-01
 0.19057405014140E-01
 0.18400281916021E-01
 0.17755042671259E-01
 0.19174099598194E-01
 0.18449037299317E-01
 0.18113582557306E-01
 0.19312855042945E-01
 0.19593343752460E-01
 0.18435981408014E-01
 0.17252962578618E-01
 0.19232922416732E-01
 0.18700200702170E-01
 0.19311579980649E-01
