 0.00000000000000E+00
 0.00000000000000E+00
-0.19327202798792E-25
-0.81536636807405E-26
 0.12758559762187E-25
 0.94681577755881E-25
 0.59515147578715E-24
 0.84431645485061E-23
 0.12439621505564E-21
 0.30740623991716E-21
-0.19770078239601E-20
 0.15370311995858E-20
 0.68057530767278E-20
 0.16060407636489E-19
 0.11658666284266E-19
-0.24592499193373E-19
 0.67915943223222E-19
 0.79883454169969E-19
 0.18357427594412E-18
 0.20775743318562E-18
 0.54384449139432E-18
 0.64328508784108E-18
 0.10514359612394E-17
 0.51006664993663E-18
 0.13409294305779E-17
-0.22924641942662E-18
 0.12487087290473E-17
 0.22759891964852E-17
 0.16190292207493E-17
 0.40245563594188E-07
-0.10107860014821E-07
-0.69631548322786E-07
 0.32044703056461E-07
-0.58184380402931E-07
-0.85786387038557E-07
 0.38066128674527E-06
 0.10719990679579E-06
 0.16413356866747E-07
-0.44101294155120E-07
 0.15457779844589E-06
-0.21246011547121E-07
-0.38541623392760E-07
-0.55259128049230E-07
-0.11477819881535E-06
 0.58780952155966E-07
-0.88829033488157E-07
-0.14042528500743E-06
-0.50545741935194E-08
-0.92213529302559E-07
 0.15789665211663E-06
-0.99310021703397E-07
-0.46567506231462E-07
 0.17088936179475E-07
-0.15174807975906E-07
-0.66411166757315E-07
 0.20517877200341E-07
 0.16405811334973E-07
 0.51508494680006E-07
-0.28963715557671E-07
-0.79047248303091E-07
 0.12047130092382E-07
 0.17959111285497E-07
 0.60016253499782E-07
 0.11035960165254E-06
 0.18689121005474E-07
 0.24156183850684E-07
-0.30542131037154E-07
 0.67374447278961E-07
 0.65662813915388E-07
-0.35767774663133E-07
-0.50906811074864E-07
 0.38128402813065E-07
-0.17380581310593E-08
-0.39932462206885E-07
-0.21100761460394E-08
 0.41361828262047E-08
-0.17518209476382E-07
 0.29191204523444E-07
 0.12860419618679E-07
 0.16795975083422E-07
 0.28919347984073E-08
 0.84660779902238E-08
 0.28836544083646E-07
-0.21839857871476E-07
-0.50877498582095E-07
 0.46898694333301E-07
-0.41195374107254E-07
 0.22979368955916E-07
 0.39580969618530E-07
 0.56781240431373E-07
 0.71985974297624E-08
 0.26912768010716E-07
-0.84786681396552E-07
 0.55474458110533E-08
-0.37314080981852E-07
 0.54240838410631E-07
 0.15785036385940E-07
-0.38527804383975E-07
 0.10051681856853E-07
-0.30760644450491E-07
-0.45186682782944E-07
-0.68323334419769E-07
 0.43752672278258E-07
 0.13972024305333E-07
-0.45884822120565E-07
-0.48418194690771E-07
 0.25499296743955E-07
 0.32588823576229E-07
-0.16143591525452E-06
 0.12090080945473E-07
-0.35879627368129E-08
 0.48280008445040E-07
 0.11660027923335E-07
-0.83225353850700E-07
-0.72318998766142E-07
 0.10009442159670E-07
-0.57379626368622E-07
 0.45930872028351E-07
 0.21224609398647E-07
-0.38120683757969E-07
-0.56174265163835E-07
 0.60141244976060E-07
-0.24560953259875E-07
-0.18184373305181E-07
-0.11446314686153E-07
-0.12733358361992E-07
-0.80057031840776E-07
-0.74393240876211E-08
 0.13890821154910E-06
-0.94881425460701E-07
 0.18748855243484E-06
 0.35274179499675E-07
-0.28296164514552E-07
 0.16627311822311E-07
 0.14553884590105E-06
-0.64651015829638E-07
-0.16426841055107E-06
-0.10269670722577E-07
-0.12924273083723E-06
 0.40410098927698E-07
 0.13072268474948E-06
-0.15188808545200E-06
-0.45571105534799E-07
 0.68210624643585E-07
-0.59093428187574E-07
-0.11107733939677E-06
 0.25716951735221E-07
 0.36143660366462E-06
-0.35847001763117E-06
 0.80857813338530E-07
 0.40135952544303E-07
-0.15391717115216E-06
-0.17422874983148E-06
 0.12717895246662E-06
-0.26845013600627E-07
-0.16510999386080E-06
 0.12542700651895E-06
-0.28540593658467E-06
-0.11582150110918E-07
 0.11566356693729E-06
-0.36258647938117E-06
 0.44831854998055E-07
-0.13730176281549E-06
-0.14335196083327E-06
-0.26812345724560E-06
 0.89446576682837E-09
-0.10269562115987E-06
-0.54773161572610E-06
-0.20735965909817E-06
-0.15911863716890E-06
-0.20998037844231E-08
 0.32780729298007E-06
 0.11909328299504E-06
-0.24514019229108E-06
-0.57035809921717E-07
-0.22367862246227E-06
-0.41284097865143E-08
 0.26103385758001E-06
-0.10174186656232E-06
 0.90405348893116E-06
-0.54777005409759E-07
-0.40805731772150E-06
 0.32829430829763E-07
-0.60702954870782E-07
-0.71537854272258E-07
 0.82936794659685E-07
 0.17875744889385E-06
-0.13885756831609E-06
-0.11685876016838E-06
-0.18492511039829E-07
 0.16013183924477E-07
-0.17868541293459E-07
 0.14969416812213E-08
 0.85078874678542E-09
-0.14924005198691E-07
-0.23621143077414E-07
 0.55416560016627E-07
-0.11270638452813E-06
-0.21140141956920E-07
 0.10296227139525E-06
-0.12241245590915E-06
-0.91989282875297E-07
-0.22369534999796E-07
 0.78526703007661E-07
 0.23026976874095E-06
 0.18441053186926E-06
-0.66401110271803E-08
 0.17734155520623E-07
 0.21506783758912E-06
 0.18713516724800E-06
 0.27822276096439E-07
-0.97251506785131E-07
 0.92212617602774E-07
 0.16497617089937E-06
-0.16408478360258E-07
 0.18472310817649E-06
-0.11157669741597E-06
 0.91327616721314E-07
-0.50519466746462E-06
 0.24341024425211E-06
 0.40551897037820E-06
 0.17382626642694E-06
-0.61315498790277E-07
 0.92597044847186E-07
 0.46312708059394E-06
-0.24053185792269E-06
-0.10409856448357E-06
 0.16493935975157E-06
-0.70009895456346E-07
 0.20025666352466E-06
 0.92612933441523E-07
 0.36579405260154E-06
-0.14421631848558E-06
-0.78618800811112E-07
-0.25483588715790E-06
-0.17814578825092E-06
 0.14863497743865E-06
-0.11158210081894E-06
-0.30144719591069E-06
 0.53069055970593E-07
-0.85935335005153E-07
-0.12984741981125E-06
-0.22639362402589E-06
-0.20792310249058E-06
-0.19742982993841E-06
-0.72737667842426E-07
 0.17213572054049E-06
-0.84913137581653E-07
-0.40966102830014E-06
-0.14137023883831E-06
-0.69623239501551E-08
-0.72537296799780E-07
 0.46766721306155E-08
 0.54206386736056E-07
-0.11057391254594E-06
-0.13220871256538E-06
-0.16272135395681E-06
 0.10766385716206E-06
-0.35956083876810E-06
 0.17129306829160E-06
-0.10805559249353E-06
 0.10424586433903E-06
-0.33383906298514E-07
 0.17274408148323E-06
 0.94261647469048E-07
 0.86734933845723E-07
-0.72878598795840E-07
-0.14887998552828E-07
-0.16695101601906E-06
-0.25535398729343E-07
-0.15790059485019E-07
-0.15610902280011E-07
 0.79382524557597E-07
-0.67823583453613E-07
 0.16831804452045E-06
-0.12796466144248E-06
-0.50731392369034E-07
 0.38107458893304E-07
-0.10608691696353E-08
-0.94796468888122E-07
 0.16948841304346E-06
-0.56354556788569E-07
 0.29126316300905E-08
-0.21627854510260E-06
-0.28964603880981E-08
 0.20044478131499E-06
-0.74750365382396E-07
 0.53299087962048E-07
 0.30417487512044E-07
-0.94528332465758E-07
 0.10586681471355E-06
-0.35463997803817E-08
 0.15109056551497E-07
 0.44959469886866E-07
-0.62860824809829E-07
 0.57822971285423E-07
 0.93510685594842E-07
-0.15348442409168E-07
-0.34452268708732E-07
 0.35007532804684E-07
