 0.00000000000000E+00
 0.00000000000000E+00
 0.64243100920189E-27
 0.48182325690142E-27
-0.22334984618981E-26
-0.13160829646454E-25
-0.12384079950949E-24
-0.35228755094507E-23
-0.78695997418794E-22
-0.22097836075197E-21
 0.67306540337820E-21
-0.18887039380511E-20
-0.69736760789578E-20
-0.17181809539299E-19
-0.37874809637717E-19
-0.22966639886701E-19
-0.14107063013998E-18
-0.27936029803706E-18
-0.23819141201055E-18
-0.75427280470007E-18
-0.12414648849032E-17
-0.14628321060850E-17
-0.25495598036239E-17
-0.32362816064909E-17
-0.59661044818943E-17
-0.36657360764911E-17
-0.62576706760302E-17
-0.12598842452133E-16
-0.96461554793827E-17
-0.22798630453265E-06
 0.10504886977099E-06
 0.40927738132003E-06
-0.33722243217591E-06
 0.37558108172849E-06
 0.28694117889093E-06
-0.15652416482610E-05
-0.79325593392961E-06
-0.97822479980867E-08
 0.75510487092324E-06
-0.17358479916897E-05
 0.10438984628217E-05
 0.42839314555495E-06
 0.48794855980104E-06
-0.50035291874730E-07
-0.10911100916553E-05
 0.69675610345270E-06
 0.15868053407808E-05
 0.63080883397232E-06
 0.80718320978587E-06
-0.18083699886335E-05
 0.11472491929698E-05
 0.76509779195120E-06
-0.38148151407131E-06
 0.37643759611045E-06
 0.71375344652444E-06
-0.22041554884749E-06
-0.54660818069639E-06
-0.49786466816805E-06
 0.98382922799712E-07
 0.85352263226410E-06
-0.45794440072926E-06
-0.47958102407432E-07
-0.15270291257533E-05
-0.15102284826417E-05
-0.24106137771195E-06
-0.40239472559648E-06
 0.59560664940347E-06
-0.11041564371305E-05
-0.10841282761902E-05
 0.61670347180423E-06
 0.62827155681845E-06
-0.42729934811542E-06
 0.17044816853139E-06
 0.25762617478232E-06
 0.57872444785919E-06
 0.30100482175279E-06
-0.10903408308894E-06
-0.22288994409826E-07
 0.46227498477158E-06
-0.32668551993149E-06
-0.17464396380665E-06
-0.22021964516379E-06
-0.74263247898932E-06
 0.41229912171545E-06
 0.10477754957824E-05
-0.17282006298985E-05
 0.13694265208179E-05
-0.10115248015639E-05
-0.11835426769651E-05
-0.16579106641163E-05
 0.82842446144950E-07
-0.66343000397754E-06
 0.30539420558700E-05
-0.42769158679769E-06
 0.13341435602518E-05
-0.19677631724747E-05
-0.19460009417631E-06
 0.15137333621021E-05
-0.79015066735515E-06
 0.62804102269369E-06
 0.24878278185307E-05
 0.18224748114855E-05
-0.33192532003489E-05
-0.13382553927459E-05
 0.19527719328186E-05
 0.17172517848322E-05
-0.25452389395532E-07
-0.19534437805928E-05
 0.71349830143760E-05
-0.44641968191024E-06
-0.52958467879215E-06
-0.32517139178430E-05
-0.64423543732568E-06
 0.55321245166159E-05
 0.26067410926639E-05
-0.21527405461096E-05
 0.21003889418710E-05
-0.19938650281617E-05
 0.75850630211703E-06
 0.16494402356639E-05
 0.75389573097505E-05
 0.72601043180690E-06
 0.54121198030437E-05
-0.19927317948387E-06
-0.38181601759703E-05
 0.75394081878284E-06
 0.68732680529646E-05
-0.22209116442102E-05
-0.11391155494706E-04
 0.39340931693279E-05
-0.13149055192199E-04
-0.83182111873749E-05
 0.19957170561913E-05
 0.43517841905554E-05
-0.15171832990383E-04
-0.42605975693680E-06
 0.11994655639276E-04
-0.55867876420975E-05
 0.13566717337803E-04
-0.47687074704384E-05
-0.13522203851968E-04
 0.13854318540740E-04
 0.88372571465780E-05
-0.23866206002835E-05
 0.19718595774830E-05
 0.89321856006291E-05
-0.33977519993590E-05
-0.28849877682950E-04
 0.30720149115448E-04
-0.67365001327128E-05
-0.42543194645485E-05
 0.16701033984794E-04
 0.18025821211309E-04
-0.15867637306352E-04
 0.11765089134496E-04
 0.83669033336351E-05
-0.12188259182052E-04
 0.31895643031633E-04
 0.32488042027194E-05
-0.10764146560425E-04
 0.36710130587492E-04
 0.72509540195427E-05
 0.99629635275225E-05
 0.59442038009574E-05
 0.34657746937359E-04
-0.55952814676370E-06
 0.14475294705246E-05
 0.60082171575144E-04
 0.17238586402358E-04
 0.15529214230269E-04
-0.16450912736254E-04
-0.23894321673204E-04
 0.23290989116754E-05
 0.32027478823199E-04
-0.88648138839626E-05
 0.18555950450437E-04
 0.45941964671779E-05
-0.26799187166187E-04
-0.14296666435633E-04
-0.95192887420830E-04
 0.14659842820952E-04
 0.47118375239295E-04
-0.81383375866658E-05
 0.24286852633875E-04
 0.15691705025079E-04
-0.22373447469954E-05
-0.11188454332719E-04
 0.16610390110228E-04
 0.21257572265616E-04
 0.72885730260609E-05
-0.30528963635362E-05
 0.29616044145436E-05
 0.21807665663576E-06
 0.36925766427230E-06
 0.45741641445798E-05
 0.55251552241945E-06
-0.12816117807278E-04
 0.22730058178225E-04
 0.96237366975835E-05
-0.14399727874564E-04
 0.26149195054130E-04
 0.80451900343127E-05
 0.16916918484287E-05
-0.11471263628563E-04
-0.35414438569412E-04
-0.51140303946272E-04
-0.65081392637778E-05
-0.78171561803987E-05
-0.29961543592686E-04
-0.45194127097343E-04
 0.12373097218472E-04
 0.23792567776769E-04
-0.18881091794862E-04
-0.30410199005480E-04
 0.16113044330074E-04
-0.25067591495069E-04
 0.55095577247760E-05
-0.90870321187736E-05
 0.98676917164471E-04
-0.23821788188839E-04
-0.91565871985808E-04
-0.45483465427432E-04
-0.19559913681744E-04
-0.14269826633459E-04
-0.10525260349642E-03
 0.13413307173626E-04
 0.53593363309614E-04
-0.53151442852981E-04
 0.21935711607987E-04
-0.40170090675639E-04
 0.29935910012808E-05
-0.10416605023434E-03
 0.35479232194367E-04
-0.81498090150494E-05
 0.55822735232595E-04
 0.69726279413401E-04
-0.20834579989672E-04
 0.61636350378089E-04
 0.65320638138538E-04
-0.15249152183868E-04
 0.45702440735946E-04
 0.22553104435639E-04
 0.56481090848082E-04
 0.32239873239936E-04
 0.46043930198007E-04
 0.26755535097315E-04
-0.38841954698954E-04
-0.85474392156881E-05
 0.10018133242824E-03
 0.75097604905912E-05
 0.11774039480083E-04
 0.88194047359430E-05
-0.86738974977280E-05
-0.16712610295803E-04
 0.57396889628966E-04
 0.17377614988928E-04
 0.37600603505462E-04
-0.48251527997865E-04
 0.90421108236991E-04
-0.35763475594561E-04
 0.29521789093407E-04
-0.65381608672491E-04
 0.19072436348853E-04
-0.43872363942195E-04
-0.21234841690538E-04
-0.24347563325974E-04
 0.26377934036637E-04
 0.18499457974365E-04
 0.62745532760856E-04
 0.14450193303529E-05
 0.59682142612417E-05
-0.13205221719456E-05
 0.15089023368338E-06
 0.19252440900174E-04
-0.54888487001840E-04
 0.56448429433772E-04
 0.29400412116214E-04
-0.11766043963845E-04
-0.71998570435304E-06
 0.39635970180062E-04
-0.17329584169329E-04
 0.14175488121600E-04
 0.18707197911933E-04
 0.65287217379488E-04
-0.43546519015528E-05
-0.75391623740723E-04
 0.33014865645912E-04
-0.28055459106261E-04
-0.14296999334863E-04
 0.19244363709787E-04
-0.34413531298155E-04
 0.27381788892764E-05
-0.39381435165293E-05
-0.91461909050988E-05
 0.26805304484542E-04
-0.18048009987829E-04
-0.38324281545729E-04
 0.67202700937751E-05
 0.15993360997036E-04
-0.20594663100870E-04
