 0.00000000000000E+00
 0.00000000000000E+00
 0.18870543602806E-26
 0.18870543602806E-26
-0.13799808573340E-25
-0.50123868455650E-25
-0.18268353298485E-23
-0.30625892653053E-11
-0.13693422944777E-11
-0.15648121355298E-11
 0.23111247985026E-11
 0.24174399628534E-06
-0.38670897942722E-05
-0.84865678526972E-05
 0.32175910247031E-05
-0.82590600490977E-05
-0.17717108061559E-06
-0.18679710167755E-05
 0.93079442484708E-05
-0.34124213288819E-05
-0.11307223312954E-05
 0.27829328069832E-05
 0.40036462585179E-05
 0.16380087699702E-05
-0.49070822884995E-05
-0.15378678489801E-05
 0.14800303965761E-05
-0.19077613037423E-05
 0.81062843439720E-06
 0.41380857658449E-05
 0.71813259429329E-05
-0.19777972203668E-05
-0.45688937676090E-05
-0.72393068989934E-06
-0.30558725428681E-05
 0.11362472500246E-05
-0.18360686465281E-05
-0.41804314285788E-05
 0.90777934265561E-05
 0.44294734739344E-05
 0.58894689739315E-05
 0.12378665521248E-05
 0.14165000064833E-05
 0.40338694204948E-06
 0.10821171469638E-04
 0.13898151250367E-04
 0.94720114378045E-05
 0.18909224760585E-04
 0.23821410468928E-04
 0.30366625743412E-04
 0.38601408389880E-04
 0.41677772211281E-04
 0.44359736010768E-04
 0.59365223180800E-04
 0.73255988131941E-04
 0.75210184653021E-04
 0.93799316787122E-04
 0.10667323212517E-03
 0.12325914812207E-03
 0.14854589042623E-03
 0.17454668845839E-03
 0.18522598992466E-03
 0.21212273548466E-03
 0.24646298385869E-03
 0.27494302928174E-03
 0.29186276407481E-03
 0.34070873102665E-03
 0.36841098754022E-03
 0.42907394826787E-03
 0.48700481702545E-03
 0.53414218022626E-03
 0.57819049421394E-03
 0.62347563896839E-03
 0.69983841455031E-03
 0.79027744791943E-03
 0.85157407106670E-03
 0.91574508648026E-03
 0.10061790271931E-02
 0.10938256290785E-02
 0.11949063886349E-02
 0.13003280864062E-02
 0.14124019340628E-02
 0.15278663937548E-02
 0.16403315162228E-02
 0.17982466495974E-02
 0.19216386061887E-02
 0.20774145691348E-02
 0.22181767785699E-02
 0.23939637836689E-02
 0.25958102584090E-02
 0.27732879468253E-02
 0.29629251334941E-02
 0.31684061360486E-02
 0.33868088502397E-02
 0.36760032105169E-02
 0.38995130876495E-02
 0.41371483937558E-02
 0.44263283535074E-02
 0.47714588411636E-02
 0.50913994059155E-02
 0.54144960377216E-02
 0.58005228880564E-02
 0.60571143605380E-02
 0.65474809039440E-02
 0.68174073612623E-02
 0.73321063973049E-02
 0.78722230401105E-02
 0.83025965114390E-02
 0.88275902646176E-02
 0.94012804060549E-02
 0.99100026799688E-02
 0.10581414134301E-01
 0.11214317010277E-01
 0.11797785441430E-01
 0.12492389890979E-01
 0.13203967248670E-01
 0.14174443079477E-01
 0.15024048999318E-01
 0.15806586275065E-01
 0.16689628213954E-01
 0.17649568710495E-01
 0.18761743250646E-01
 0.19927052493007E-01
 0.20899839241555E-01
 0.22213993531852E-01
 0.23528155059732E-01
 0.25052034928874E-01
 0.26135413824563E-01
 0.27645878661527E-01
 0.29242340831086E-01
 0.30920436259293E-01
 0.32910211556836E-01
 0.34880322686937E-01
 0.36517080018661E-01
 0.38726633263082E-01
 0.40404758496543E-01
 0.43327744688200E-01
 0.45929806672091E-01
 0.48509405593749E-01
 0.51327028460779E-01
 0.53541582405128E-01
 0.56440687336022E-01
 0.60871210075390E-01
 0.63523815419887E-01
 0.66432806294488E-01
 0.70721875410811E-01
 0.74168809470364E-01
 0.77393097159364E-01
 0.82175272293997E-01
 0.86453567014789E-01
 0.89484519116763E-01
 0.93147473871792E-01
 0.98683010539464E-01
 0.10236752390014E+00
 0.10596282394897E+00
 0.10875572756998E+00
 0.11304394599752E+00
 0.11650045300100E+00
 0.12075046689733E+00
 0.12398638702156E+00
 0.12147589692989E+00
 0.12263898335593E+00
 0.12893921056695E+00
 0.12603919528910E+00
 0.12249515905984E+00
 0.12105134466728E+00
 0.11569217718469E+00
 0.11124862475336E+00
 0.10496204661719E+00
 0.91977601415356E-01
 0.83594503699187E-01
 0.71560987869420E-01
 0.59964911996614E-01
 0.47669147246180E-01
 0.37393260517059E-01
 0.26483962248961E-01
 0.17189250776800E-01
 0.69537927979770E-02
-0.14093633404332E-03
-0.52078851519663E-02
-0.91481129739666E-02
-0.10099395663595E-01
-0.97544741879708E-02
-0.92439332425618E-02
-0.81873597868305E-02
-0.92862693037836E-02
-0.86954960225815E-02
-0.91767358437684E-02
-0.78896044131167E-02
-0.66082242155308E-02
-0.38835729616500E-02
-0.32687739840502E-03
 0.56908621779770E-03
 0.22930789988841E-02
 0.43212873618761E-02
 0.54999345662100E-02
 0.61989656890203E-02
 0.65349949078760E-02
 0.87471168326342E-02
 0.89924831177661E-02
 0.10357513886092E-01
 0.11974119894111E-01
 0.12577458697304E-01
 0.13495505705532E-01
 0.13091819917725E-01
 0.12844094063636E-01
 0.14845118580927E-01
 0.15507918316442E-01
 0.14992349720921E-01
 0.15108493153632E-01
 0.13923289454102E-01
 0.18086528061926E-01
 0.18129960075453E-01
 0.15712450268627E-01
 0.18278178181035E-01
 0.17540222203659E-01
 0.17248081168458E-01
 0.18624698129754E-01
 0.19362370057733E-01
 0.17638782716085E-01
 0.18047236821142E-01
 0.18469503897919E-01
 0.18668530427245E-01
 0.18978078212872E-01
 0.17634561235976E-01
 0.17257796035327E-01
 0.18904714494744E-01
 0.21272049770043E-01
 0.20379817302653E-01
 0.18134834044977E-01
 0.17629539960002E-01
 0.17305159047893E-01
 0.18134950718027E-01
 0.18950289430075E-01
 0.19509573963763E-01
 0.18975940820644E-01
 0.21958529220997E-01
 0.20498939063073E-01
 0.20720514718555E-01
 0.19206628384515E-01
 0.18585282223811E-01
 0.20363999121096E-01
 0.19614116043667E-01
 0.17830371830523E-01
 0.18285775335994E-01
 0.17911672597761E-01
 0.18877813467529E-01
 0.17629239371889E-01
 0.20822770086450E-01
 0.20547425339183E-01
 0.19913449671731E-01
 0.19320044004290E-01
 0.17418943850344E-01
 0.20724127994677E-01
 0.21435681907436E-01
 0.21493585019912E-01
 0.18181181476870E-01
 0.20685683862044E-01
 0.20985847250669E-01
 0.18372752876645E-01
 0.18388952368613E-01
 0.21759625975707E-01
 0.20238269882639E-01
 0.20634686405428E-01
 0.19356443263254E-01
 0.19319645618179E-01
 0.20352299403590E-01
 0.19108630148311E-01
 0.18998448421361E-01
 0.18249067370404E-01
 0.17800233246998E-01
 0.17685232219060E-01
 0.19557129264089E-01
 0.19503334509932E-01
 0.17495559095709E-01
 0.17903012247838E-01
 0.21402696409511E-01
 0.18417938836154E-01
 0.20695365940576E-01
 0.21114596844386E-01
 0.18514717083406E-01
 0.19193870977428E-01
 0.17762662101053E-01
 0.19380777564566E-01
 0.16054774423613E-01
 0.18523034221682E-01
 0.19876950715100E-01
 0.17362759427871E-01
 0.21471709424320E-01
 0.19460094569981E-01
 0.21259385788764E-01
 0.18962548463330E-01
 0.16127328739837E-01
 0.17448475765647E-01
 0.19961630510117E-01
 0.18689855491866E-01
 0.17058839655305E-01
 0.20581711195736E-01
 0.18184154514652E-01
 0.15027680473743E-01
