 0.00000000000000E+00
 0.00000000000000E+00
 0.00000000000000E+00
 0.34851506997445E-25
 0.10182831697256E-24
-0.10750679334881E-21
 0.78859110933852E-22
-0.33161448131064E-21
 0.58232609201098E-21
-0.18456521228220E-09
-0.87151255543480E-07
 0.13559202198370E-07
-0.18106475632442E-07
 0.71462934658295E-07
 0.64464348162348E-07
-0.22945635213635E-07
 0.15724044222621E-07
 0.78983266133739E-08
-0.27181805094754E-08
 0.15338893223703E-07
 0.75167158109374E-08
-0.99570746817199E-08
-0.17659965941261E-07
 0.57109271029677E-08
-0.31171198471227E-08
 0.10160252350092E-07
-0.10232652467517E-07
 0.55264566626954E-08
 0.54535347355229E-08
-0.84676413767144E-08
 0.66489421448996E-08
 0.55021001052145E-08
 0.34980088412640E-08
 0.78440351131234E-10
 0.16726322500227E-08
 0.56770844483497E-08
 0.54406273463572E-08
-0.81691807965203E-08
 0.74561277989583E-08
 0.28193271070656E-08
 0.13210975991704E-07
 0.13519683878101E-07
 0.49828780122767E-08
 0.14966600463247E-08
 0.94627481119011E-08
 0.98695968766687E-08
 0.23587693726801E-07
 0.53691821733461E-07
 0.40427564982685E-07
 0.45308439652383E-07
 0.80747377317985E-07
 0.16754750315197E-06
 0.19286330265294E-06
 0.30138212576365E-06
 0.35907937789499E-06
 0.44133511044380E-06
 0.59166091241112E-06
 0.76343636651388E-06
 0.96444365913135E-06
 0.11972133593356E-05
 0.15322395457953E-05
 0.19019610005257E-05
 0.23200558572576E-05
 0.28579110576995E-05
 0.34868854203796E-05
 0.41982113292692E-05
 0.50718700821987E-05
 0.60771501359809E-05
 0.72390117662314E-05
 0.86013473014691E-05
 0.10156979818177E-04
 0.11966182020036E-04
 0.14007177611966E-04
 0.16352621683143E-04
 0.18987980360803E-04
 0.21980816281993E-04
 0.25403874751482E-04
 0.29247056824169E-04
 0.33562372050600E-04
 0.38472451330621E-04
 0.43600226380694E-04
 0.49691165712146E-04
 0.56333468600525E-04
 0.63700152346156E-04
 0.71937043512532E-04
 0.80961552131474E-04
 0.90937085863860E-04
 0.10182356946657E-03
 0.11397637525033E-03
 0.12722770651780E-03
 0.14169774292185E-03
 0.15751102726559E-03
 0.17487139891777E-03
 0.19370916544954E-03
 0.21431263983582E-03
 0.23671555612245E-03
 0.26106129834237E-03
 0.28748567659520E-03
 0.31603428783073E-03
 0.34702666576804E-03
 0.38058982586903E-03
 0.41678154739098E-03
 0.45592596558918E-03
 0.49819443285971E-03
 0.54372410204822E-03
 0.59287842814318E-03
 0.64564520740079E-03
 0.70247586856779E-03
 0.76348274203857E-03
 0.82921471119711E-03
 0.89936385219957E-03
 0.97498188558506E-03
 0.10562423489677E-02
 0.11431237328379E-02
 0.12361090558331E-02
 0.13357424223987E-02
 0.14423986377260E-02
 0.15564760886167E-02
 0.16785947388248E-02
 0.18087350120746E-02
 0.19481245622003E-02
 0.20969926791178E-02
 0.22556736739521E-02
 0.24252051426993E-02
 0.26061789637387E-02
 0.27986756397750E-02
 0.30044500214344E-02
 0.32237634998507E-02
 0.34556985462854E-02
 0.37043121838360E-02
 0.39685335494082E-02
 0.42493426863565E-02
 0.45476938502927E-02
 0.48645676672446E-02
 0.52011671138937E-02
 0.55568290065614E-02
 0.59345016319445E-02
 0.63322311918917E-02
 0.67529474509903E-02
 0.71971092322953E-02
 0.76631392681421E-02
 0.81516912581972E-02
 0.86637186947949E-02
 0.91940269519592E-02
 0.97463914176837E-02
 0.10321022768235E-01
 0.10916656490023E-01
 0.11534353979990E-01
 0.12190692186176E-01
 0.12908817411114E-01
 0.13728057131951E-01
 0.14715794855185E-01
 0.15970380669530E-01
 0.17599807178113E-01
 0.19694946613541E-01
 0.22306864532349E-01
 0.25396626720526E-01
 0.28854765292605E-01
 0.32544100894843E-01
 0.36323154024497E-01
 0.40088734156344E-01
 0.43774926417907E-01
 0.47331075521150E-01
 0.50747502397578E-01
 0.54013282442789E-01
 0.57139835785065E-01
 0.60125115746175E-01
 0.62986477099205E-01
 0.65731399867873E-01
 0.68370138463600E-01
 0.70910637322502E-01
 0.73362086592539E-01
 0.75732315882362E-01
 0.78026011835199E-01
 0.80248772372684E-01
 0.82406691383105E-01
 0.84501745161843E-01
 0.86539702711656E-01
 0.88522055023714E-01
 0.90452373954552E-01
 0.92332172522676E-01
 0.94164286319839E-01
 0.95951002796360E-01
 0.97692864060393E-01
 0.99393185948378E-01
 0.10105203272495E+00
 0.10267157830267E+00
 0.10425198080985E+00
 0.10579728700690E+00
 0.10730574949961E+00
 0.10878103212413E+00
 0.11022099119872E+00
 0.11162960069142E+00
 0.11300778626592E+00
 0.11435556790629E+00
 0.11567377698043E+00
 0.11696302780973E+00
 0.11822609545728E+00
 0.11946152995771E+00
 0.12067211649410E+00
 0.12185628741682E+00
 0.12301844137212E+00
 0.12415550137380E+00
 0.12527027503356E+00
 0.12636326438550E+00
 0.12743488051375E+00
 0.12848581970906E+00
 0.12951584158401E+00
 0.13052723878034E+00
 0.13151989516893E+00
 0.13249381784706E+00
 0.13345003715033E+00
 0.13438830917898E+00
 0.13531016155610E+00
 0.13621601006508E+00
 0.13710501084871E+00
 0.13797910146480E+00
 0.13883829337370E+00
 0.13968249520374E+00
 0.14051226774985E+00
 0.14132825570145E+00
 0.14213082295620E+00
 0.14292073919181E+00
 0.14369677544467E+00
 0.14446081451332E+00
 0.14521258651611E+00
 0.14595247023143E+00
 0.14668041900962E+00
 0.14739740861053E+00
 0.14810332980262E+00
 0.14879832803769E+00
 0.14948275585935E+00
 0.15015691903681E+00
 0.15082085454476E+00
 0.15147522266353E+00
 0.15211975099623E+00
 0.15275496729078E+00
 0.15338095406186E+00
 0.15399798344688E+00
 0.15460638864662E+00
 0.15520584601092E+00
 0.15579699841457E+00
 0.15637994658317E+00
 0.15695464519099E+00
 0.15752181026131E+00
 0.15808109175174E+00
 0.15863261937088E+00
 0.15917700203271E+00
 0.15971383783207E+00
 0.16024370429832E+00
 0.16076680045718E+00
 0.16128258212961E+00
 0.16179180587058E+00
 0.16229478690665E+00
 0.16279091378772E+00
 0.16328060091435E+00
 0.16376433178798E+00
 0.16424190232151E+00
 0.16471364301386E+00
 0.16517926768041E+00
 0.16563899351392E+00
 0.16609319870493E+00
 0.16654215060035E+00
 0.16698538549440E+00
 0.16742331043836E+00
 0.16785606310492E+00
 0.16828337479301E+00
 0.16870577169193E+00
 0.16912314101946E+00
 0.16953557513412E+00
 0.16994335474819E+00
 0.17034597231596E+00
 0.17074450523073E+00
 0.17113799424087E+00
 0.17152724086151E+00
 0.17191171394672E+00
 0.17229231270303E+00
 0.17266835246496E+00
 0.17304024234639E+00
 0.17340799866692E+00
 0.17377166409671E+00
 0.17413132600460E+00
 0.17448706527609E+00
 0.17483881692400E+00
 0.17518680983363E+00
 0.17553113218583E+00
 0.17587167652111E+00
 0.17620843286055E+00
 0.17654174891904E+00
 0.17687168881085E+00
 0.17719787850954E+00
 0.17752091635172E+00
 0.17784029843578E+00
 0.17815654581286E+00
 0.17846944996028E+00
 0.17877928573646E+00
 0.17908580408992E+00
 0.17938918905253E+00
 0.17968939449820E+00
 0.17998681179847E+00
