 0.00000000000000E+00
 0.00000000000000E+00
 0.00000000000000E+00
-0.96364651380283E-27
-0.60808796833614E-26
 0.61235322991499E-23
-0.66399747822108E-23
 0.29068334046567E-22
-0.81319197332754E-22
 0.21528065549505E-10
-0.81065381453582E-07
-0.58401631307035E-08
-0.48062849824822E-07
 0.28040396411667E-07
-0.30552510241340E-07
 0.15545058731188E-07
-0.30642353540546E-07
-0.21722288014971E-07
 0.84291972462028E-08
-0.74583194617223E-08
 0.78700688291577E-08
 0.26069488662602E-07
 0.13421438050406E-07
-0.20466914025476E-07
 0.16616133156244E-07
 0.57337432481428E-08
 0.75629886146001E-08
 0.12707504293286E-07
 0.49324449491559E-08
-0.56853464179789E-07
 0.11412343631967E-08
-0.20959659933662E-07
-0.24001495032528E-07
 0.17793278229177E-07
-0.15375468526513E-07
-0.42093898532109E-08
 0.26809713538549E-07
-0.26755912716903E-07
-0.11902457148256E-07
 0.45043964415317E-07
 0.47849483720563E-08
 0.74172932689592E-08
 0.25787231950122E-07
-0.40066582645912E-08
 0.13065220696429E-07
-0.56582506456697E-08
 0.32077635707440E-07
 0.59803783120227E-07
-0.88754426530909E-07
 0.10191997637910E-07
 0.58118207915806E-07
 0.25447202000233E-06
 0.22294759774254E-06
 0.20773120513726E-06
 0.66597397057969E-07
 0.67619641768165E-07
 0.29108116229486E-06
 0.37113248077152E-06
 0.25479686534272E-06
 0.55409207691304E-06
 0.54449432169769E-06
 0.72811466642903E-06
 0.90619969216599E-06
 0.11378547500226E-05
 0.11882040705713E-05
 0.14556555098561E-05
 0.17814234674493E-05
 0.22284963724840E-05
 0.25652626114649E-05
 0.29943435624804E-05
 0.35362012167985E-05
 0.39939166061997E-05
 0.47416676887216E-05
 0.53067802211058E-05
 0.60614860662723E-05
 0.70273560788456E-05
 0.80633446081305E-05
 0.90687195299273E-05
 0.10249691609594E-04
 0.12187129449290E-04
 0.13341302559285E-04
 0.14916481785283E-04
 0.16838638874673E-04
 0.18764231251843E-04
 0.20950274432479E-04
 0.23929238258173E-04
 0.25847248856539E-04
 0.28525989240392E-04
 0.31416017077080E-04
 0.35153542402555E-04
 0.38513396339002E-04
 0.42580114928912E-04
 0.46077507647768E-04
 0.51168568265240E-04
 0.55987686085575E-04
 0.61527308417372E-04
 0.67257802015092E-04
 0.72848192152431E-04
 0.79625691560096E-04
 0.86779529380672E-04
 0.94158328213453E-04
 0.10227989174490E-03
 0.11089960299553E-03
 0.12066515880436E-03
 0.12979950713934E-03
 0.14052806925042E-03
 0.15148218550006E-03
 0.16494057061733E-03
 0.17605594295251E-03
 0.19322245258691E-03
 0.20327075527414E-03
 0.22221107600460E-03
 0.23814757004880E-03
 0.25573737436324E-03
 0.27389007866081E-03
 0.29459374035066E-03
 0.31699949822101E-03
 0.33858554570734E-03
 0.36479410135571E-03
 0.39079003318250E-03
 0.41708549806227E-03
 0.44669794732506E-03
 0.47892100657204E-03
 0.51204268935977E-03
 0.54665496140512E-03
 0.58339154961604E-03
 0.62581374867517E-03
 0.66425257839525E-03
 0.70216022523870E-03
 0.76107963802547E-03
 0.80322818855964E-03
 0.85651006188626E-03
 0.91118916756152E-03
 0.96191234287472E-03
 0.10282031277670E-02
 0.10830433540633E-02
 0.11530942729144E-02
 0.12048444533901E-02
 0.12837198449466E-02
 0.13354375429724E-02
 0.13865799714611E-02
 0.14443001799522E-02
 0.14899970915705E-02
 0.15091042373720E-02
 0.15739387239789E-02
 0.15707266932012E-02
 0.15644290079037E-02
 0.15633106079275E-02
 0.16524815820952E-02
 0.17647005634322E-02
 0.20888139265469E-02
 0.26932313017330E-02
 0.38089791768634E-02
 0.53485323939298E-02
 0.73193722368617E-02
 0.94754428304410E-02
 0.11487616795806E-01
 0.13026530204663E-01
 0.13998482930391E-01
 0.14342566988822E-01
 0.14282670907202E-01
 0.13931448215093E-01
 0.13356822454108E-01
 0.12724281612659E-01
 0.12050928672849E-01
 0.11427275484698E-01
 0.10780421132426E-01
 0.10194483460107E-01
 0.96633812281799E-02
 0.91631129605404E-02
 0.87104137743836E-02
 0.82817663831422E-02
 0.79370126310659E-02
 0.75642060941860E-02
 0.72558935604998E-02
 0.69828467990903E-02
 0.67309747725111E-02
 0.64830785209718E-02
 0.62501303795637E-02
 0.60333070328540E-02
 0.58505014980213E-02
 0.56692340967161E-02
 0.54945715902251E-02
 0.53272826862436E-02
 0.51996021881991E-02
 0.50583688780414E-02
 0.49337957796256E-02
 0.48019050529652E-02
 0.46890032852486E-02
 0.45820283511085E-02
 0.44902399695325E-02
 0.43892338059636E-02
 0.42999958918333E-02
 0.41979273295838E-02
 0.41244248319176E-02
 0.40431806352593E-02
 0.39744184500923E-02
 0.38972844215804E-02
 0.38262315399648E-02
 0.37679118615948E-02
 0.37055452108686E-02
 0.36484775372052E-02
 0.35899949609911E-02
 0.35343010728608E-02
 0.34918661771980E-02
 0.34370601527737E-02
 0.33849276471640E-02
 0.33394126365089E-02
 0.32969869702809E-02
 0.32501631885614E-02
 0.32157501995006E-02
 0.31731771699727E-02
 0.31293715179950E-02
 0.30974764936348E-02
 0.30632505578610E-02
 0.30267745995814E-02
 0.29924733322282E-02
 0.29646868200985E-02
 0.29296792200339E-02
 0.28947193264170E-02
 0.28646296631685E-02
 0.28338391293624E-02
 0.28049179803607E-02
 0.27864488258161E-02
 0.27560095579376E-02
 0.27291787308737E-02
 0.27044624965031E-02
 0.26782142846965E-02
 0.26559357918349E-02
 0.26347538720422E-02
 0.26097950961127E-02
 0.25840226159495E-02
 0.25650599051246E-02
 0.25391781064072E-02
 0.25200339678567E-02
 0.25047624342693E-02
 0.24809421144768E-02
 0.24583632618044E-02
 0.24419327397090E-02
 0.24229566471065E-02
 0.24053607559047E-02
 0.23833496848277E-02
 0.23720695511003E-02
 0.23488047143241E-02
 0.23333511413438E-02
 0.23151400161410E-02
 0.23018684255410E-02
 0.22819177760767E-02
 0.22672032306831E-02
 0.22539196021039E-02
 0.22387174720755E-02
 0.22249030621791E-02
 0.22080401682996E-02
 0.21906425162160E-02
 0.21791825919945E-02
 0.21712147999996E-02
 0.21505460097669E-02
 0.21352633660899E-02
 0.21243397479738E-02
 0.21131223416341E-02
 0.20978382174666E-02
 0.20849002746634E-02
 0.20742796646635E-02
 0.20603643953372E-02
 0.20476164468665E-02
 0.20374588235959E-02
 0.20229838526854E-02
 0.20095119293313E-02
 0.20011914149870E-02
 0.19843394451779E-02
 0.19757017221685E-02
 0.19620117759664E-02
 0.19554893650115E-02
 0.19445202774823E-02
 0.19327474533259E-02
 0.19209924175208E-02
 0.19132587314220E-02
 0.19013504547030E-02
 0.18919082983193E-02
 0.18793185439492E-02
 0.18684899764123E-02
 0.18626166714730E-02
 0.18499102874263E-02
 0.18393707386141E-02
 0.18348926228727E-02
 0.18236267023554E-02
 0.18129152416657E-02
 0.18053768934957E-02
 0.17947842234443E-02
 0.17840452870569E-02
 0.17751546177920E-02
 0.17684715103925E-02
 0.17604164196993E-02
 0.17499886239212E-02
 0.17429967687749E-02
 0.17355753331793E-02
 0.17232420210697E-02
 0.17134901102519E-02
 0.17086123018610E-02
 0.17012177655022E-02
