 0.00000000000000E+00
 0.00000000000000E+00
 0.00000000000000E+00
 0.12533167783680E-25
 0.75598837821562E-25
 0.75598837821562E-25
 0.40004852444464E-11
-0.26205737315989E-11
 0.16284942702952E-11
 0.15163999546796E-10
 0.13929133986108E-10
 0.17238413802072E-11
 0.18416166544503E-10
 0.10213414058430E-10
-0.50895512027803E-11
-0.76087418861745E-12
-0.98836072768890E-10
 0.90197012610291E-10
-0.22579989712356E-09
 0.32231414145674E-09
 0.26529851413558E-09
 0.76113794291258E-09
 0.20604002306040E-08
 0.44560298790713E-08
 0.94747408627680E-08
 0.18856861327784E-07
 0.35344290048398E-07
 0.63743628308895E-07
 0.11031661046115E-06
 0.18394731537461E-06
 0.29662010736866E-06
 0.46404080482051E-06
 0.70625274220371E-06
 0.10481809611154E-05
 0.15200598191595E-05
 0.21582152874615E-05
 0.30056124355043E-05
 0.41507689342073E-05
 0.55331961816115E-05
 0.73337607910772E-05
 0.96268948211566E-05
 0.12331886885453E-04
 0.15794701814088E-04
 0.19937765443677E-04
 0.24769100681358E-04
 0.30599853561695E-04
 0.37452189793137E-04
 0.45498262820876E-04
 0.54912448720070E-04
 0.65284717579922E-04
 0.77512797045126E-04
 0.91631959437621E-04
 0.10745874620616E-03
 0.12502018636449E-03
 0.14490721921538E-03
 0.16689774126413E-03
 0.19156404612972E-03
 0.21867515872450E-03
 0.24890891059340E-03
 0.28154008853980E-03
 0.31797099196649E-03
 0.36366772715326E-03
 0.40484942673793E-03
 0.43899581434295E-03
 0.48891436974131E-03
 0.55252667757426E-03
 0.62039070249154E-03
 0.68562132262996E-03
 0.74703061673291E-03
 0.80939599841596E-03
 0.88282803842863E-03
 0.96881700402019E-03
 0.10706652516025E-02
 0.11688950103100E-02
 0.12629343822361E-02
 0.13641713777797E-02
 0.14832650499192E-02
 0.16046578363143E-02
 0.17326938585900E-02
 0.18679242711809E-02
 0.20118824716261E-02
 0.21635235008562E-02
 0.23230856001010E-02
 0.24915587730810E-02
 0.26702558236539E-02
 0.28580125955358E-02
 0.30551056880455E-02
 0.32624708042811E-02
 0.34814198224280E-02
 0.37112585024737E-02
 0.39522134933700E-02
 0.42060074086746E-02
 0.44729114645450E-02
 0.47525507285491E-02
 0.50460159498763E-02
 0.53525247249384E-02
 0.56743157874036E-02
 0.60129627493021E-02
 0.63675700948649E-02
 0.67390985500102E-02
 0.71287098161015E-02
 0.75260939500931E-02
 0.79769735432716E-02
 0.84248925705355E-02
 0.88750072929488E-02
 0.93420586839691E-02
 0.98446115201073E-02
 0.10382797850497E-01
 0.10950374793291E-01
 0.11561713190850E-01
 0.12183568173638E-01
 0.12830606728720E-01
 0.13488112769037E-01
 0.14176404340342E-01
 0.14870979625703E-01
 0.15611907422763E-01
 0.16395152210722E-01
 0.17224983802568E-01
 0.18115341838718E-01
 0.19041963701502E-01
 0.19980624185633E-01
 0.20931893166551E-01
 0.21915486372875E-01
 0.23013068903192E-01
 0.24088786768033E-01
 0.25236822605186E-01
 0.26429015942626E-01
 0.27664784252146E-01
 0.28893766905841E-01
 0.30267758126113E-01
 0.31698314396156E-01
 0.33110610054218E-01
 0.34563451758634E-01
 0.36019084965691E-01
 0.37565704755663E-01
 0.39191607753778E-01
 0.40880136315098E-01
 0.42627883658021E-01
 0.44438459225198E-01
 0.46288400096585E-01
 0.48118152439025E-01
 0.49944507085654E-01
 0.51717867087522E-01
 0.53543379415639E-01
 0.55384767614668E-01
 0.57271170158080E-01
 0.59198765900380E-01
 0.61094614213711E-01
 0.62880180456823E-01
 0.64525011112073E-01
 0.66021744365281E-01
 0.67526376828921E-01
 0.68912011658361E-01
 0.70089917245120E-01
 0.71063132119441E-01
 0.71849535265486E-01
 0.72404090987525E-01
 0.72734078019003E-01
 0.72817031854651E-01
 0.72664538802355E-01
 0.72234327950127E-01
 0.71558743349595E-01
 0.70669943324406E-01
 0.69539751246773E-01
 0.68204884417896E-01
 0.66696683380652E-01
 0.65004158434156E-01
 0.63167160683306E-01
 0.61182851484840E-01
 0.59088294527679E-01
 0.56895333436953E-01
 0.54620445850121E-01
 0.52269084614231E-01
 0.49868287665877E-01
 0.47445444532871E-01
 0.44991018376491E-01
 0.42541588031589E-01
 0.40111943864856E-01
 0.37726400867701E-01
 0.35381590341848E-01
 0.33189076928372E-01
 0.30943284614506E-01
 0.28916412093468E-01
 0.27108543277745E-01
 0.25378120392805E-01
 0.23688370261357E-01
 0.22123768560761E-01
 0.20758640044773E-01
 0.19620732937796E-01
 0.18730591833984E-01
 0.17987616784546E-01
 0.17291359909481E-01
 0.16608301591427E-01
 0.16048601110579E-01
 0.15758465681336E-01
 0.15596465356476E-01
 0.15410737348539E-01
 0.15319939712032E-01
 0.15294548532401E-01
 0.15330094573077E-01
 0.15408612014550E-01
 0.15513523373562E-01
 0.15657992793802E-01
 0.15818610984209E-01
 0.15985973388791E-01
 0.16177884588625E-01
 0.16365952344038E-01
 0.16556977488051E-01
 0.16754095665568E-01
 0.16936094095765E-01
 0.17106049907298E-01
 0.17317135436612E-01
 0.17521326168163E-01
 0.17679455048941E-01
 0.17796199537711E-01
 0.17928654834101E-01
 0.18055952598128E-01
 0.18216990262331E-01
 0.18421262371808E-01
 0.18557473870945E-01
 0.18634857995421E-01
 0.18669373298985E-01
 0.18769796953991E-01
 0.18932468825784E-01
 0.18978831976102E-01
 0.19056804545564E-01
 0.19127126834844E-01
 0.19192827138433E-01
 0.19251832409940E-01
 0.19305369610670E-01
 0.19354329029339E-01
 0.19399007866053E-01
 0.19440580686698E-01
 0.19477612061189E-01
 0.19509185379606E-01
 0.19539157199288E-01
 0.19563776178664E-01
 0.19587456415694E-01
 0.19607026977118E-01
 0.19624580262650E-01
 0.19639549927351E-01
 0.19652055254104E-01
 0.19662247212899E-01
 0.19670646739628E-01
 0.19676122747540E-01
 0.19680451032847E-01
 0.19683850461606E-01
 0.19684770147156E-01
 0.19684737707953E-01
 0.19683496775749E-01
 0.19680763062483E-01
 0.19676707370411E-01
 0.19671689183648E-01
 0.19665276234970E-01
 0.19658631678524E-01
 0.19651045131273E-01
 0.19642351873480E-01
 0.19633224411798E-01
 0.19623458615266E-01
 0.19612979471397E-01
 0.19601724820878E-01
 0.19590334949318E-01
 0.19578246596343E-01
 0.19565568726735E-01
 0.19553107744653E-01
 0.19539590961700E-01
 0.19525918579419E-01
 0.19512325617413E-01
 0.19497856052944E-01
 0.19483535909258E-01
 0.19468522510836E-01
 0.19454008773557E-01
 0.19438849415605E-01
 0.19423473744128E-01
 0.19408325273775E-01
 0.19391974941282E-01
 0.19376795210860E-01
 0.19361454978413E-01
 0.19345580708955E-01
 0.19329930013429E-01
 0.19313623815517E-01
 0.19298345884496E-01
 0.19281791564475E-01
 0.19266546800581E-01
 0.19249908759986E-01
 0.19234610109379E-01
 0.19217665204570E-01
 0.19203032717618E-01
 0.19186907802123E-01
 0.19171161859389E-01
 0.19154948902312E-01
 0.19138846783278E-01
 0.19123223346574E-01
 0.19108103564296E-01
 0.19092547238216E-01
 0.19075957898308E-01
 0.19061092116941E-01
 0.19045531351633E-01
 0.19030769954398E-01
 0.19014163744340E-01
