 0.00000000000000E+00
 0.00000000000000E+00
 0.00000000000000E+00
 0.00000000000000E+00
-0.94878995557708E-26
 0.53302806493094E-25
 0.33815424760633E-23
 0.81020265869503E-23
 0.11979604685636E-23
 0.44713634897042E-21
 0.30864501924611E-20
 0.27816642080046E-20
 0.15874663277056E-19
-0.22813079029103E-20
 0.95389087780356E-20
 0.55892043621303E-19
 0.10338833552420E-18
 0.32139841818999E-18
 0.38383712242861E-18
 0.41494253184455E-18
 0.16686137804144E-17
 0.11825093526490E-18
 0.11477736871081E-17
 0.19210302400211E-17
 0.18168187214998E-17
 0.78152188440893E-18
 0.11631042558190E-18
 0.22109132590491E-17
 0.12766000349136E-17
 0.84790300249206E-17
-0.17280871702291E-12
 0.32559591426941E-12
-0.18148768134002E-12
 0.23402319614033E-13
 0.10895487331876E-12
 0.18213710185087E-12
-0.36512217001653E-12
 0.41256402670543E-12
-0.13969909388088E-12
 0.48339076509620E-12
-0.14553059366719E-12
-0.78609458164101E-13
-0.98664583992152E-13
-0.96408654510934E-13
-0.11686134321858E-12
 0.11699253429500E-12
 0.15752237330759E-12
 0.16289700508127E-12
-0.36140411493589E-13
-0.73344620144613E-13
 0.28187284949997E-13
-0.12175027248745E-12
 0.18481001985161E-12
-0.19772214058880E-12
-0.97723632431297E-13
 0.16039383102855E-13
 0.54471810708527E-13
 0.31960057344661E-13
-0.11330067707383E-12
-0.28938861642814E-13
 0.10995707235734E-12
 0.11583800300016E-12
 0.62762921036106E-13
 0.83584986258437E-13
-0.48306085251009E-13
 0.57494831031792E-13
-0.83517533742923E-14
-0.12236891950575E-13
 0.86805999910013E-13
-0.97988262993106E-14
-0.17917258805510E-13
 0.40819306692564E-13
 0.22901250396688E-13
-0.28709392709647E-13
-0.29675626132331E-13
 0.30822321193864E-13
 0.66719662669874E-13
 0.23710964880030E-13
 0.52193002872188E-13
 0.10155137547351E-12
 0.21861810979419E-13
-0.18875245740041E-13
-0.38620447243655E-13
-0.16106498457134E-13
 0.11148724861388E-13
-0.47808826992727E-13
-0.12531261693479E-14
-0.76010841181479E-14
 0.57475681785691E-14
-0.10058868022216E-13
-0.64656895882793E-14
-0.10564635863081E-13
 0.20207837079228E-13
-0.19271691974524E-14
 0.51842576035629E-13
 0.20943204161554E-13
 0.84732628132876E-14
-0.25843116617244E-13
-0.12479335266147E-13
-0.84244125904279E-14
 0.21371787514652E-13
 0.40864251157466E-13
-0.80888288540065E-14
 0.40580784355228E-14
 0.22583682394408E-14
-0.21336421407256E-13
 0.35639493543742E-13
-0.80334215224312E-14
 0.23653006393111E-13
 0.72903478364866E-14
-0.58897127312503E-14
-0.11042218553270E-13
 0.88124008631782E-15
 0.74179336242513E-15
 0.19403188691772E-13
-0.53202681925624E-14
-0.26238885930455E-13
-0.11750004229235E-13
 0.23471215260759E-13
 0.12489814723429E-13
-0.12544753162792E-13
-0.16401021087265E-13
 0.81049178145948E-14
 0.50755665561145E-14
 0.11029063923195E-13
-0.23584671505266E-13
 0.33930802636425E-14
 0.52064556474116E-14
 0.81090936145903E-14
 0.15348272858915E-14
-0.10175942000674E-13
-0.13177087923327E-14
 0.16995430049907E-14
 0.47764390739770E-14
-0.42152535881673E-14
 0.45613419212588E-14
 0.28298922842893E-15
 0.18468298855431E-13
-0.80809776412122E-14
 0.67214603723192E-13
 0.30342973562024E-12
 0.20114751157639E-12
 0.53593360398872E-13
 0.12531378300534E-13
-0.79972233716565E-14
 0.55684212868868E-13
-0.30833158072434E-13
-0.12313023836886E-11
-0.10679659948538E-12
 0.36541629362260E-13
-0.70008902992597E-13
-0.93462403437184E-13
 0.11898997385028E-13
 0.81502207762233E-14
-0.14956770809065E-12
 0.16477831254183E-13
 0.34349833206249E-14
-0.90964268611497E-13
-0.20767566809999E-13
-0.10694688752345E-12
-0.33092991873933E-13
-0.18152890343524E-13
 0.79660234720845E-13
 0.62670883950130E-13
 0.49227304276128E-13
 0.17997018537628E-12
 0.77989339796272E-14
-0.55186570323831E-13
 0.11605952945364E-12
-0.58642460730871E-13
 0.89746588679603E-14
-0.35287923861294E-13
-0.17536805202135E-12
 0.31935350823027E-12
-0.34325973767696E-12
-0.16000254548484E-13
-0.16336656500052E-13
-0.49641111877852E-14
 0.46422791523515E-13
 0.88343101760329E-14
-0.90293076023820E-12
-0.67732951437494E-13
 0.53609412783870E-13
-0.24224121169696E-13
 0.57439056590063E-14
 0.16269791985561E-13
-0.11130029692465E-12
 0.61574579981872E-13
 0.22823558433562E-12
-0.16781765926683E-12
 0.14542032167660E-12
-0.16038933195140E-12
 0.15244124558481E-12
 0.10520942307272E-14
-0.43782761504051E-12
-0.12190530574834E-11
-0.15063509146772E-13
-0.97260148779141E-13
 0.51446881777883E-11
-0.88017482567667E-13
-0.11698095596477E-12
 0.45142690602450E-13
-0.24687907413215E-12
 0.80770649781638E-13
-0.18823036897060E-12
 0.96248996845467E-13
 0.38668298067218E-13
-0.17533699815892E-11
-0.17838438337991E-12
 0.50908869122086E-13
 0.65635992202122E-13
 0.16220089271724E-12
-0.28491017068052E-11
 0.17403340318095E-13
 0.68972606005340E-13
-0.30906936769027E-13
-0.33206756828339E-13
-0.13677702490764E-12
-0.14592792517710E-13
 0.10802227030081E-12
 0.13345058121559E-12
 0.15117157892737E-13
-0.16159177657881E-11
 0.17064178942235E-12
 0.84204137401840E-13
-0.25870505424882E-13
 0.23782609450522E-12
-0.27518761543400E-12
-0.29682509181106E-12
 0.14039843989135E-12
 0.11061709440609E-13
-0.39445919798803E-12
 0.11824964313433E-12
-0.74579888056667E-12
-0.21197804446512E-12
-0.12040113134898E-11
 0.11633003384355E-12
-0.59616219017940E-12
-0.96588572312386E-13
 0.19646647869225E-11
 0.16008639891737E-11
-0.18022438157332E-11
 0.42433492141987E-12
 0.45251945738406E-12
-0.16047570547593E-12
 0.24458831913167E-11
 0.43047957674462E-12
-0.11622339194913E-11
 0.19519079733217E-12
-0.35680164450953E-12
 0.57602753425045E-12
-0.84013782604257E-12
 0.64361788501321E-12
-0.80326460087024E-12
 0.33413741909456E-13
 0.33352794542402E-13
 0.37317879325608E-12
-0.65026508933548E-13
-0.44623054480286E-12
-0.97791887581606E-14
-0.38271907767095E-12
 0.28676168282338E-12
-0.13599806939139E-12
 0.22205350144061E-13
 0.69796510444392E-12
-0.11343891547007E-12
-0.41442278561232E-12
-0.36627680314022E-12
-0.17561556281611E-13
-0.19308757991426E-12
-0.40394024587746E-12
 0.27858928860171E-12
 0.26449579642924E-12
 0.54824057532336E-13
 0.30193697836224E-12
-0.34991003815983E-12
 0.39594321357244E-12
-0.29657997996313E-12
 0.21934435355916E-12
 0.40653544423873E-12
-0.24704319054900E-12
 0.50935839977964E-12
-0.45282176890564E-12
 0.11410454476294E-12
-0.32732227475804E-11
-0.17171629752807E-12
 0.30855862735962E-12
 0.25707916574521E-12
-0.17736384071534E-12
 0.77009570042881E-13
-0.18399959101827E-12
-0.19488148746904E-12
 0.54913211966444E-12
-0.63177745462143E-13
-0.41300141230228E-12
 0.62509255905143E-12
-0.59680838582423E-12
 0.33193053476051E-12
 0.25791744694012E-13
 0.30645179582929E-12
