 0.00000000000000E+00
 0.00000000000000E+00
 0.00000000000000E+00
 0.00000000000000E+00
-0.28802898344996E-25
 0.24228548405952E-24
 0.90835102490703E-23
 0.11338185340436E-21
-0.38071579756970E-11
-0.97221622449954E-11
-0.30394170240894E-11
-0.12018075203131E-10
-0.16868077121542E-11
 0.20688892304066E-11
 0.32804993753790E-11
 0.25435334133623E-11
-0.55166521076017E-12
-0.27386224059800E-11
 0.26894436694856E-12
 0.20330328655908E-12
 0.12445458715023E-11
 0.13392218045120E-11
 0.13981495886399E-11
-0.15848236582067E-11
 0.16206367978219E-11
-0.25260931288606E-11
-0.27270666328679E-11
-0.18085094728506E-09
-0.44888728139844E-08
 0.12072251290351E-07
-0.29290480662841E-07
 0.19114854490508E-08
 0.13402756718579E-07
 0.45138509805583E-08
 0.18817086696767E-07
 0.18543453888040E-07
-0.10395789102443E-07
 0.50256283592625E-09
 0.50583362993560E-08
 0.15768518158785E-07
-0.63624025325226E-08
 0.42534493753221E-08
 0.13257961999509E-07
 0.17880182333705E-07
 0.58788964518252E-08
 0.10148541248217E-07
 0.24378225113211E-07
 0.32568057656113E-07
 0.40950320594927E-07
 0.67372280789264E-07
 0.60848209035772E-07
 0.61260575279576E-07
 0.13300141964819E-06
 0.20333039073634E-06
 0.30316924094742E-06
 0.37285877341328E-06
 0.51450469131358E-06
 0.66534057252469E-06
 0.86568877450294E-06
 0.11011828314133E-05
 0.13807483874315E-05
 0.16976485793216E-05
 0.20995609853799E-05
 0.25815860463387E-05
 0.31609643945721E-05
 0.38409183726047E-05
 0.46449452826224E-05
 0.55580226891617E-05
 0.66512591311591E-05
 0.79226828412161E-05
 0.94055053900374E-05
 0.11097465491953E-04
 0.13009639455442E-04
 0.15198664561540E-04
 0.17689260426808E-04
 0.20558208447551E-04
 0.23779460433583E-04
 0.27429238178496E-04
 0.31344333845190E-04
 0.35496968214509E-04
 0.41192553439427E-04
 0.46929038081233E-04
 0.53343006076228E-04
 0.60411600692331E-04
 0.68265796317777E-04
 0.76961191530593E-04
 0.86624571753276E-04
 0.97202000306356E-04
 0.10885912757531E-03
 0.12164817944198E-03
 0.13578712791001E-03
 0.15116088557236E-03
 0.16801765301089E-03
 0.18642976171123E-03
 0.20649388643648E-03
 0.22840241096393E-03
 0.25218899247800E-03
 0.27804553064110E-03
 0.30611096367682E-03
 0.33656551949279E-03
 0.36952530137441E-03
 0.40514638117002E-03
 0.44376541630165E-03
 0.48551755403899E-03
 0.53051285796586E-03
 0.57909400393474E-03
 0.63148920192271E-03
 0.68803095084000E-03
 0.74713953256937E-03
 0.81346156092777E-03
 0.88348947618026E-03
 0.95865027846995E-03
 0.10393222774527E-02
 0.11259463621209E-02
 0.12188365503373E-02
 0.13181390545002E-02
 0.14246412764418E-02
 0.15384870056122E-02
 0.16602057639334E-02
 0.17903027057546E-02
 0.19293149679158E-02
 0.20774602355494E-02
 0.22348487648769E-02
 0.24044816119365E-02
 0.25804292569119E-02
 0.27725324945188E-02
 0.29741592754266E-02
 0.31876231277971E-02
 0.34129908910950E-02
 0.36503001034263E-02
 0.38995946084531E-02
 0.41604976095817E-02
 0.44262245510976E-02
 0.47067997679306E-02
 0.49891969094496E-02
 0.52700109296280E-02
 0.55471945421842E-02
 0.58027852228699E-02
 0.60261679548890E-02
 0.62007841461239E-02
 0.62863977122646E-02
 0.62650541796852E-02
 0.60794826220662E-02
 0.57415343945232E-02
 0.53439541768902E-02
 0.52069001772254E-02
 0.58512255641558E-02
 0.78118538882070E-02
 0.11184779335470E-01
 0.15463426558943E-01
 0.20059830828888E-01
 0.24552257116881E-01
 0.28750502663340E-01
 0.32624274546808E-01
 0.36189366453808E-01
 0.39486740046011E-01
 0.42553297407037E-01
 0.45443040411131E-01
 0.48160125836567E-01
 0.50757023260648E-01
 0.53247778334537E-01
 0.55650196009838E-01
 0.57981614559531E-01
 0.60245266424799E-01
 0.62460044636960E-01
 0.64628687205173E-01
 0.66756446337560E-01
 0.68848327514979E-01
 0.70907141585015E-01
 0.72935057180661E-01
 0.74933683518723E-01
 0.76903952879895E-01
 0.78846186893629E-01
 0.80761235496245E-01
 0.82648515539153E-01
 0.84508101220926E-01
 0.86339132506387E-01
 0.88141976976524E-01
 0.89916400234506E-01
 0.91660938968568E-01
 0.93376062067808E-01
 0.95062370744107E-01
 0.96718391267885E-01
 0.98344827149359E-01
 0.99941372823313E-01
 0.10150817101101E+00
 0.10304549930972E+00
 0.10455345787414E+00
 0.10603256453737E+00
 0.10748295667295E+00
 0.10890505320362E+00
 0.11029937379686E+00
 0.11166650336354E+00
 0.11300673350279E+00
 0.11432068399496E+00
 0.11560888259699E+00
 0.11687194608827E+00
 0.11811039066599E+00
 0.11932480237776E+00
 0.12051577043976E+00
 0.12168380770983E+00
 0.12282958917350E+00
 0.12395358810147E+00
 0.12505638630419E+00
 0.12613851779263E+00
 0.12720051937808E+00
 0.12824296676361E+00
 0.12926629851473E+00
 0.13027104169281E+00
 0.13125767898996E+00
 0.13222667552022E+00
 0.13317851594741E+00
 0.13411362442221E+00
 0.13503243919371E+00
 0.13593537889740E+00
 0.13682285143311E+00
 0.13769526462093E+00
 0.13855297137880E+00
 0.13939636925863E+00
 0.14022580362023E+00
 0.14104162775466E+00
 0.14184417492435E+00
 0.14263376179250E+00
 0.14341070696384E+00
 0.14417535693125E+00
 0.14492794702338E+00
 0.14566878921019E+00
 0.14639815371416E+00
 0.14711631270626E+00
 0.14782350853401E+00
 0.14852001471173E+00
 0.14920610697214E+00
 0.14988195469244E+00
 0.15054781579703E+00
 0.15120391008074E+00
 0.15185045324682E+00
 0.15248765334454E+00
 0.15311573175669E+00
 0.15373484067252E+00
 0.15434518891891E+00
 0.15494697883975E+00
 0.15554038050225E+00
 0.15612556492945E+00
 0.15670270312105E+00
 0.15727196002446E+00
 0.15783349242719E+00
 0.15838745333331E+00
 0.15893400824616E+00
 0.15947328976249E+00
 0.16000544508622E+00
 0.16053061010176E+00
 0.16104892624643E+00
 0.16156052277283E+00
 0.16206552542167E+00
 0.16256406230488E+00
 0.16305626959584E+00
 0.16354227384516E+00
 0.16402207076151E+00
 0.16449592496554E+00
 0.16496389167288E+00
 0.16542607631139E+00
 0.16588258363176E+00
 0.16633351534050E+00
 0.16677897296253E+00
 0.16721905274169E+00
 0.16765386246118E+00
 0.16808347855640E+00
 0.16850795555692E+00
 0.16892744439750E+00
 0.16934200781411E+00
 0.16975173180225E+00
 0.17015669261835E+00
 0.17055697770503E+00
 0.17095265820609E+00
 0.17134381737266E+00
 0.17173052850463E+00
 0.17211287434178E+00
 0.17249092453611E+00
 0.17286469631888E+00
 0.17323433334298E+00
 0.17359987361841E+00
 0.17396138225783E+00
 0.17431892629165E+00
 0.17467256762366E+00
 0.17502236878365E+00
 0.17536838941914E+00
 0.17571068961119E+00
 0.17604932687563E+00
 0.17638437303305E+00
 0.17671588259631E+00
 0.17704383273178E+00
 0.17736837740138E+00
 0.17768953645289E+00
 0.17800735818643E+00
 0.17832189100745E+00
 0.17863318878422E+00
 0.17894129812033E+00
 0.17924626557118E+00
 0.17954813987669E+00
 0.17984712855830E+00
