 0.00000000000000E+00
 0.00000000000000E+00
 0.00000000000000E+00
 0.00000000000000E+00
 0.31332919459201E-26
-0.37307319071422E-25
-0.18916317824969E-23
-0.30833007534892E-22
 0.18717099096942E-11
 0.21887259570299E-11
 0.20797716206184E-11
 0.74094547632140E-11
 0.16238517635328E-11
-0.14979773779314E-11
-0.47894587985711E-11
-0.13299223290810E-11
 0.67159692077974E-12
 0.42709948493337E-11
-0.15273778264430E-11
-0.93178719947283E-12
-0.37388579377327E-11
 0.13937281295150E-11
 0.86283114682494E-13
 0.52055345384164E-11
-0.52628152845786E-11
 0.83787268495083E-11
-0.27052473474510E-11
 0.85359540453292E-09
 0.19699352841419E-07
-0.24571308621099E-07
 0.60087168168372E-07
 0.25881744673783E-07
-0.50403052380927E-07
-0.12475983101798E-07
-0.65745284216897E-07
-0.14583996561025E-06
 0.56539035920734E-07
-0.42223470373097E-08
-0.20059331874589E-07
-0.92881002247251E-07
 0.79460799520395E-07
-0.75305647825518E-07
-0.80686337677676E-07
-0.96744630531701E-07
 0.49554881911013E-07
 0.13617681712465E-06
 0.10679212878908E-06
 0.99092183768194E-07
 0.16839084395358E-06
 0.15361594995209E-06
 0.57851389681433E-06
 0.93596689386391E-06
 0.60359395796398E-06
 0.49780190394398E-06
 0.34277196148153E-06
 0.84649864012800E-06
 0.64550532015539E-06
 0.75319797525380E-06
 0.74641635733551E-06
 0.87014878112702E-06
 0.99125762486126E-06
 0.16884278863134E-05
 0.21447229184914E-05
 0.26508936224884E-05
 0.31217970868410E-05
 0.37525132819076E-05
 0.44417888352466E-05
 0.58319798974757E-05
 0.66928217303933E-05
 0.78729945673474E-05
 0.89808899297935E-05
 0.10411259485981E-04
 0.12683721439846E-04
 0.14879389810089E-04
 0.18031601813825E-04
 0.20612878741421E-04
 0.23603547095185E-04
 0.26683348477896E-04
 0.37997680863653E-04
 0.47243726901788E-04
 0.41375276797436E-04
 0.47201806830314E-04
 0.52390415689568E-04
 0.60801163436404E-04
 0.68900063091936E-04
 0.78123670244001E-04
 0.86359582013992E-04
 0.97683699583002E-04
 0.11010325777108E-03
 0.12383153730410E-03
 0.13557929007724E-03
 0.15225146984393E-03
 0.16937313875427E-03
 0.18733140725436E-03
 0.20875411695490E-03
 0.22925616446852E-03
 0.25349190643167E-03
 0.28017367266612E-03
 0.30903271305400E-03
 0.33980357580565E-03
 0.37395978150296E-03
 0.41462817012355E-03
 0.45194081354948E-03
 0.49177984581855E-03
 0.53859963677003E-03
 0.58635356217892E-03
 0.63242362548523E-03
 0.68434909837863E-03
 0.79885236691609E-03
 0.83062380134132E-03
 0.90394512971164E-03
 0.98579324672982E-03
 0.10733706523710E-02
 0.11608442843839E-02
 0.12537094705386E-02
 0.13641133340369E-02
 0.14721002818578E-02
 0.15954894324961E-02
 0.17251392041202E-02
 0.18613319300435E-02
 0.20021700453744E-02
 0.21621523574939E-02
 0.23778481451124E-02
 0.24194397970946E-02
 0.27939493308949E-02
 0.28754308598495E-02
 0.30737496150799E-02
 0.32694784084750E-02
 0.34838756351757E-02
 0.36850308632764E-02
 0.38569553208029E-02
 0.39793966901799E-02
 0.43314218241096E-02
 0.42347385840738E-02
 0.41804502698102E-02
 0.41225646585542E-02
 0.34026362676833E-02
 0.28150411883769E-02
 0.17040190528515E-02
-0.69299552590422E-03
-0.31994533906898E-02
-0.79623031339109E-02
-0.12192751060682E-01
-0.16996274179356E-01
-0.19236581459347E-01
-0.15962051243461E-01
 0.54878866235843E-02
 0.46252619158261E-01
 0.85724315439687E-01
 0.10987163815581E+00
 0.11627838872646E+00
 0.11371775092305E+00
 0.10731745411608E+00
 0.10019137758405E+00
 0.92581347852981E-01
 0.85805115956924E-01
 0.80213371279422E-01
 0.74283544751840E-01
 0.70528969289126E-01
 0.66757253648720E-01
 0.63513844740884E-01
 0.60726147731157E-01
 0.57890144541951E-01
 0.56419844563259E-01
 0.54184702356841E-01
 0.52422230651202E-01
 0.50959377028634E-01
 0.49509706599401E-01
 0.48256145650119E-01
 0.47057255836613E-01
 0.45996086629587E-01
 0.44958817778872E-01
 0.44045801528772E-01
 0.43108232209113E-01
 0.42237203644221E-01
 0.41418232434117E-01
 0.40652753352376E-01
 0.39894138852459E-01
 0.39133245199780E-01
 0.38479437534577E-01
 0.37898322714107E-01
 0.37334390151896E-01
 0.36559949173921E-01
 0.35951542372565E-01
 0.35406229412342E-01
 0.34854255105863E-01
 0.34329833273471E-01
 0.33837920353402E-01
 0.33343158049962E-01
 0.32879723998553E-01
 0.32447802351715E-01
 0.32026628966853E-01
 0.31599730933480E-01
 0.31207812438415E-01
 0.30832191040205E-01
 0.30473115264752E-01
 0.30127294379181E-01
 0.29796367049208E-01
 0.29479417372968E-01
 0.29174791708757E-01
 0.28892754610645E-01
 0.28604048218684E-01
 0.28335607756068E-01
 0.28077965637963E-01
 0.27833567127168E-01
 0.27602200843777E-01
 0.27364758132331E-01
 0.27145370953665E-01
 0.26934008739089E-01
 0.26730938554065E-01
 0.26536365107000E-01
 0.26347831860159E-01
 0.26166300764774E-01
 0.25991277947743E-01
 0.25823068534862E-01
 0.25660834352780E-01
 0.25500019596794E-01
 0.25351903167379E-01
 0.25205146230650E-01
 0.25064006226629E-01
 0.24926789488588E-01
 0.24794264983488E-01
 0.24668881636779E-01
 0.24550453447468E-01
 0.24421062847583E-01
 0.24304357554372E-01
 0.24190517185130E-01
 0.24080945836217E-01
 0.23974241296532E-01
 0.23876123704717E-01
 0.23778901640227E-01
 0.23671605718787E-01
 0.23576327051643E-01
 0.23483425572514E-01
 0.23393106163726E-01
 0.23305224907823E-01
 0.23219443422229E-01
 0.23129941554143E-01
 0.23056866367385E-01
 0.22974956549046E-01
 0.22897647739072E-01
 0.22821769862885E-01
 0.22747969300909E-01
 0.22675772401946E-01
 0.22604992814355E-01
 0.22536182343005E-01
 0.22468964642705E-01
 0.22402790734406E-01
 0.22337970028138E-01
 0.22274587165626E-01
 0.22213156241740E-01
 0.22152317399692E-01
 0.22092535757332E-01
 0.22034422113831E-01
 0.21977136947665E-01
 0.21914453441629E-01
 0.21854916981699E-01
 0.21812254287834E-01
 0.21759480061337E-01
 0.21707411527837E-01
 0.21656448625821E-01
 0.21606511794145E-01
 0.21557581934942E-01
 0.21509114396336E-01
 0.21461316527514E-01
 0.21408564767816E-01
 0.21366103759241E-01
 0.21323316378863E-01
 0.21279181095716E-01
 0.21235835639188E-01
 0.21192320574532E-01
 0.21150373447066E-01
 0.21108093643134E-01
 0.21067750781285E-01
 0.21027204860365E-01
 0.20987272018314E-01
 0.20944055506006E-01
 0.20906137876926E-01
 0.20871508085290E-01
 0.20833606388829E-01
 0.20796603360146E-01
 0.20760492449133E-01
 0.20724535146243E-01
 0.20689102288077E-01
 0.20654201194258E-01
 0.20619749302948E-01
 0.20585974439899E-01
 0.20552542887712E-01
 0.20513092913323E-01
 0.20478143509218E-01
 0.20454152439451E-01
 0.20422928603102E-01
 0.20391149249161E-01
 0.20360180267660E-01
 0.20330058998038E-01
 0.20299675226084E-01
 0.20269676153467E-01
 0.20240271304598E-01
 0.20210980292179E-01
 0.20106649031615E-01
