 0.00000000000000E+00
 0.00000000000000E+00
 0.00000000000000E+00
 0.00000000000000E+00
 0.00000000000000E+00
 0.46906469713923E-25
 0.26431727307018E-23
 0.14259566793033E-21
 0.18764852779580E-21
 0.10733462052538E-06
 0.20289846067527E-05
-0.85599130136449E-07
 0.29475720785534E-06
-0.44722938270599E-06
 0.10655434535664E-06
 0.45450707508371E-06
 0.79643942355037E-07
-0.47117273668210E-07
 0.39088084517542E-07
-0.89772372551203E-07
 0.86481294455264E-07
 0.67150381617376E-07
-0.32544139016186E-07
-0.20976176173086E-08
-0.17658854652320E-07
-0.17118587633540E-07
-0.33056276028145E-07
 0.24419331324606E-07
-0.13724513599380E-07
-0.45945135001890E-07
-0.25774692275465E-07
-0.49076574087874E-07
-0.26828908559115E-07
 0.59908458765730E-07
 0.20377007186865E-07
 0.25964104006180E-07
-0.31947352143014E-07
-0.16841167590755E-07
 0.51598432725845E-07
 0.10829455946500E-07
 0.31601555985890E-07
 0.18046007477420E-07
 0.24276644036039E-07
 0.10912517501366E-07
 0.27830978618851E-07
 0.18604778268835E-07
 0.77334810099613E-07
 0.68297085687372E-07
 0.13684747759313E-06
 0.16054673634907E-06
 0.19056744684241E-06
 0.27119215888627E-06
 0.35044365682775E-06
 0.46590773090743E-06
 0.61938610047225E-06
 0.74935805786127E-06
 0.94695010388399E-06
 0.11982770300089E-05
 0.14876784282477E-05
 0.18161216343653E-05
 0.22356542668329E-05
 0.27066342372868E-05
 0.32705772631050E-05
 0.39372703909589E-05
 0.46979359989532E-05
 0.55682237071543E-05
 0.65878336944382E-05
 0.77600623961804E-05
 0.90766828697427E-05
 0.10577914125823E-04
 0.12303680917972E-04
 0.14237373300553E-04
 0.16394656526102E-04
 0.18826243209765E-04
 0.21538392190763E-04
 0.24570039787832E-04
 0.27936726122256E-04
 0.31679015903039E-04
 0.35797944918974E-04
 0.40362206023888E-04
 0.45332929345960E-04
 0.50900176363235E-04
 0.56796232438274E-04
 0.63493592929165E-04
 0.70669038728099E-04
 0.78550876972189E-04
 0.87087981280728E-04
 0.96336662776072E-04
 0.10642141295520E-03
 0.11731826773023E-03
 0.12908145955287E-03
 0.14179529214925E-03
 0.15551254228215E-03
 0.17034172408118E-03
 0.18621769641709E-03
 0.20327832131331E-03
 0.22162149555164E-03
 0.24133482143929E-03
 0.26239607605295E-03
 0.28493385869574E-03
 0.30910332351581E-03
 0.33487042429540E-03
 0.36237557923857E-03
 0.39178931871714E-03
 0.42305423719128E-03
 0.45641015238946E-03
 0.49195496207150E-03
 0.52975944753364E-03
 0.56990749572180E-03
 0.61265451461221E-03
 0.65800002834077E-03
 0.70613433987819E-03
 0.75724406499765E-03
 0.81151183652029E-03
 0.86891723727440E-03
 0.92988446813624E-03
 0.99436357531222E-03
 0.10626623856293E-02
 0.11349098046333E-02
 0.12116006789709E-02
 0.12925931806722E-02
 0.13782158512814E-02
 0.14688801111513E-02
 0.15647589402444E-02
 0.16659715091263E-02
 0.17730818806494E-02
 0.18861856315117E-02
 0.20056631446519E-02
 0.21318778125478E-02
 0.22653075301171E-02
 0.24060812348637E-02
 0.25549042756180E-02
 0.27119907533209E-02
 0.28778990157596E-02
 0.30529810877168E-02
 0.32379817763019E-02
 0.34333532125955E-02
 0.36393881414706E-02
 0.38570292072407E-02
 0.40872616042233E-02
 0.43301282271332E-02
 0.45867554769562E-02
 0.48576341054419E-02
 0.51438554187081E-02
 0.54461651635105E-02
 0.57656715919605E-02
 0.61031958252126E-02
 0.64599101159438E-02
 0.68368003548937E-02
 0.72349905334940E-02
 0.76563247771176E-02
 0.81017545749096E-02
 0.85727159066855E-02
 0.90708587107827E-02
 0.95984703433878E-02
 0.10156937815042E-01
 0.10748818069529E-01
 0.11377714660832E-01
 0.12046862291962E-01
 0.12760175111025E-01
 0.13525207789616E-01
 0.14348772249202E-01
 0.15239085135174E-01
 0.16206813465705E-01
 0.17262904345903E-01
 0.18414960864550E-01
 0.19665865304837E-01
 0.21008856419004E-01
 0.22428768088300E-01
 0.23901582353712E-01
 0.25397945830229E-01
 0.26888549271543E-01
 0.28346537495699E-01
 0.29751974969979E-01
 0.31091196470889E-01
 0.32356235820480E-01
 0.33544438207445E-01
 0.34655260764252E-01
 0.35691699466874E-01
 0.36657916396570E-01
 0.37557855027029E-01
 0.38396854221371E-01
 0.39179444306615E-01
 0.39909818128922E-01
 0.40592271243498E-01
 0.41230652393102E-01
 0.41828389772612E-01
 0.42388641292514E-01
 0.42915015155869E-01
 0.43408938861908E-01
 0.43873066394831E-01
 0.44309950584259E-01
 0.44720873082747E-01
 0.45108233401615E-01
 0.45473044954943E-01
 0.45816907774558E-01
 0.46140784965987E-01
 0.46446667542265E-01
 0.46734723316728E-01
 0.47006661542589E-01
 0.47262909696502E-01
 0.47504481098016E-01
 0.47732058663600E-01
 0.47946749648577E-01
 0.48148437298497E-01
 0.48339026036484E-01
 0.48517645830917E-01
 0.48685726904197E-01
 0.48843930620777E-01
 0.48991921625259E-01
 0.49130802620751E-01
 0.49260810031240E-01
 0.49382226872520E-01
 0.49495705978162E-01
 0.49601290184590E-01
 0.49699690549305E-01
 0.49790719332664E-01
 0.49875203499344E-01
 0.49953171319819E-01
 0.50024759774921E-01
 0.50090349502963E-01
 0.50150076925492E-01
 0.50204495569781E-01
 0.50253664409066E-01
 0.50297529330878E-01
 0.50336667812970E-01
 0.50371068492492E-01
 0.50400909589919E-01
 0.50426583888405E-01
 0.50447932418592E-01
 0.50465260333582E-01
 0.50478801088776E-01
 0.50488560787558E-01
 0.50494702822264E-01
 0.50497419142621E-01
 0.50496877628609E-01
 0.50493103316010E-01
 0.50486174513716E-01
 0.50476368380729E-01
 0.50463688025526E-01
 0.50448203631254E-01
 0.50430094459959E-01
 0.50409418315437E-01
 0.50386250967533E-01
 0.50360715684418E-01
 0.50332895734269E-01
 0.50302850840412E-01
 0.50270649922632E-01
 0.50236433675418E-01
 0.50200165288896E-01
 0.50162034966731E-01
 0.50122056178216E-01
 0.50080258294752E-01
 0.50036760940407E-01
 0.49991609653727E-01
 0.49944861415270E-01
 0.49896565724082E-01
 0.49846778000004E-01
 0.49795563556456E-01
 0.49742967743151E-01
 0.49689039210502E-01
 0.49633825109039E-01
 0.49577372583481E-01
 0.49519726350025E-01
 0.49460935709551E-01
 0.49401031962980E-01
 0.49340059474904E-01
 0.49278062720131E-01
 0.49215078644151E-01
 0.49151135358558E-01
 0.49086269721350E-01
 0.49020541167366E-01
 0.48953945506020E-01
 0.48886525483684E-01
 0.48818347346460E-01
 0.48749384679845E-01
 0.48679715337254E-01
 0.48609348870434E-01
 0.48538300543431E-01
 0.48466604633668E-01
 0.48394310362189E-01
 0.48321388496908E-01
 0.48247930889817E-01
 0.48173930252755E-01
 0.48099396257942E-01
 0.48024349385450E-01
 0.47948824136854E-01
 0.47872853006027E-01
 0.47796460487313E-01
 0.47719630346764E-01
 0.47642427585711E-01
 0.47564820103293E-01
 0.47486857326027E-01
 0.47408546306707E-01
 0.47329901313843E-01
 0.47250943425680E-01
 0.47171739822253E-01
 0.47092186741936E-01
 0.47012416580163E-01
 0.46932394301576E-01
