 0.00000000000000E+00
 0.00000000000000E+00
 0.00000000000000E+00
 0.00000000000000E+00
 0.00000000000000E+00
 0.18762587885569E-24
 0.55638961025824E-23
 0.39501701829356E-21
 0.62300997956545E-21
-0.71424424731301E-07
-0.73830286487143E-06
 0.37572685903593E-06
-0.25033280615303E-07
 0.59710770348561E-07
 0.24246207053184E-07
 0.17165605559403E-06
 0.21769190823398E-06
 0.32619761884105E-06
-0.21072661943558E-06
 0.48724683596897E-08
 0.60443925842203E-07
-0.34875843400611E-07
 0.13909435309694E-06
 0.66449422428069E-08
 0.36219130658886E-07
-0.22732237187586E-07
-0.91921694832137E-07
-0.17535264929634E-07
 0.37965070924625E-07
 0.82857004189248E-07
 0.52181646900005E-07
-0.51835881967934E-08
-0.10761766213153E-08
 0.13416625517377E-07
 0.73305127596945E-07
-0.78580123461854E-07
 0.15782483180397E-07
-0.14122361080545E-07
 0.14134626094994E-07
-0.20395871208461E-07
-0.59984608229998E-07
 0.16330019275528E-07
 0.35687321737259E-07
 0.87319710779287E-08
 0.33339266231931E-07
 0.77161882433306E-08
 0.57874832065062E-07
 0.88602999966255E-07
 0.10973151234200E-06
 0.14925316513538E-06
 0.22367527008770E-06
 0.27910365004619E-06
 0.38742917800081E-06
 0.53858800148425E-06
 0.64751253312238E-06
 0.90077359487129E-06
 0.10839944957247E-05
 0.14229838150872E-05
 0.17244810836988E-05
 0.20798527266787E-05
 0.26020277686961E-05
 0.31743923871268E-05
 0.38705880985022E-05
 0.46893982612810E-05
 0.56432678357545E-05
 0.67219968865202E-05
 0.80197720758664E-05
 0.95180897728292E-05
 0.11143716867908E-04
 0.13122704460962E-04
 0.15357214926416E-04
 0.17868705487468E-04
 0.20728650378682E-04
 0.24014461033850E-04
 0.27645799985137E-04
 0.31779410701195E-04
 0.36402908782176E-04
 0.41574937239468E-04
 0.47288506859040E-04
 0.53603459941429E-04
 0.60882945839072E-04
 0.68627657298195E-04
 0.77245970971670E-04
 0.87063396069059E-04
 0.97458628926263E-04
 0.10917523075854E-03
 0.12182920104793E-03
 0.13577906821719E-03
 0.15088459192173E-03
 0.16770442384485E-03
 0.18574975798925E-03
 0.20533437382177E-03
 0.22691980180902E-03
 0.25029567308738E-03
 0.27555961756077E-03
 0.30287992339655E-03
 0.33254223735481E-03
 0.36459304204181E-03
 0.39934102602298E-03
 0.43656278762341E-03
 0.47669406200621E-03
 0.52021472475744E-03
 0.56680364222066E-03
 0.61704124075950E-03
 0.67106478725640E-03
 0.72864243725347E-03
 0.79069607285451E-03
 0.85720810818377E-03
 0.92866100071661E-03
 0.10050818561678E-02
 0.10866855705072E-02
 0.11737628398784E-02
 0.12675684086458E-02
 0.13670189436540E-02
 0.14737754317340E-02
 0.15876189063613E-02
 0.17084845699359E-02
 0.18381333083156E-02
 0.19768525230074E-02
 0.21236807472824E-02
 0.22805559021756E-02
 0.24473226695250E-02
 0.26253691272281E-02
 0.28143387211039E-02
 0.30160582095642E-02
 0.32308515604769E-02
 0.34589781636609E-02
 0.37016010860440E-02
 0.39597156751793E-02
 0.42340645488576E-02
 0.45260717733958E-02
 0.48363850670130E-02
 0.51664587860449E-02
 0.55164189682300E-02
 0.58886492099603E-02
 0.62844617747248E-02
 0.67050646668315E-02
 0.71511290656075E-02
 0.76265853904328E-02
 0.81312495025976E-02
 0.86667501909847E-02
 0.92354214861150E-02
 0.98414100543951E-02
 0.10484545255104E-01
 0.11166614237782E-01
 0.11892884404660E-01
 0.12665752917151E-01
 0.13484771793044E-01
 0.14354464508275E-01
 0.15281989445431E-01
 0.16267772717653E-01
 0.17312242279278E-01
 0.18425045465901E-01
 0.19609446785066E-01
 0.20869032114331E-01
 0.22209160729584E-01
 0.23641290664121E-01
 0.25173587721092E-01
 0.26812805884591E-01
 0.28582071640267E-01
 0.30502110493150E-01
 0.32585377613861E-01
 0.34869231206439E-01
 0.37384813339868E-01
 0.40155292335939E-01
 0.43189796210927E-01
 0.46471939803706E-01
 0.49964953258567E-01
 0.53601344316770E-01
 0.57296139101523E-01
 0.60977153323573E-01
 0.64578975656956E-01
 0.68052117930734E-01
 0.71382815683633E-01
 0.74552780173597E-01
 0.77566373296249E-01
 0.80426832326047E-01
 0.83143054723883E-01
 0.85725600012401E-01
 0.88188623925043E-01
 0.90538081300323E-01
 0.92781604937363E-01
 0.94931151926462E-01
 0.96993467661252E-01
 0.98970862657565E-01
 0.10087841741148E+00
 0.10271621635616E+00
 0.10448994877824E+00
 0.10620195036321E+00
 0.10785944730268E+00
 0.10946325322355E+00
 0.11101977501702E+00
 0.11252797607560E+00
 0.11399533756050E+00
 0.11542069674198E+00
 0.11680703742467E+00
 0.11815805149712E+00
 0.11946985471024E+00
 0.12075233249344E+00
 0.12200142160058E+00
 0.12321864752394E+00
 0.12441049798473E+00
 0.12557299259526E+00
 0.12670600962573E+00
 0.12781787301044E+00
 0.12890542187387E+00
 0.12996750583430E+00
 0.13100665673524E+00
 0.13202274524189E+00
 0.13302253434967E+00
 0.13399952296199E+00
 0.13495536851905E+00
 0.13589623597659E+00
 0.13681718198259E+00
 0.13772076830804E+00
 0.13860546989907E+00
 0.13947568113823E+00
 0.14033015039350E+00
 0.14116957330401E+00
 0.14199145941855E+00
 0.14280096766439E+00
 0.14359669286974E+00
 0.14437695074297E+00
 0.14514470205495E+00
 0.14589921247056E+00
 0.14664253387114E+00
 0.14737332102383E+00
 0.14809148656882E+00
 0.14879852494368E+00
 0.14949434216232E+00
 0.15017895567372E+00
 0.15085190325982E+00
 0.15151605208630E+00
 0.15216918890696E+00
 0.15281317542330E+00
 0.15344606017758E+00
 0.15407068079567E+00
 0.15468585650678E+00
 0.15529126615893E+00
 0.15588827389198E+00
 0.15647714717736E+00
 0.15705759105009E+00
 0.15762958750187E+00
 0.15819312128067E+00
 0.15874971608475E+00
 0.15929786297082E+00
 0.15983879613768E+00
 0.16037214549295E+00
 0.16089851342799E+00
 0.16141753391281E+00
 0.16193001638314E+00
 0.16243512618585E+00
 0.16293393405126E+00
 0.16342618563285E+00
 0.16391198460876E+00
 0.16439169706641E+00
 0.16486514197568E+00
 0.16533264409164E+00
 0.16579418537956E+00
 0.16624996632992E+00
 0.16670004311763E+00
 0.16714453615741E+00
 0.16758360759147E+00
 0.16801725115855E+00
 0.16844562390761E+00
 0.16886887699316E+00
 0.16928689609313E+00
 0.16970021784937E+00
 0.17010833839592E+00
 0.17051174878237E+00
 0.17091052264220E+00
 0.17130450447519E+00
 0.17169411489412E+00
 0.17207908530971E+00
 0.17245976498891E+00
 0.17283579681090E+00
 0.17320793406180E+00
 0.17357575533277E+00
 0.17393912951701E+00
 0.17429880431393E+00
 0.17465443661217E+00
 0.17500616860750E+00
 0.17535379162513E+00
 0.17569803420416E+00
 0.17603828313541E+00
 0.17637479130456E+00
 0.17670800259690E+00
 0.17703736775098E+00
 0.17736329335668E+00
 0.17768576578138E+00
 0.17800476603421E+00
 0.17832085495068E+00
 0.17863316393817E+00
 0.17894254123752E+00
 0.17924834675177E+00
 0.17955166656951E+00
 0.17985145162213E+00
 0.18014806351308E+00
 0.18044170336836E+00
 0.18073284706177E+00
