 0.00000000000000E+00
 0.00000000000000E+00
 0.00000000000000E+00
 0.00000000000000E+00
 0.00000000000000E+00
-0.97025094473855E-26
-0.57704542750165E-24
-0.43381168577110E-22
-0.67416237788767E-22
-0.67091499291606E-07
-0.82210182991748E-06
-0.13569706800715E-06
 0.10345736816274E-06
 0.45520857193994E-06
-0.15902602059275E-06
-0.30440566952575E-06
 0.12396495431333E-07
 0.91259084448471E-07
 0.11407589724267E-07
 0.56304193537134E-07
-0.16260305167555E-06
 0.41875644467338E-07
 0.13478843610216E-06
-0.32654229793817E-07
 0.67591047486078E-07
 0.35553578202822E-07
 0.75451784191994E-07
-0.15244767638728E-06
 0.95954286351317E-07
 0.10605720414454E-06
 0.14234789812925E-06
 0.21738798698673E-06
 0.71191500068350E-07
-0.22665352843719E-06
-0.23626019103319E-06
-0.76454326874157E-07
 0.12302176738883E-06
 0.22626241190700E-06
-0.33250393426294E-06
-0.85479108879218E-07
-0.16123594162521E-06
-0.28676746523332E-07
-0.97604433175578E-07
 0.11108608421160E-06
 0.78056180916959E-07
 0.21340084208930E-06
 0.14221207911633E-07
 0.20477634686006E-06
-0.12411150805629E-06
 0.82328845507375E-07
 0.38523245981069E-06
 0.30873589468281E-06
 0.50944973510521E-06
 0.56945526960441E-06
 0.41408125358711E-06
 0.89556800560923E-06
 0.94551680859948E-06
 0.10643888392754E-05
 0.13675951556586E-05
 0.18928898891395E-05
 0.20591963531157E-05
 0.27287111736883E-05
 0.32820266652332E-05
 0.37797637787602E-05
 0.45888890768841E-05
 0.55832627400153E-05
 0.64990594329506E-05
 0.75573288169763E-05
 0.90794605749772E-05
 0.10687970227325E-04
 0.12145429747798E-04
 0.13910498594774E-04
 0.16099498182210E-04
 0.18619775949334E-04
 0.21625400676485E-04
 0.24575845182865E-04
 0.27806552746979E-04
 0.31361945253574E-04
 0.35407408051864E-04
 0.39861544257378E-04
 0.46155941862506E-04
 0.49702424292069E-04
 0.58130054189470E-04
 0.62166529728626E-04
 0.71175042233550E-04
 0.77987548507086E-04
 0.86614121973497E-04
 0.96954680448315E-04
 0.10617142872560E-03
 0.11725244360819E-03
 0.12966383390177E-03
 0.14298211694541E-03
 0.15669091550932E-03
 0.17008251389493E-03
 0.18664291331740E-03
 0.20500114704905E-03
 0.22295249982506E-03
 0.24184122142975E-03
 0.26416827025427E-03
 0.28814044957776E-03
 0.31001079167224E-03
 0.33731179562363E-03
 0.36653359046340E-03
 0.39476610164354E-03
 0.42849208960912E-03
 0.46268751772622E-03
 0.49774657603138E-03
 0.53445041426808E-03
 0.57832460662013E-03
 0.61923925712564E-03
 0.66728269624216E-03
 0.71736855918307E-03
 0.77095554298509E-03
 0.82438161086378E-03
 0.88761606519047E-03
 0.94776557940477E-03
 0.10141137052140E-02
 0.10870245592387E-02
 0.11676077234292E-02
 0.12446596453577E-02
 0.13320033729924E-02
 0.14256349138587E-02
 0.15204748089085E-02
 0.16204784793910E-02
 0.17325154248905E-02
 0.18432292905600E-02
 0.19671662099950E-02
 0.20975134051147E-02
 0.22394671873573E-02
 0.23786092495037E-02
 0.25399349990924E-02
 0.26988565319871E-02
 0.28760434924403E-02
 0.30576720769932E-02
 0.32628921372035E-02
 0.34686554769458E-02
 0.36834663371382E-02
 0.39279180862260E-02
 0.41852381288694E-02
 0.44392408390401E-02
 0.47263183085014E-02
 0.50180448243703E-02
 0.53445848865794E-02
 0.56819407254689E-02
 0.60414227451688E-02
 0.64168003818266E-02
 0.68251575822033E-02
 0.72479356827987E-02
 0.77010747042766E-02
 0.82006903309103E-02
 0.86988643118741E-02
 0.92459436274643E-02
 0.98300686005744E-02
 0.10463298018195E-01
 0.11099198724878E-01
 0.11812511235163E-01
 0.12607015287813E-01
 0.13436519789798E-01
 0.14378286547831E-01
 0.15518440069704E-01
 0.16766258929205E-01
 0.18248977179206E-01
 0.20041605163937E-01
 0.22194670651752E-01
 0.24600125374029E-01
 0.27211240180211E-01
 0.29801139684122E-01
 0.32180837241154E-01
 0.34058310457392E-01
 0.35257554535463E-01
 0.35728562856352E-01
 0.35520915644088E-01
 0.34767578570915E-01
 0.33631573365768E-01
 0.32253986751654E-01
 0.30782949223520E-01
 0.29240896955314E-01
 0.27747450302258E-01
 0.26315303526895E-01
 0.24963282238079E-01
 0.23738598643525E-01
 0.22563641307046E-01
 0.21496386148321E-01
 0.20532351946993E-01
 0.19648015323413E-01
 0.18819135284117E-01
 0.18090630366682E-01
 0.17444945772482E-01
 0.16759613593931E-01
 0.16199110615453E-01
 0.15688464851379E-01
 0.15213029214768E-01
 0.14792279193840E-01
 0.14351195700099E-01
 0.13969051174250E-01
 0.13602099028097E-01
 0.13308003828127E-01
 0.12937290435776E-01
 0.12683266890941E-01
 0.12393716589780E-01
 0.12132462492505E-01
 0.11884419931039E-01
 0.11669189810341E-01
 0.11423781982800E-01
 0.11272551308969E-01
 0.11023379241025E-01
 0.10865672733807E-01
 0.10705662843251E-01
 0.10482421743202E-01
 0.10355200262534E-01
 0.10215910341699E-01
 0.10055328041491E-01
 0.99347622619148E-02
 0.97940431203390E-02
 0.96676458942195E-02
 0.95247402742509E-02
 0.94216664911821E-02
 0.92964473476343E-02
 0.91580334704660E-02
 0.90602825276906E-02
 0.89578348048925E-02
 0.88840721827487E-02
 0.87770580800669E-02
 0.86785572579251E-02
 0.86123600426624E-02
 0.85121655225641E-02
 0.84283370354044E-02
 0.83451806522138E-02
 0.82438903421154E-02
 0.81777329790606E-02
 0.81043775583021E-02
 0.80293163375478E-02
 0.79518605219760E-02
 0.78897374051046E-02
 0.78254705831771E-02
 0.77495796989480E-02
 0.76834855654069E-02
 0.76268971406376E-02
 0.75643458365324E-02
 0.74988313533228E-02
 0.74491553717425E-02
 0.73870088264925E-02
 0.73272807387466E-02
 0.72777479852128E-02
 0.72192940251245E-02
 0.71633520558302E-02
 0.71101794839523E-02
 0.70626102202111E-02
 0.70031707799823E-02
 0.69645665125092E-02
 0.69121127327842E-02
 0.68598294704334E-02
 0.68176104965860E-02
 0.67713324423455E-02
 0.67266965583048E-02
 0.66787693256548E-02
 0.66361493983784E-02
 0.65938493870402E-02
 0.65521599879423E-02
 0.65097321839947E-02
 0.64687302993656E-02
 0.64283633785923E-02
 0.63889754321632E-02
 0.63501805284625E-02
 0.63105018378207E-02
 0.62726885520122E-02
 0.62354503710457E-02
 0.62000154402544E-02
 0.61614346846225E-02
 0.61262068409145E-02
 0.60939663685928E-02
 0.60553350737802E-02
 0.60210319134460E-02
 0.59915933563755E-02
 0.59528481228016E-02
 0.59236682741523E-02
 0.58870195592724E-02
 0.58540329329073E-02
 0.58217484653521E-02
 0.57914773209949E-02
 0.57576359128929E-02
 0.57346720293093E-02
 0.56992033493284E-02
 0.56672021355314E-02
 0.56376913000410E-02
 0.56116859296113E-02
 0.55874193489852E-02
 0.55608480696419E-02
 0.55266009553517E-02
 0.54990143095420E-02
 0.54686910548395E-02
 0.54414601881602E-02
 0.54152159154674E-02
 0.53883233947805E-02
 0.53655362709229E-02
 0.53443010474996E-02
 0.53034816304150E-02
 0.52907595042849E-02
 0.52625082996465E-02
 0.52338452343423E-02
