 0.00000000000000E+00
 0.00000000000000E+00
 0.00000000000000E+00
 0.00000000000000E+00
 0.00000000000000E+00
-0.22373026141171E-25
-0.92074316979989E-24
-0.83782906691945E-22
-0.17043664336973E-21
 0.32293158912088E-07
 0.22079777698860E-06
-0.70980535669410E-07
 0.49692278210830E-07
-0.69519599207521E-07
-0.19912666062073E-07
-0.93340979666903E-07
-0.22664526469677E-06
-0.33852116432316E-06
 0.21636288042870E-06
-0.70546409350700E-07
-0.12225266640276E-06
 0.18818709890002E-07
-0.21892924813951E-06
-0.17396954141699E-07
-0.36435399847420E-07
-0.67263123605202E-07
 0.20568369587833E-06
 0.33891527078596E-07
-0.12240369318364E-06
-0.22212354287702E-06
-0.17394138141532E-06
 0.13480432052590E-06
-0.24448763886807E-07
 0.21937175289932E-07
-0.32466527438263E-06
 0.38959316549273E-06
-0.97096826486847E-07
-0.52664709445660E-07
-0.90897314246013E-07
 0.39222541888369E-07
 0.44141003457324E-06
-0.80171399790078E-07
-0.12113915254118E-06
 0.20041244080204E-06
-0.32448572047435E-07
 0.20934103764019E-06
 0.86583674328195E-07
 0.13968081281278E-06
 0.15814329057021E-06
 0.38174901126610E-06
 0.31176595280863E-06
 0.49427865488134E-06
 0.64397058997096E-06
 0.33799686048451E-06
 0.82013014336571E-06
 0.21226487478984E-06
 0.11227720125447E-05
 0.65987092162913E-06
 0.13935361270033E-05
 0.26174446060998E-05
 0.25255688498834E-05
 0.32928478780674E-05
 0.37831026776643E-05
 0.45744500745109E-05
 0.53118822906165E-05
 0.66874416110630E-05
 0.77038477693963E-05
 0.86508054342212E-05
 0.11715213206718E-04
 0.12909666801093E-04
 0.15052528550691E-04
 0.18006959160279E-04
 0.21114319926800E-04
 0.23955901774673E-04
 0.27738106093863E-04
 0.31950968152099E-04
 0.35784914995365E-04
 0.41230493464556E-04
 0.47655022015620E-04
 0.56044509990146E-04
 0.58519573326482E-04
 0.67144063086785E-04
 0.78342701595359E-04
 0.85519306413662E-04
 0.97800651317779E-04
 0.10645609017524E-03
 0.12128291945795E-03
 0.13460610778415E-03
 0.15161187773490E-03
 0.16359505150167E-03
 0.18548420209979E-03
 0.20981696614261E-03
 0.22772941703668E-03
 0.24968331158734E-03
 0.27630835364449E-03
 0.30618289212449E-03
 0.33541844693371E-03
 0.36891428043566E-03
 0.39880304814238E-03
 0.44123061302184E-03
 0.48524235937865E-03
 0.52445239604457E-03
 0.57371607462826E-03
 0.62241744171191E-03
 0.67112148239449E-03
 0.73828898724406E-03
 0.80513421036117E-03
 0.87517656325061E-03
 0.94223827851046E-03
 0.10151059740051E-02
 0.11066560676122E-02
 0.12065760238279E-02
 0.12888879965505E-02
 0.14123196796781E-02
 0.15143364574357E-02
 0.16260025686767E-02
 0.17777470488409E-02
 0.19040073789195E-02
 0.20309955202545E-02
 0.22194717325834E-02
 0.23706255084547E-02
 0.25649603128021E-02
 0.27484567715620E-02
 0.29675189179805E-02
 0.31945160595059E-02
 0.34057116513783E-02
 0.36556442117013E-02
 0.39362651754129E-02
 0.42143962078353E-02
 0.45312388681207E-02
 0.48511129983526E-02
 0.51903456923256E-02
 0.55402238854731E-02
 0.59783572004410E-02
 0.64015711901531E-02
 0.68477425532306E-02
 0.73196383750946E-02
 0.78838590003516E-02
 0.84324517509126E-02
 0.90153284950527E-02
 0.96540251051976E-02
 0.10413566896800E-01
 0.11082407875925E-01
 0.11822004658267E-01
 0.12762571345227E-01
 0.13642883527570E-01
 0.14473641142716E-01
 0.15518590344375E-01
 0.16714622518918E-01
 0.17778123022374E-01
 0.18923298371397E-01
 0.20362838044110E-01
 0.21778832603863E-01
 0.23205515851379E-01
 0.24831099523234E-01
 0.26782926867163E-01
 0.28795294781221E-01
 0.31061042890813E-01
 0.33953355294287E-01
 0.37123406656558E-01
 0.40666847362427E-01
 0.45557013210051E-01
 0.51452204501861E-01
 0.58242277127355E-01
 0.65693496795527E-01
 0.73274770265621E-01
 0.79845948518369E-01
 0.84191626458772E-01
 0.85714623544759E-01
 0.85063995645852E-01
 0.82209963762547E-01
 0.78077549784267E-01
 0.73955106455391E-01
 0.69388297249405E-01
 0.65371766991017E-01
 0.61555475020977E-01
 0.58176190010372E-01
 0.55286864322287E-01
 0.52839772052874E-01
 0.50382045879652E-01
 0.48107491331399E-01
 0.46395339102712E-01
 0.44725310248748E-01
 0.43093662225152E-01
 0.42124896358424E-01
 0.40759024361467E-01
 0.39515714084448E-01
 0.38414488440723E-01
 0.37504083356456E-01
 0.36651066709470E-01
 0.35919024317351E-01
 0.35046667941462E-01
 0.34522734496463E-01
 0.33777517070245E-01
 0.33097190896525E-01
 0.32503749874877E-01
 0.31725297746481E-01
 0.31557068473399E-01
 0.30933215814940E-01
 0.30490153630165E-01
 0.30327684900853E-01
 0.29663615384287E-01
 0.29179787566757E-01
 0.29156826919478E-01
 0.28621520261185E-01
 0.28144670878380E-01
 0.27903814660804E-01
 0.27691005520133E-01
 0.27758677841959E-01
 0.27144345743300E-01
 0.26892834375746E-01
 0.26876451897241E-01
 0.26429795902615E-01
 0.26177249252996E-01
 0.25928347216695E-01
 0.25981649463824E-01
 0.25747532083258E-01
 0.25473258948982E-01
 0.25123494914384E-01
 0.25268874794260E-01
 0.25004677374702E-01
 0.24743938568822E-01
 0.24741717105929E-01
 0.24713107528571E-01
 0.24667337708234E-01
 0.24387239413947E-01
 0.24169749427398E-01
 0.24073762574291E-01
 0.24008243546766E-01
 0.23764125668500E-01
 0.23695913984448E-01
 0.23715171987363E-01
 0.23541100987266E-01
 0.23461174839142E-01
 0.23242008343248E-01
 0.23322578243028E-01
 0.23161149670998E-01
 0.23024273047132E-01
 0.23084964879609E-01
 0.23019468503809E-01
 0.22890371018820E-01
 0.22777729676560E-01
 0.22645115972399E-01
 0.22668650656432E-01
 0.22483144166621E-01
 0.22444568069919E-01
 0.22364137363674E-01
 0.22318024777501E-01
 0.22207619938212E-01
 0.22154925678681E-01
 0.22038557902278E-01
 0.22037318114945E-01
 0.21976288560031E-01
 0.21908115053595E-01
 0.21876751649456E-01
 0.21800210043016E-01
 0.21744967438994E-01
 0.21683109616686E-01
 0.21634990889108E-01
 0.21577096850982E-01
 0.21528314592323E-01
 0.21480967012830E-01
 0.21422248017079E-01
 0.21381346530679E-01
 0.21335586840208E-01
 0.21282803567816E-01
 0.21267686741905E-01
 0.21175475876029E-01
 0.21166252991156E-01
 0.21124685986860E-01
 0.21065598611578E-01
 0.21033344285795E-01
 0.20951175684240E-01
 0.20918094934716E-01
 0.20854786138128E-01
 0.20856204725027E-01
 0.20788421357530E-01
 0.20743441621727E-01
 0.20761689072790E-01
 0.20708108233852E-01
 0.20679175007558E-01
 0.20615768200683E-01
 0.20640274171086E-01
 0.20560990267343E-01
 0.20529922279445E-01
 0.20542401082188E-01
 0.20450520287761E-01
 0.20444587788737E-01
 0.20410552626635E-01
 0.20391506326362E-01
 0.20403366190096E-01
 0.20283891759355E-01
 0.20279846645799E-01
 0.20218981240751E-01
 0.20238800092760E-01
 0.20100035875885E-01
 0.20110713543949E-01
 0.20105358897002E-01
 0.20111649206229E-01
 0.19999321128492E-01
