 0.00000000000000E+00
 0.00000000000000E+00
-0.23008574760467E-25
-0.97067424770720E-26
 0.15188761621651E-25
 0.11271616399510E-24
 0.70851366165137E-24
-0.56167339946474E-11
-0.16381207866509E-11
-0.20544537511703E-10
-0.19351945458557E-10
-0.79997935508255E-06
-0.16276373960488E-05
-0.97504057923140E-06
 0.33147763479000E-05
 0.50829851143489E-05
 0.53729349137239E-05
-0.10236505288988E-05
 0.69457282398635E-06
-0.22556445112534E-05
 0.37956932813721E-06
 0.11172484821559E-05
-0.21885609654435E-05
 0.65171615538168E-06
-0.13820638708364E-05
-0.11855358382936E-05
 0.11920843036552E-05
-0.77357975785262E-06
 0.18778429891737E-07
-0.12292491639471E-05
 0.33165243952601E-06
-0.73336593962112E-06
 0.24113874207926E-07
 0.70707569262436E-06
 0.39150874607889E-06
 0.36598555179514E-06
 0.99182353072086E-06
 0.15596541582508E-05
 0.17385598680852E-05
 0.27167461338509E-05
 0.31323011845440E-05
 0.45008265245084E-05
 0.57964096287648E-05
 0.73165987651306E-05
 0.97371994136828E-05
 0.12092107094467E-04
 0.14874397964392E-04
 0.18752587234977E-04
 0.22965810610679E-04
 0.27965078427928E-04
 0.33716707560149E-04
 0.40779802453323E-04
 0.48685571846422E-04
 0.57599942296784E-04
 0.68126889372800E-04
 0.79911551285744E-04
 0.93114555833794E-04
 0.10813543477048E-03
 0.12468581346025E-03
 0.14348025317112E-03
 0.16410400747873E-03
 0.18708101515783E-03
 0.21222708383668E-03
 0.24018216387184E-03
 0.27069714429041E-03
 0.30402795767135E-03
 0.34062604094676E-03
 0.38042878654606E-03
 0.42348733080421E-03
 0.46989949489669E-03
 0.52037710658070E-03
 0.57495844903817E-03
 0.63376610152907E-03
 0.69702476539937E-03
 0.76483508142191E-03
 0.83753254521874E-03
 0.91543999887625E-03
 0.99855887513039E-03
 0.10873440933797E-02
 0.11820104950070E-02
 0.12828081138023E-02
 0.13900836979581E-02
 0.15041768948170E-02
 0.16250373725766E-02
 0.17533597585454E-02
 0.18894221807916E-02
 0.20333386752543E-02
 0.21856703896965E-02
 0.23465493072083E-02
 0.25165991332856E-02
 0.26958415981423E-02
 0.28853002753971E-02
 0.30846107888903E-02
 0.32950926201833E-02
 0.35165017576036E-02
 0.37496096945691E-02
 0.39946987167777E-02
 0.42525055121923E-02
 0.45233326902556E-02
 0.48079574831140E-02
 0.51069032390428E-02
 0.54209909687659E-02
 0.57500527144699E-02
 0.60958280826745E-02
 0.64579217245410E-02
 0.68381756011035E-02
 0.72364684295695E-02
 0.76535414710229E-02
 0.80910077360901E-02
 0.85488481709841E-02
 0.90286324670629E-02
 0.95304749943515E-02
 0.10056417171837E-01
 0.10607044793464E-01
 0.11182571170252E-01
 0.11785148578540E-01
 0.12415645720626E-01
 0.13074703413301E-01
 0.13764387249668E-01
 0.14485593214834E-01
 0.15239587035041E-01
 0.16028554513845E-01
 0.16852509421111E-01
 0.17714558912892E-01
 0.18615391760487E-01
 0.19556989871511E-01
 0.20540938123904E-01
 0.21569298624256E-01
 0.22644481154687E-01
 0.23767961952273E-01
 0.24942374134935E-01
 0.26169377127680E-01
 0.27451096411279E-01
 0.28789815356723E-01
 0.30189265914044E-01
 0.31651380760070E-01
 0.33179462021527E-01
 0.34775198514910E-01
 0.36442691463332E-01
 0.38184449674726E-01
 0.40003623540964E-01
 0.41903336326003E-01
 0.43888670116004E-01
 0.45958511285006E-01
 0.48124753104557E-01
 0.50381324791837E-01
 0.52741763941677E-01
 0.55202071148301E-01
 0.57769817447414E-01
 0.60446756482152E-01
 0.63237771390657E-01
 0.66144021450599E-01
 0.69171479585022E-01
 0.72319422546180E-01
 0.75593819339697E-01
 0.78992632589975E-01
 0.82520566250242E-01
 0.86169404223151E-01
 0.89946052217516E-01
 0.93842342728047E-01
 0.97852529365820E-01
 0.10197442723835E+00
 0.10620210432832E+00
 0.11051650581752E+00
 0.11491106053541E+00
 0.11937258689416E+00
 0.12388503977988E+00
 0.12843099138494E+00
 0.13299192495601E+00
 0.13755199374871E+00
 0.14208865007030E+00
 0.14658490208696E+00
 0.15102144669850E+00
 0.15538072932117E+00
 0.15964599964903E+00
 0.16380204040430E+00
 0.16783550604652E+00
 0.17173546214000E+00
 0.17549312781730E+00
 0.17910222525049E+00
 0.18255668372513E+00
 0.18585434275989E+00
 0.18899170123285E+00
 0.19197158227990E+00
 0.19479538231115E+00
 0.19746702421244E+00
 0.19999057263270E+00
 0.20237064389309E+00
 0.20461306514829E+00
 0.20672237682193E+00
 0.20870399717147E+00
 0.21056538353139E+00
 0.21231155681305E+00
 0.21394920770679E+00
 0.21548270257751E+00
 0.21691925698334E+00
 0.21826218217869E+00
 0.21951833884677E+00
 0.22069277346270E+00
 0.22178815493713E+00
 0.22280992247367E+00
 0.22376175918259E+00
 0.22464874063650E+00
 0.22547235482920E+00
 0.22623787563236E+00
 0.22694734310631E+00
 0.22760383362705E+00
 0.22821184301256E+00
 0.22877052679358E+00
 0.22928587072622E+00
 0.22975793448847E+00
 0.23018901097009E+00
 0.23058309182515E+00
 0.23094000968129E+00
 0.23126209186392E+00
 0.23155150614195E+00
 0.23180840782016E+00
 0.23203644716296E+00
 0.23223598115536E+00
 0.23240802695099E+00
 0.23255413885403E+00
 0.23267579687593E+00
 0.23277316179551E+00
 0.23284917554251E+00
 0.23290264504089E+00
 0.23293669584545E+00
 0.23294944353183E+00
 0.23294447048534E+00
 0.23292161553437E+00
 0.23288120901928E+00
 0.23282486690975E+00
 0.23275089214722E+00
 0.23266343702709E+00
 0.23256086629505E+00
 0.23244431791933E+00
 0.23231612205983E+00
 0.23217395457531E+00
 0.23201976383209E+00
 0.23185332032719E+00
 0.23167601856960E+00
 0.23148785317185E+00
 0.23129073607402E+00
 0.23108252671899E+00
 0.23086450005910E+00
 0.23063793865056E+00
 0.23040243928119E+00
 0.23015860601714E+00
 0.22990708942332E+00
 0.22964772514725E+00
 0.22938065799024E+00
 0.22910731282123E+00
 0.22882586436626E+00
 0.22853956408256E+00
 0.22824566766713E+00
 0.22794670493630E+00
 0.22764161164587E+00
 0.22733096639720E+00
 0.22701546942364E+00
 0.22669467501573E+00
 0.22636876883626E+00
 0.22603868005147E+00
 0.22570434368631E+00
 0.22536630366109E+00
 0.22502255820462E+00
 0.22467568408674E+00
 0.22432588547569E+00
 0.22397208644663E+00
 0.22361498391065E+00
 0.22325402618375E+00
 0.22289047617991E+00
 0.22252428617377E+00
 0.22215482776053E+00
 0.22178324475495E+00
 0.22140930076887E+00
 0.22103199418742E+00
 0.22065303382983E+00
 0.22027186176230E+00
 0.21988901712804E+00
 0.21950337809161E+00
 0.21911666661551E+00
 0.21872752116452E+00
 0.21833768987101E+00
 0.21794520994013E+00
 0.21755195134813E+00
 0.21715719912228E+00
 0.21676093411114E+00
 0.21636339349583E+00
 0.21596568507674E+00
 0.21556596386663E+00
 0.21516563829558E+00
 0.21476430135084E+00
 0.21436197958238E+00
 0.21395924689942E+00
 0.21355555449726E+00
 0.21315174375606E+00
 0.21274690303433E+00
 0.21234169901083E+00
 0.21193548671508E+00
 0.21152930663257E+00
 0.21112303214442E+00
