 0.00000000000000E+00
 0.00000000000000E+00
-0.43904644743568E-25
-0.24696362668257E-25
 0.11717044679560E-24
 0.30065522537722E-24
 0.78297705824845E-23
 0.69558235060343E-11
 0.26584738167221E-11
 0.54988058249510E-11
-0.54777414446775E-11
-0.32182525797755E-06
 0.35319762308178E-05
 0.64139745232993E-05
-0.24347024055747E-05
 0.68329413048562E-05
 0.87022216681758E-06
 0.53016906564391E-06
-0.49217122528060E-05
 0.11508784731234E-05
 0.64150666639420E-06
-0.11482088021264E-05
-0.71684722494098E-06
-0.48032022495480E-06
 0.21023191276013E-05
 0.23498286922702E-06
-0.71607418636502E-06
 0.10146569929315E-05
-0.24117324511240E-06
-0.19197201350091E-06
-0.12026660421797E-05
 0.83957392505688E-06
 0.96275564390120E-06
 0.61097341301903E-06
 0.70690762149018E-06
 0.42222675792251E-06
 0.13683342826958E-05
 0.20385570757388E-05
 0.81321371629617E-06
 0.22263601079923E-05
 0.29505091652782E-05
 0.45395147265633E-05
 0.60078496565956E-05
 0.80072715259860E-05
 0.93041069205448E-05
 0.11713579179140E-04
 0.15585199269437E-04
 0.18532636111370E-04
 0.22977388119094E-04
 0.27912269717742E-04
 0.33498764314109E-04
 0.40788354627002E-04
 0.49057255720276E-04
 0.57667454833112E-04
 0.67727988563492E-04
 0.80147254294932E-04
 0.93097623012194E-04
 0.10811558685446E-03
 0.12489264007964E-03
 0.14307816539076E-03
 0.16362524190677E-03
 0.18715711233053E-03
 0.21240772360827E-03
 0.23995029084798E-03
 0.27067197248833E-03
 0.30484658734333E-03
 0.34065129521027E-03
 0.38074654605992E-03
 0.42309121619082E-03
 0.46957831366418E-03
 0.52022296090686E-03
 0.57570014115022E-03
 0.63515396964801E-03
 0.69804717473485E-03
 0.76529842879213E-03
 0.83837534849343E-03
 0.91683322200104E-03
 0.10003401692346E-02
 0.10894446719499E-02
 0.11844255348048E-02
 0.12855200189616E-02
 0.13932613070129E-02
 0.15078763385207E-02
 0.16298129575820E-02
 0.17584775031631E-02
 0.18956877234433E-02
 0.20406355056294E-02
 0.21944988583971E-02
 0.23566877936133E-02
 0.25278835372130E-02
 0.27092446455874E-02
 0.29008027537582E-02
 0.31028781320129E-02
 0.33162928829328E-02
 0.35394349605506E-02
 0.37760423771705E-02
 0.40253941725822E-02
 0.42873155096869E-02
 0.45621521520243E-02
 0.48519183893240E-02
 0.51568460959232E-02
 0.54766881161746E-02
 0.58149536666847E-02
 0.61666951010614E-02
 0.65404782378542E-02
 0.69285862685974E-02
 0.73365623773731E-02
 0.77662227943770E-02
 0.82164626516069E-02
 0.86883568469994E-02
 0.91850033168089E-02
 0.97035676715455E-02
 0.10248122152987E-01
 0.10820534312780E-01
 0.11419161323218E-01
 0.12047232380631E-01
 0.12701350419397E-01
 0.13389897861635E-01
 0.14112332442095E-01
 0.14869080521322E-01
 0.15660633822532E-01
 0.16489903222199E-01
 0.17357173581128E-01
 0.18268670553110E-01
 0.19219801084454E-01
 0.20216324017063E-01
 0.21259084702192E-01
 0.22357988336153E-01
 0.23501411560266E-01
 0.24700348235731E-01
 0.25953788741187E-01
 0.27266245943667E-01
 0.28638694275350E-01
 0.30083288817015E-01
 0.31586048196996E-01
 0.33166298179659E-01
 0.34811119541764E-01
 0.36534116958861E-01
 0.38336817484838E-01
 0.40223413744163E-01
 0.42203295476913E-01
 0.44266080761911E-01
 0.46406613597384E-01
 0.48669159008261E-01
 0.51019876634219E-01
 0.53469746577393E-01
 0.56030714859594E-01
 0.58705736141600E-01
 0.61478734450168E-01
 0.64369815647332E-01
 0.67386255911609E-01
 0.70510915686260E-01
 0.73733583765386E-01
 0.77081967791721E-01
 0.80541099565591E-01
 0.84101314852100E-01
 0.87747699110370E-01
 0.91479208887712E-01
 0.95278729834432E-01
 0.99136797442785E-01
 0.10306702939898E+00
 0.10698961975516E+00
 0.11087605465876E+00
 0.11478859924972E+00
 0.11864641764354E+00
 0.12239896425707E+00
 0.12606212039243E+00
 0.12957934613488E+00
 0.13293754223108E+00
 0.13615115535104E+00
 0.13913035269873E+00
 0.14190530374687E+00
 0.14444093663292E+00
 0.14674176976346E+00
 0.14879139560408E+00
 0.15061259961888E+00
 0.15220025246113E+00
 0.15358241912991E+00
 0.15475407918898E+00
 0.15574095119527E+00
 0.15657101998995E+00
 0.15725268132049E+00
 0.15781544581074E+00
 0.15828421035347E+00
 0.15867780022150E+00
 0.15902866508876E+00
 0.15932964107600E+00
 0.15960720857032E+00
 0.15985679911251E+00
 0.16009548036671E+00
 0.16031982438707E+00
 0.16054649885745E+00
 0.16078986075141E+00
 0.16103733624968E+00
 0.16129410187785E+00
 0.16156704312186E+00
 0.16185328018064E+00
 0.16215428062842E+00
 0.16245949081784E+00
 0.16278232440923E+00
 0.16311557939938E+00
 0.16345673740613E+00
 0.16380981505314E+00
 0.16417090035098E+00
 0.16454735873912E+00
 0.16493057615463E+00
 0.16530526817236E+00
 0.16569275044586E+00
 0.16609104913221E+00
 0.16648885716402E+00
 0.16689434474283E+00
 0.16727775660755E+00
 0.16768609758231E+00
 0.16810257206978E+00
 0.16849509877447E+00
 0.16890811616991E+00
 0.16931361642869E+00
 0.16971260824666E+00
 0.17011539774408E+00
 0.17051920621422E+00
 0.17092132179486E+00
 0.17131777083006E+00
 0.17171405246654E+00
 0.17210639876959E+00
 0.17250262384939E+00
 0.17289274251583E+00
 0.17327377028904E+00
 0.17364683741806E+00
 0.17403178170944E+00
 0.17441570305059E+00
 0.17479213238082E+00
 0.17516291181239E+00
 0.17552825333201E+00
 0.17588739818601E+00
 0.17624848602504E+00
 0.17660766110864E+00
 0.17694789962355E+00
 0.17730428058367E+00
 0.17765398151054E+00
 0.17800269291799E+00
 0.17834376719949E+00
 0.17867270311200E+00
 0.17900589414625E+00
 0.17934466286332E+00
 0.17966880057616E+00
 0.17999568298181E+00
 0.18031140451979E+00
 0.18063037182499E+00
 0.18093468389112E+00
 0.18124881877187E+00
 0.18155512613803E+00
 0.18186262332792E+00
 0.18216738470753E+00
 0.18245622506776E+00
 0.18274575476969E+00
 0.18303849781021E+00
 0.18333861629861E+00
 0.18361539636070E+00
 0.18389570265899E+00
 0.18418293767285E+00
 0.18446069791633E+00
 0.18472566768294E+00
 0.18500180865666E+00
 0.18526926552140E+00
 0.18553862703269E+00
 0.18579926368980E+00
 0.18605521509616E+00
 0.18631704861049E+00
 0.18657581804967E+00
 0.18682631757829E+00
 0.18708027817911E+00
 0.18732541637623E+00
 0.18756787867955E+00
 0.18781209139769E+00
 0.18805297426534E+00
 0.18829083882749E+00
 0.18851787780957E+00
 0.18875894584015E+00
 0.18898380159044E+00
 0.18921116337584E+00
 0.18944271039537E+00
 0.18966428455972E+00
 0.18989086088122E+00
 0.19010756459096E+00
 0.19033368914570E+00
 0.19054226491144E+00
 0.19075477990420E+00
 0.19097161681295E+00
 0.19117152861296E+00
 0.19138384404504E+00
 0.19158399431117E+00
 0.19179421763658E+00
 0.19200268577911E+00
 0.19220104395057E+00
 0.19239417616323E+00
 0.19259421670737E+00
 0.19279077357755E+00
 0.19297454514074E+00
 0.19317355312531E+00
 0.19336896048547E+00
