 0.00000000000000E+00
 0.00000000000000E+00
 0.10838985550998E-26
 0.81292391632487E-27
-0.37683202102536E-26
-0.22204725539989E-25
-0.20894206806346E-24
 0.39610726580691E-11
 0.22776780114002E-11
 0.12775243543254E-10
 0.80359346539184E-11
 0.93790487568892E-06
 0.97370302320273E-06
 0.27687953280538E-05
-0.79972871985729E-05
-0.49694494011137E-05
-0.60663129054010E-05
 0.27418552477015E-05
 0.14904267884864E-05
 0.55263262615776E-05
 0.80825639542111E-06
-0.32719113521032E-05
 0.63897609009072E-05
-0.28280655867855E-05
 0.51679341427378E-05
 0.40019127363963E-05
-0.14256490996393E-05
 0.21693049574077E-05
-0.38444336185119E-06
 0.36756137466903E-05
-0.27303456392969E-05
 0.28906990554088E-05
-0.72079815483547E-06
-0.24227255590495E-05
 0.10091909513507E-05
 0.25976707002061E-05
-0.13152053833862E-05
-0.66436758517397E-06
 0.59427890347099E-06
-0.64656908716999E-06
 0.58918730319837E-05
 0.32891763830043E-05
 0.39438144860666E-05
 0.96587435552825E-05
 0.58938714753756E-05
 0.10671376531205E-04
 0.17464934089467E-04
 0.16690895161757E-04
 0.22922870953792E-04
 0.28242761813179E-04
 0.35379947878237E-04
 0.41205331161780E-04
 0.49216770867136E-04
 0.59980086640177E-04
 0.67304412067843E-04
 0.79866211592332E-04
 0.93376323400715E-04
 0.10713818509788E-03
 0.12666033021005E-03
 0.14164940701671E-03
 0.16488054806058E-03
 0.18655906844440E-03
 0.21587722307682E-03
 0.24017215831700E-03
 0.27277186438206E-03
 0.30806563712306E-03
 0.34160077641336E-03
 0.37713323966781E-03
 0.41900361151084E-03
 0.47496720315444E-03
 0.52442900381088E-03
 0.57727396967763E-03
 0.63540166971832E-03
 0.69658511546423E-03
 0.76575324610247E-03
 0.83990399836400E-03
 0.91598126817372E-03
 0.10020291875768E-02
 0.10926374334022E-02
 0.11889219797445E-02
 0.12914819821946E-02
 0.14009257140903E-02
 0.15118559100951E-02
 0.16391266403602E-02
 0.17670579211525E-02
 0.19020632046529E-02
 0.20496585178460E-02
 0.22017899609647E-02
 0.23702545740945E-02
 0.25381475877407E-02
 0.27337745268011E-02
 0.29215240685761E-02
 0.31339544138721E-02
 0.33404395636455E-02
 0.35688210019015E-02
 0.38075500348344E-02
 0.40640443366425E-02
 0.43291506267877E-02
 0.46165150277077E-02
 0.49154165041118E-02
 0.52301692915074E-02
 0.55375389771529E-02
 0.59099735811821E-02
 0.62487973048578E-02
 0.66559717043808E-02
 0.70383525626243E-02
 0.74647212201749E-02
 0.79275769242573E-02
 0.83821595393986E-02
 0.88811732386372E-02
 0.93915950704530E-02
 0.99519915368338E-02
 0.10508046037535E-01
 0.11078102770998E-01
 0.11736010041811E-01
 0.12394328933874E-01
 0.13065942669445E-01
 0.13815393413413E-01
 0.14579599044016E-01
 0.15375858586671E-01
 0.16224925319272E-01
 0.17065389663664E-01
 0.18025267572766E-01
 0.18985400966131E-01
 0.20021055006846E-01
 0.21085431731554E-01
 0.22219456794016E-01
 0.23437959814582E-01
 0.24683795745129E-01
 0.25951730635953E-01
 0.27283271909662E-01
 0.28672329894878E-01
 0.30180040823987E-01
 0.31804438743955E-01
 0.33475619572915E-01
 0.35221521706186E-01
 0.36910388027147E-01
 0.38842122863368E-01
 0.40816705707173E-01
 0.42891966394046E-01
 0.45069707419808E-01
 0.47450786271679E-01
 0.49660570555697E-01
 0.52443157173079E-01
 0.54804999027569E-01
 0.57733016754100E-01
 0.60274873619482E-01
 0.63298706561466E-01
 0.66242152655808E-01
 0.69368034584557E-01
 0.72507395397738E-01
 0.75924528024330E-01
 0.79210993835161E-01
 0.82844131461933E-01
 0.86237187082845E-01
 0.89771794044308E-01
 0.93017645158040E-01
 0.96749091481268E-01
 0.10001212789076E+00
 0.10332349518174E+00
 0.10687292816411E+00
 0.10985303143848E+00
 0.11164160646722E+00
 0.11434712943007E+00
 0.11645608823858E+00
 0.11796324798757E+00
 0.11905939446466E+00
 0.11958342855738E+00
 0.11978725322643E+00
 0.11916911371448E+00
 0.11811240822703E+00
 0.11650598859385E+00
 0.11439006237483E+00
 0.11168935131230E+00
 0.10862179433692E+00
 0.10522894424086E+00
 0.10164925375100E+00
 0.97951417920158E-01
 0.94145701476722E-01
 0.90134070054856E-01
 0.86284995936252E-01
 0.82516647548494E-01
 0.79327088606937E-01
 0.76366875901640E-01
 0.73669821623490E-01
 0.71087967164639E-01
 0.68645629303073E-01
 0.66277532533827E-01
 0.64031050935985E-01
 0.62060312750055E-01
 0.60491451967444E-01
 0.58896630457580E-01
 0.57505963221555E-01
 0.56085397142470E-01
 0.54969453318417E-01
 0.53779183887566E-01
 0.52843324704166E-01
 0.51895098120761E-01
 0.50792733642024E-01
 0.49995097197579E-01
 0.49142155268040E-01
 0.48455413536747E-01
 0.47570350672311E-01
 0.46954968361707E-01
 0.46267495559418E-01
 0.45640709843704E-01
 0.45122295956274E-01
 0.44257416705620E-01
 0.43919141303923E-01
 0.43162410553850E-01
 0.42767918423606E-01
 0.42256391325405E-01
 0.41696630871643E-01
 0.41145967536800E-01
 0.40676838484701E-01
 0.40236609429337E-01
 0.40018460386587E-01
 0.39439661833501E-01
 0.39023667870831E-01
 0.38643966831028E-01
 0.38262049854971E-01
 0.37863902128678E-01
 0.37567181418251E-01
 0.37101269776676E-01
 0.36835906442505E-01
 0.36373500549135E-01
 0.36082707333504E-01
 0.35678471774968E-01
 0.35359904459059E-01
 0.34951920504588E-01
 0.34534783534643E-01
 0.34614170760548E-01
 0.34218389686766E-01
 0.34010876576053E-01
 0.33897001765593E-01
 0.33194369181527E-01
 0.33070151406183E-01
 0.32723180760612E-01
 0.32558018734197E-01
 0.32372373080945E-01
 0.32268234509377E-01
 0.31613760059801E-01
 0.31399848701524E-01
 0.31311428270747E-01
 0.31011316982379E-01
 0.30842725212792E-01
 0.30634045992018E-01
 0.30338163322903E-01
 0.30114719269154E-01
 0.29999743266456E-01
 0.29663232771850E-01
 0.29707694365257E-01
 0.29234340924351E-01
 0.29257925496568E-01
 0.28979104397068E-01
 0.28888158808140E-01
 0.28719012277292E-01
 0.28408015637814E-01
 0.28273708262209E-01
 0.28232187482716E-01
 0.28002705620485E-01
 0.27811761568774E-01
 0.27378635443788E-01
 0.27537336817483E-01
 0.27437280834756E-01
 0.26916426156845E-01
 0.26936808141526E-01
 0.26524436027084E-01
 0.26676422071134E-01
 0.26548113321197E-01
 0.26291622752342E-01
 0.26313493678249E-01
 0.25944552385674E-01
 0.25735953808367E-01
 0.25778011319537E-01
 0.25597805308392E-01
 0.25494347626170E-01
 0.25125350833931E-01
 0.25137396317196E-01
 0.24806955201863E-01
 0.24928678401070E-01
 0.24447405575666E-01
 0.24710527044419E-01
 0.24403043968623E-01
 0.24341466197994E-01
 0.24293098853630E-01
 0.24320024245958E-01
 0.23808411019275E-01
 0.23969553022483E-01
 0.23719152982114E-01
 0.23682420909805E-01
 0.23549678074749E-01
 0.23418463556617E-01
 0.23303441389368E-01
 0.23057489456697E-01
 0.22976183786962E-01
 0.22787475840879E-01
 0.22892329539225E-01
 0.22785341485369E-01
 0.22579539961128E-01
