 0.00000000000000E+00
 0.00000000000000E+00
-0.30979117331062E-25
-0.17425753498722E-25
 0.82675467258972E-25
 0.21214232702617E-24
 0.55246861230011E-23
 0.74978303204796E-22
 0.52585442719657E-21
 0.26441855132715E-20
 0.77655389188463E-20
 0.18143799404889E-19
 0.62435262330840E-19
 0.56573931780478E-07
-0.87381510210259E-06
-0.65680573854599E-05
 0.12449956950892E-05
-0.54277698749697E-05
-0.31012825927687E-05
-0.26831109726400E-05
 0.15699823957355E-06
 0.14261131558144E-06
-0.46330327312422E-06
 0.12876088801960E-05
-0.17187913703597E-05
-0.20571200026398E-06
 0.26169733852416E-05
 0.13378748889705E-05
 0.59088868106619E-06
 0.40091044665543E-06
-0.83963590789972E-06
-0.47628717050331E-06
 0.14272053539616E-05
 0.13584646869466E-06
 0.77103869327345E-06
-0.44560153281364E-06
-0.66455332494041E-07
-0.20102857555250E-06
 0.33475390580989E-06
-0.34213529282351E-06
 0.18219480484692E-06
-0.52955650961442E-07
 0.40317137230843E-06
-0.49377453578250E-06
 0.12650271330072E-06
-0.36978303478175E-06
 0.20562878987375E-06
-0.42055082050044E-06
-0.11940912569229E-06
 0.20824222341005E-06
 0.11161574826769E-06
-0.76713505876672E-07
 0.16120095388919E-06
 0.29682674108742E-07
 0.39180556479236E-06
 0.18131403472575E-06
 0.25611602332141E-06
 0.64612777782670E-06
 0.66153968938514E-06
 0.91970665755087E-06
 0.12225078785992E-05
 0.14080814765663E-05
 0.16347591848835E-05
 0.20284292563489E-05
 0.28228098101742E-05
 0.29917237193864E-05
 0.40608824283534E-05
 0.49817871320833E-05
 0.60656856526050E-05
 0.71479144404045E-05
 0.83905485471874E-05
 0.98220880083129E-05
 0.11646294356703E-04
 0.13511512464122E-04
 0.15909620485409E-04
 0.18402721789805E-04
 0.21182375036151E-04
 0.24573394808018E-04
 0.28439947927049E-04
 0.32701886129776E-04
 0.37068812517829E-04
 0.42214487787219E-04
 0.47886806354856E-04
 0.54642430588144E-04
 0.61991664069525E-04
 0.70094431019114E-04
 0.78332503184433E-04
 0.88688163431854E-04
 0.99063858972595E-04
 0.11122467461463E-03
 0.12403699910519E-03
 0.13840189323668E-03
 0.15375129392649E-03
 0.17070449182195E-03
 0.18956517457171E-03
 0.20961446522089E-03
 0.23174733013652E-03
 0.25598011145764E-03
 0.28125091195832E-03
 0.31017617522693E-03
 0.34054923405545E-03
 0.37333894411042E-03
 0.40914486284546E-03
 0.44741033798457E-03
 0.48909732183049E-03
 0.53374117536937E-03
 0.58210677609114E-03
 0.63338237228167E-03
 0.68950791196569E-03
 0.74971570078834E-03
 0.81389032182753E-03
 0.88240667391169E-03
 0.95677682278445E-03
 0.10355891671268E-02
 0.11201430392826E-02
 0.12105070226813E-02
 0.13075036193476E-02
 0.14106495517378E-02
 0.15207050270423E-02
 0.16387063194751E-02
 0.17646688494654E-02
 0.18984313891826E-02
 0.20410458887392E-02
 0.21937621347423E-02
 0.23551628284068E-02
 0.25272722159332E-02
 0.27110732628210E-02
 0.29065693515570E-02
 0.31136076583289E-02
 0.33344988198960E-02
 0.35680308670239E-02
 0.38157067978239E-02
 0.40803549804446E-02
 0.43608392443479E-02
 0.46587534486282E-02
 0.49748622554548E-02
 0.53097961134114E-02
 0.56649642878993E-02
 0.60414108897802E-02
 0.64391525551017E-02
 0.68649448132208E-02
 0.73133751267511E-02
 0.77899133300754E-02
 0.82931223573190E-02
 0.88277216204556E-02
 0.93921807109176E-02
 0.99895136168894E-02
 0.10628277615313E-01
 0.11299192810496E-01
 0.12011191906717E-01
 0.12764198840720E-01
 0.13563180942349E-01
 0.14408207515465E-01
 0.15303090998952E-01
 0.16246059377144E-01
 0.17256566318437E-01
 0.18314073114564E-01
 0.19436539337070E-01
 0.20624779856934E-01
 0.21876146293956E-01
 0.23207935700527E-01
 0.24601704318450E-01
 0.26082244437967E-01
 0.27641714305784E-01
 0.29286022314684E-01
 0.31015974583052E-01
 0.32831411185890E-01
 0.34733438936690E-01
 0.36726287098594E-01
 0.38805516061933E-01
 0.40974709136857E-01
 0.43221318593675E-01
 0.45550953357873E-01
 0.47951337486889E-01
 0.50413825255814E-01
 0.52934481152962E-01
 0.55502129198341E-01
 0.58115948646515E-01
 0.60759942202533E-01
 0.63413595101161E-01
 0.66080519051985E-01
 0.68753080997639E-01
 0.71422919126672E-01
 0.74068173977420E-01
 0.76696041054583E-01
 0.79293375758724E-01
 0.81855315678234E-01
 0.84386183802178E-01
 0.86868005360835E-01
 0.89303568752176E-01
 0.91687239406614E-01
 0.94016687659934E-01
 0.96290460399300E-01
 0.98506062122844E-01
 0.10066176292865E+00
 0.10275915299164E+00
 0.10479072588148E+00
 0.10676972027836E+00
 0.10869131317425E+00
 0.11054073425381E+00
 0.11234441287668E+00
 0.11408471975188E+00
 0.11576951433809E+00
 0.11740013584343E+00
 0.11898202485389E+00
 0.12051255857467E+00
 0.12199361245458E+00
 0.12342756317879E+00
 0.12482168944780E+00
 0.12617163080258E+00
 0.12747975398942E+00
 0.12875008291279E+00
 0.12998422285402E+00
 0.13117949491268E+00
 0.13235087918977E+00
 0.13347943923837E+00
 0.13458632421368E+00
 0.13565553537773E+00
 0.13670068533314E+00
 0.13771762259647E+00
 0.13871358303265E+00
 0.13968532255537E+00
 0.14062716305957E+00
 0.14154949756861E+00
 0.14245602100441E+00
 0.14333649911172E+00
 0.14419458602185E+00
 0.14504885380182E+00
 0.14587220397731E+00
 0.14668567842908E+00
 0.14747225022897E+00
 0.14824829344775E+00
 0.14900653720047E+00
 0.14975373657954E+00
 0.15048803087315E+00
 0.15120086847709E+00
 0.15190784518341E+00
 0.15260437629838E+00
 0.15328088642004E+00
 0.15394772437331E+00
 0.15459845999748E+00
 0.15524036075373E+00
 0.15587067422199E+00
 0.15649069317149E+00
 0.15710856914656E+00
 0.15770188386846E+00
 0.15830230451034E+00
 0.15888157536217E+00
 0.15944844227830E+00
 0.16000963078706E+00
 0.16057239927324E+00
 0.16112280941791E+00
 0.16164782362661E+00
 0.16218509091927E+00
 0.16269961693872E+00
 0.16322588793680E+00
 0.16372555735195E+00
 0.16421628316644E+00
 0.16471684491426E+00
 0.16520000489196E+00
 0.16568570292819E+00
 0.16614312353764E+00
 0.16661507537108E+00
 0.16707706198453E+00
 0.16752575018572E+00
 0.16796207128760E+00
 0.16841186654475E+00
 0.16884942060069E+00
 0.16927427037317E+00
 0.16969986040290E+00
 0.17010742467720E+00
 0.17052219023973E+00
 0.17094168794081E+00
 0.17133381880958E+00
 0.17172902911412E+00
 0.17212648678923E+00
 0.17251004816019E+00
 0.17289812073115E+00
 0.17327217375801E+00
 0.17365253002529E+00
 0.17401767191639E+00
 0.17438657916537E+00
 0.17473200261323E+00
 0.17510486709288E+00
 0.17544520559147E+00
 0.17578554934494E+00
 0.17614141891711E+00
 0.17646934872254E+00
 0.17681189414716E+00
 0.17714278945535E+00
 0.17747201433984E+00
 0.17779895915664E+00
 0.17811564243066E+00
 0.17844059820032E+00
 0.17875703820495E+00
 0.17906085276608E+00
 0.17936650006579E+00
 0.17967209524670E+00
 0.17997501555672E+00
 0.18027548396119E+00
