 0.00000000000000E+00
 0.00000000000000E+00
 0.93951032074683E-27
 0.93951032074683E-27
-0.68705294621486E-26
-0.24955238556475E-25
-0.90952899016771E-24
-0.15591251008612E-22
-0.14369259560692E-21
-0.89025948823975E-21
-0.31935717147718E-20
-0.82776605233751E-20
-0.34889952299460E-19
-0.43266037566350E-07
 0.94905928452448E-06
 0.36426266398000E-05
-0.13264973156343E-05
 0.57427503564062E-05
 0.37154980994206E-05
 0.33673761901548E-05
-0.57833167701350E-06
 0.32194492211647E-06
 0.89615819083324E-06
-0.34386650170558E-05
 0.33933821439105E-05
 0.45331667109300E-06
-0.64026732512611E-05
-0.38107298323387E-05
-0.13327348682342E-06
-0.48831684786390E-06
 0.26187200897065E-05
 0.20587525917124E-05
-0.54183286134830E-05
-0.74859073643299E-06
-0.20869066330635E-05
 0.12134751677012E-05
 0.75742233654007E-07
 0.17273669538239E-06
-0.13305683985325E-05
 0.85263110317973E-06
-0.13560539593781E-05
 0.40772221082537E-06
-0.27554131609519E-05
 0.32590445379608E-05
-0.36599767293447E-06
 0.35758494520291E-05
-0.15897734059544E-05
 0.26969191845730E-05
 0.15091728026776E-05
-0.16590901020058E-05
-0.15723104401752E-06
 0.15123355831451E-05
-0.19883404717681E-06
 0.16950404603655E-05
-0.10746124031290E-05
 0.19589325153554E-05
 0.33800492314144E-05
 0.95092390819994E-06
 0.18833849590882E-05
 0.85377745983865E-06
 0.23499480093978E-06
 0.30448929594013E-05
 0.45235568525703E-05
 0.42503631762232E-05
 0.29521485937946E-05
 0.81551587389676E-05
 0.26380041212680E-05
 0.36102203306570E-05
 0.41316579269328E-05
 0.44456506795322E-05
 0.58575250104975E-05
 0.10094255781741E-04
 0.94689032469090E-05
 0.13103372970503E-04
 0.14637969831952E-04
 0.18305449847213E-04
 0.22246135832327E-04
 0.24035703172245E-04
 0.25382338984828E-04
 0.27673721070870E-04
 0.37777106122008E-04
 0.46382384059507E-04
 0.55355796123717E-04
 0.54951868181194E-04
 0.60416338751370E-04
 0.60827538693401E-04
 0.85603580623127E-04
 0.83179411970643E-04
 0.10182491237609E-03
 0.10431012713799E-03
 0.12360855190994E-03
 0.13431021210393E-03
 0.15334668182951E-03
 0.17142802290243E-03
 0.18453705901229E-03
 0.20894296119234E-03
 0.22568974383758E-03
 0.24479845253662E-03
 0.29042861436360E-03
 0.29027669635480E-03
 0.32783696242868E-03
 0.37262194306540E-03
 0.40200278025211E-03
 0.44553438291961E-03
 0.48308546668651E-03
 0.53411728459150E-03
 0.57186188455060E-03
 0.64726126001249E-03
 0.69060699489359E-03
 0.74228380217159E-03
 0.81885151596412E-03
 0.88600906630384E-03
 0.94376572513060E-03
 0.10301236412180E-02
 0.11231255336888E-02
 0.12176142677748E-02
 0.13068694040134E-02
 0.14104098754272E-02
 0.15467177667669E-02
 0.16493788597560E-02
 0.17741539635047E-02
 0.19188286200339E-02
 0.20671179432174E-02
 0.21908677968426E-02
 0.23903190461800E-02
 0.25855966568596E-02
 0.27339750591497E-02
 0.29101316493398E-02
 0.31436404536958E-02
 0.33041776676356E-02
 0.35854472041625E-02
 0.39081057560024E-02
 0.41409837760147E-02
 0.44400610759412E-02
 0.47109234835294E-02
 0.49937316619004E-02
 0.53360440005993E-02
 0.57326639125834E-02
 0.61056698971858E-02
 0.66247003478334E-02
 0.69162429451403E-02
 0.74117133460600E-02
 0.78156251737287E-02
 0.83625364724842E-02
 0.89095861019414E-02
 0.95840323121767E-02
 0.10306919363586E-01
 0.10697220988684E-01
 0.11444126064002E-01
 0.12220130401075E-01
 0.13041521330033E-01
 0.13816192652653E-01
 0.14704909504285E-01
 0.15603780947594E-01
 0.16863192732440E-01
 0.17329940777407E-01
 0.18675866475789E-01
 0.19758717626212E-01
 0.20801768489832E-01
 0.22262238049415E-01
 0.23157478531368E-01
 0.25066390901571E-01
 0.26267255544873E-01
 0.27621013247013E-01
 0.29044709419282E-01
 0.30432718739270E-01
 0.31963244491316E-01
 0.33838095881704E-01
 0.35344593232395E-01
 0.37058249325718E-01
 0.38257237521486E-01
 0.39959398106180E-01
 0.41337602075514E-01
 0.42468231280821E-01
 0.43884042912091E-01
 0.45146181480475E-01
 0.46376172745947E-01
 0.46758436859768E-01
 0.47049050753449E-01
 0.48170294310722E-01
 0.48889308035106E-01
 0.49139036368788E-01
 0.48834974506230E-01
 0.49516624228487E-01
 0.49611283094056E-01
 0.49797353797978E-01
 0.50315793285905E-01
 0.49548436669027E-01
 0.49319471035856E-01
 0.48901996520147E-01
 0.48530188162013E-01
 0.48110871016118E-01
 0.47566070955188E-01
 0.46978466234757E-01
 0.46463693275993E-01
 0.45492524783109E-01
 0.45306997054662E-01
 0.44236127014363E-01
 0.42670634894888E-01
 0.42958070701898E-01
 0.41190805892474E-01
 0.40685454098585E-01
 0.40108171400879E-01
 0.39554202382129E-01
 0.38999845991407E-01
 0.38027611546660E-01
 0.37132695277262E-01
 0.36765199775134E-01
 0.35650818048893E-01
 0.35017842883306E-01
 0.34401713259028E-01
 0.33669167702601E-01
 0.33159429629136E-01
 0.33068098716392E-01
 0.31516971862139E-01
 0.31801334374434E-01
 0.30557892882716E-01
 0.30394675958673E-01
 0.30341973980268E-01
 0.29980042367202E-01
 0.29578467630420E-01
 0.28543323753727E-01
 0.28917644582729E-01
 0.28924479627457E-01
 0.27776037968181E-01
 0.27833883944586E-01
 0.28666511792262E-01
 0.26552093341387E-01
 0.26952732118368E-01
 0.25717835354343E-01
 0.26633669807623E-01
 0.26411640600210E-01
 0.26697560662681E-01
 0.25974853247110E-01
 0.24780274851216E-01
 0.26004118960144E-01
 0.25289021346648E-01
 0.23972908268474E-01
 0.24183219438831E-01
 0.24141194270417E-01
 0.24448714921756E-01
 0.25052825556598E-01
 0.24244928616345E-01
 0.24660926440147E-01
 0.23574222101048E-01
 0.24900230209357E-01
 0.22752565472427E-01
 0.23136122364310E-01
 0.23687416544269E-01
 0.24469465584645E-01
 0.22471314993144E-01
 0.21596027175623E-01
 0.24379372241214E-01
 0.22661754528171E-01
 0.23412295721034E-01
 0.21257253273115E-01
 0.22297849554970E-01
 0.24458913655571E-01
 0.22003302226374E-01
 0.22608191278974E-01
 0.20683933028375E-01
 0.23671884113291E-01
 0.22185172360269E-01
 0.21140072668582E-01
 0.22005514435426E-01
 0.23712483569356E-01
 0.22131631117435E-01
 0.20970379600984E-01
 0.21775262606355E-01
 0.21235789232065E-01
 0.23702650197987E-01
 0.22705303800619E-01
 0.19463557662244E-01
 0.21881667949278E-01
 0.22205767932518E-01
 0.21491894662233E-01
 0.21785892411579E-01
 0.21237791034410E-01
 0.21169796249084E-01
 0.19135680607095E-01
 0.20339227249942E-01
 0.18641993048638E-01
 0.22995329799497E-01
 0.18569246093587E-01
 0.21484785850279E-01
 0.23379593244708E-01
 0.19535983583850E-01
 0.23002009362553E-01
 0.21064580253904E-01
 0.21426605411407E-01
 0.20969019995983E-01
 0.20518648947486E-01
 0.21900756933512E-01
 0.19441963127460E-01
 0.18767091596711E-01
 0.20696487485915E-01
 0.21401247402092E-01
 0.20885018751956E-01
 0.20273854083439E-01
 0.18933386111808E-01
