 0.00000000000000E+00
 0.00000000000000E+00
 0.00000000000000E+00
 0.69703013994889E-25
 0.71027652699610E-25
 0.17761916531672E-24
 0.53835301965085E-23
 0.75026335429783E-22
 0.31847455755065E-11
 0.80674904266598E-11
 0.71787506067090E-11
-0.65053506006857E-11
-0.56618230853200E-13
 0.52732968589883E-12
 0.14781973202114E-11
-0.36561955366220E-11
-0.34076545220980E-11
-0.47298970383089E-11
-0.50040073241064E-11
 0.11556729221729E-11
-0.14221166752589E-11
 0.57358580396748E-11
 0.19317644570048E-11
 0.13800230502467E-11
 0.85724440541915E-12
 0.25317733357563E-12
 0.24470115624025E-12
 0.12855266754069E-08
-0.44223725987072E-08
 0.19651461721846E-07
-0.53064223530188E-08
 0.63215543735376E-08
 0.42814936863879E-08
 0.24467757410917E-08
 0.10501963595488E-07
 0.11272402265696E-09
 0.17106420951325E-09
 0.33760322531194E-09
 0.62564287500921E-09
 0.11576572711904E-08
 0.11431627357099E-07
-0.46952802949129E-08
 0.39106944634193E-08
 0.75986679288950E-08
 0.89902957706942E-08
 0.10968930197694E-07
 0.31291740650293E-07
 0.35619139250662E-07
 0.44311302903785E-07
 0.64970319981186E-07
 0.94608940760229E-07
 0.84653985951784E-07
 0.11664138122302E-06
 0.19537698093153E-06
 0.31237883219171E-06
 0.40242022791361E-06
 0.51435931031785E-06
 0.67551368726283E-06
 0.85824425192592E-06
 0.10951354760764E-05
 0.13709227599200E-05
 0.16883176026851E-05
 0.20986063586927E-05
 0.25827052016239E-05
 0.31558292466546E-05
 0.38317780230077E-05
 0.46430244313873E-05
 0.55689407552569E-05
 0.66507860638082E-05
 0.79217967282917E-05
 0.93875920020231E-05
 0.11081609801800E-04
 0.12998612378135E-04
 0.15196824452999E-04
 0.17701937872570E-04
 0.20550287254776E-04
 0.23767105602284E-04
 0.27397182993579E-04
 0.31524822149007E-04
 0.35628301578495E-04
 0.41203089682262E-04
 0.46932567223945E-04
 0.53322035599952E-04
 0.60413860774649E-04
 0.68284774346973E-04
 0.76987726944582E-04
 0.86598992574169E-04
 0.97203106880515E-04
 0.10887242076024E-03
 0.12169346676859E-03
 0.13575809076746E-03
 0.15116953206022E-03
 0.16802550798126E-03
 0.18643140347820E-03
 0.20651240507891E-03
 0.22837904148461E-03
 0.25217671345186E-03
 0.27803081610912E-03
 0.30610377118254E-03
 0.33655515437956E-03
 0.36952981351337E-03
 0.40522625938093E-03
 0.44381497648500E-03
 0.48550623655901E-03
 0.53051237985262E-03
 0.57904884714650E-03
 0.63108426589794E-03
 0.68809965746000E-03
 0.74721698330454E-03
 0.81343505055276E-03
 0.88348296677347E-03
 0.95868241015309E-03
 0.10394021970378E-02
 0.11259641750395E-02
 0.12187859342386E-02
 0.13181919710634E-02
 0.14246109888109E-02
 0.15385160827442E-02
 0.16602417128624E-02
 0.17903163647702E-02
 0.19292698350901E-02
 0.20778619648140E-02
 0.22352291810655E-02
 0.24038172609843E-02
 0.25813557340426E-02
 0.27725751592579E-02
 0.29741364872642E-02
 0.31875664300199E-02
 0.34130596861134E-02
 0.36503128922538E-02
 0.38990319034820E-02
 0.41607595798493E-02
 0.44270268891257E-02
 0.47070576038669E-02
 0.49893694732305E-02
 0.52716418367968E-02
 0.55471461176094E-02
 0.58036155285239E-02
 0.60292672257092E-02
 0.62019077738194E-02
 0.62916127548006E-02
 0.62586831845302E-02
 0.60652158395368E-02
 0.57044616555571E-02
 0.53297029567389E-02
 0.52475025803490E-02
 0.58961240579889E-02
 0.78187098807037E-02
 0.11173704532767E-01
 0.15458437182315E-01
 0.20051176549872E-01
 0.24548499120668E-01
 0.28745472924245E-01
 0.32625416844585E-01
 0.36187620918944E-01
 0.39487119952311E-01
 0.42553323015334E-01
 0.45441284937806E-01
 0.48160140533516E-01
 0.50757073934470E-01
 0.53248002935131E-01
 0.55650203820650E-01
 0.57979875363916E-01
 0.60246887970079E-01
 0.62460370265158E-01
 0.64628621591370E-01
 0.66756954524581E-01
 0.68848236934718E-01
 0.70907342210929E-01
 0.72934899429844E-01
 0.74933720080886E-01
 0.76903931762932E-01
 0.78846294232044E-01
 0.80761323942070E-01
 0.82648422084568E-01
 0.84508164340396E-01
 0.86339287222518E-01
 0.88141927912682E-01
 0.89916337331896E-01
 0.91661005942600E-01
 0.93376965994196E-01
 0.95063194989752E-01
 0.96718373729015E-01
 0.98344744488084E-01
 0.99941448819673E-01
 0.10150818665805E+00
 0.10304557586446E+00
 0.10455346168643E+00
 0.10603257863018E+00
 0.10748297247916E+00
 0.10890517898749E+00
 0.11029942354897E+00
 0.11166651659730E+00
 0.11300674599925E+00
 0.11432072723754E+00
 0.11560885061582E+00
 0.11687195749806E+00
 0.11811040161532E+00
 0.11932481326349E+00
 0.12051579292738E+00
 0.12168383991438E+00
 0.12282959881204E+00
 0.12395359761189E+00
 0.12505639551456E+00
 0.12613855199007E+00
 0.12720054954996E+00
 0.12824297520163E+00
 0.12926630730567E+00
 0.13027104795660E+00
 0.13125767886238E+00
 0.13222666794488E+00
 0.13317852392967E+00
 0.13411363248790E+00
 0.13503244437755E+00
 0.13593538663418E+00
 0.13682285282816E+00
 0.13769524047821E+00
 0.13855297799431E+00
 0.13939637547886E+00
 0.14022581114310E+00
 0.14104163412567E+00
 0.14184418159619E+00
 0.14263378935200E+00
 0.14341074651747E+00
 0.14417536298329E+00
 0.14492795249403E+00
 0.14566879401553E+00
 0.14639815943807E+00
 0.14711631804516E+00
 0.14782354741064E+00
 0.14852004343277E+00
 0.14920611181842E+00
 0.14988195983252E+00
 0.15054782027844E+00
 0.15120391438542E+00
 0.15185045788684E+00
 0.15248765742407E+00
 0.15311572216052E+00
 0.15373485844694E+00
 0.15434519291827E+00
 0.15494698359253E+00
 0.15554038437383E+00
 0.15612556907027E+00
 0.15670270734414E+00
 0.15727196412243E+00
 0.15783349850816E+00
 0.15838744383004E+00
 0.15893401216346E+00
 0.15947329331475E+00
 0.16000544839851E+00
 0.16053061401123E+00
 0.16104892976345E+00
 0.16156052588376E+00
 0.16206552856031E+00
 0.16256406498249E+00
 0.16305625183689E+00
 0.16354226527647E+00
 0.16402207343836E+00
 0.16449592786314E+00
 0.16496389408939E+00
 0.16542607897757E+00
 0.16588258659991E+00
 0.16633351836003E+00
 0.16677897588908E+00
 0.16721905517417E+00
 0.16765385365276E+00
 0.16808348636664E+00
 0.16850795781125E+00
 0.16892744671178E+00
 0.16934201068892E+00
 0.16975173384343E+00
 0.17015669499107E+00
 0.17055697903789E+00
 0.17095266089291E+00
 0.17134382005070E+00
 0.17173053130915E+00
 0.17211287027638E+00
 0.17249093123304E+00
 0.17286469891171E+00
 0.17323433448738E+00
 0.17359987533624E+00
 0.17396138382298E+00
 0.17431892826835E+00
 0.17467256913893E+00
 0.17502237083151E+00
 0.17536839095677E+00
 0.17571069185132E+00
 0.17604932891721E+00
 0.17638436539169E+00
 0.17671587496111E+00
 0.17704383396088E+00
 0.17736837944286E+00
 0.17768953783078E+00
 0.17800735984307E+00
 0.17832189328010E+00
 0.17863319063260E+00
 0.17894129948491E+00
 0.17924626688118E+00
 0.17954814150526E+00
 0.17984698885193E+00
