 0.00000000000000E+00
 0.00000000000000E+00
 0.00000000000000E+00
-0.19272930276057E-26
-0.39482488939361E-26
-0.39386424489387E-26
-0.42158570045783E-24
-0.76544153739374E-23
-0.61120557995263E-22
-0.26725160723422E-21
-0.95121998334572E-21
-0.18005644209420E-20
-0.17620154892833E-19
-0.14850609250047E-19
-0.66885302126182E-19
-0.71921845960984E-19
-0.87600310651441E-19
-0.23745625333150E-18
-0.37459162230719E-18
-0.59955017809493E-18
-0.18971941119440E-17
-0.17089817393204E-17
-0.40093341502898E-17
-0.18566715192617E-17
-0.31687193928733E-17
-0.68554025326586E-17
-0.92145919844841E-17
-0.19495050952248E-16
-0.13487544829579E-16
 0.39620404751855E-12
 0.37806232244027E-12
-0.90636715804707E-12
 0.94073082367642E-12
-0.18526115975396E-12
-0.14751098906475E-11
-0.10630687730035E-11
-0.28049402366950E-12
 0.43213071959191E-12
 0.91401279250975E-12
-0.71090219579113E-12
 0.60213783477672E-12
 0.53250989547110E-13
-0.76374151280665E-12
 0.22601129623828E-11
-0.26976698907264E-11
 0.10411223655209E-11
 0.30854848876721E-11
-0.97734116030392E-12
 0.12478530137685E-12
 0.12335951345232E-11
 0.17988726795713E-11
 0.53487983351702E-12
 0.11537202681925E-11
 0.24244576234739E-11
-0.11715619791651E-11
 0.17353123957284E-12
-0.55733326795179E-13
 0.75644980540905E-13
 0.52801606506940E-12
-0.54386579359531E-12
-0.16436822791688E-11
-0.13847201530102E-11
 0.45703747528876E-12
-0.11429595605714E-11
 0.72492499784282E-12
-0.18743023219746E-11
 0.41585894957515E-13
-0.79650887809477E-12
 0.27991961958479E-11
-0.63567679740432E-12
-0.28436355610749E-12
 0.60769876556491E-12
 0.12013396546452E-11
 0.14493979426197E-11
 0.43305831702602E-13
 0.43802542365327E-12
 0.82658308734095E-13
 0.31604319729227E-12
-0.36040773712309E-12
 0.37208687470815E-12
 0.10999994212401E-11
 0.34135609303519E-12
 0.28027513916675E-12
 0.35195418970843E-13
 0.17482384076257E-12
-0.48799752473222E-12
-0.35630974800691E-12
-0.17625569524759E-11
-0.90756395842534E-12
-0.24016076358519E-12
-0.40378538549186E-12
 0.17936329467747E-11
 0.49945832081991E-12
 0.17604595912066E-12
 0.10120155932136E-11
 0.16056165223639E-12
-0.53365154641215E-12
 0.74570960830570E-12
-0.15363487965441E-14
 0.19194834594269E-12
-0.86917031742734E-13
-0.41936447870858E-12
-0.29752736885783E-12
 0.28993782444791E-12
-0.24792060529841E-12
 0.82377138269370E-12
 0.86227073662069E-12
-0.42312966292835E-12
-0.14556341049537E-12
 0.58251432795388E-12
 0.10302049139641E-12
-0.27565595347003E-12
 0.28156174938020E-12
-0.18941159149821E-12
-0.10979750466714E-12
 0.42937240435293E-12
-0.25848083662891E-12
 0.46377162205661E-12
 0.29908450605675E-12
-0.54096377475133E-12
-0.52476088167068E-12
-0.58794809141471E-12
 0.22048104107290E-12
-0.53921382391243E-12
 0.94950042863570E-13
-0.32149927554359E-12
-0.10203775455980E-12
-0.46920812409972E-12
-0.89922852352177E-13
 0.99222841591979E-12
-0.81123086649182E-12
-0.52819671625205E-12
-0.57408618414042E-13
-0.15084996082849E-12
 0.37675369421399E-12
 0.59877612809801E-12
-0.31914786620893E-12
-0.88290625448732E-12
 0.37203957188270E-14
-0.48526674130857E-14
 0.19632576323505E-13
-0.75735071280709E-12
-0.38886169847311E-12
-0.10177222530044E-11
 0.34699444143310E-12
-0.16654441872022E-12
-0.58839023501953E-12
 0.15698349718682E-11
 0.11650679410683E-12
-0.66112161412909E-13
-0.11388251588607E-11
-0.72773810224958E-12
 0.10573333164737E-11
 0.76832803315197E-12
-0.70868102571348E-12
 0.87099158696419E-14
-0.56150514958758E-12
 0.19509684970806E-13
-0.62714337629215E-12
-0.11800311019060E-12
 0.77592294002881E-12
 0.11674657603135E-11
-0.70033752981532E-12
-0.45320415901974E-12
 0.21676037900689E-11
 0.40327489988915E-12
 0.53938207146636E-11
 0.36238078542498E-12
 0.64618175843535E-11
-0.12634317963265E-11
 0.14586278758111E-10
-0.87203157691874E-12
-0.64027913336876E-12
-0.35037440878550E-11
 0.15792984367527E-10
 0.36250149854470E-12
-0.54469033197631E-12
 0.30383248096772E-11
-0.54039446740120E-11
 0.10520576513537E-09
 0.42490335214962E-10
-0.19624610443002E-11
 0.15558931681204E-12
-0.49650691721014E-10
-0.84583226241420E-12
-0.74620956644559E-11
 0.20650913684868E-10
-0.11130160577248E-11
 0.88484326269259E-11
-0.44355133672503E-11
 0.12868650568921E-10
-0.86696162589014E-12
-0.18712900285613E-10
-0.15420595792465E-10
 0.53243325714886E-11
 0.54591163308169E-10
 0.68407794061391E-11
-0.65780310072855E-11
 0.10322522202788E-10
-0.24281820658323E-10
 0.13742644571208E-10
-0.27998177086242E-10
 0.41478692947263E-11
 0.61563122999799E-11
 0.10583485674994E-10
-0.43627174715208E-11
-0.14318991661768E-09
-0.92295728501983E-10
 0.76174437425647E-11
 0.13736264576543E-09
 0.63603616922930E-11
 0.76657659552391E-11
-0.11458222619117E-09
-0.55107998544858E-11
-0.36748891548679E-11
-0.10519960608375E-10
-0.44873505730715E-11
 0.76653938487416E-11
-0.26713780323831E-11
 0.54320377129670E-11
-0.29956849465914E-10
-0.25212729439511E-11
 0.22989840718016E-11
-0.12102697383980E-11
-0.11886669184914E-10
-0.80006519240661E-11
 0.23921235020568E-11
 0.47039183536345E-10
-0.55597481491033E-10
-0.18339996764317E-11
-0.51733692504448E-11
-0.42663113427954E-10
 0.40186390202845E-10
-0.11215251670235E-10
-0.43535130126073E-11
-0.40020646655027E-10
-0.55660788946531E-10
-0.60723527748228E-11
-0.28198261520058E-11
-0.53024927824423E-11
 0.96737190082581E-11
 0.43339114604258E-10
 0.34517394986467E-11
-0.84018231078499E-11
 0.15045131411557E-11
 0.78944166247175E-10
 0.57939876560737E-09
 0.39028810111757E-11
-0.34636928087420E-11
-0.13744840036569E-11
 0.14737196296673E-12
 0.11096593768750E-10
-0.61472334609125E-10
 0.78040518636097E-11
 0.41634835490059E-11
-0.59571924586018E-12
-0.32220426521352E-11
-0.11386874198554E-10
-0.12543599117523E-09
 0.10226013225434E-10
 0.89635180177623E-11
 0.89169215037316E-13
-0.42613805877476E-11
 0.36552810567390E-11
-0.16371265988289E-09
-0.35228916861569E-11
-0.58959998586589E-10
 0.69544593930180E-11
 0.46657119592243E-11
-0.29803801009591E-11
 0.33237925444454E-11
-0.76442932214710E-11
 0.11759612126463E-10
 0.16502609182812E-09
-0.11835264183261E-09
 0.24312252120903E-11
 0.13213353958718E-11
-0.42602178427350E-11
 0.82805565760258E-12
 0.19584496544753E-11
 0.28637104172917E-12
-0.39305424598442E-11
-0.13843581901181E-10
 0.84178896199435E-10
 0.11170884604046E-08
-0.14930473966174E-10
 0.11351037396988E-10
-0.26656675852581E-11
 0.19131784753450E-11
-0.32447686583023E-11
 0.82067001117199E-11
-0.33069970983245E-11
-0.44651560512883E-11
 0.10621650873300E-10
 0.11367469535533E-09
 0.28830208011267E-10
 0.17978421899334E-10
-0.64024294331602E-12
-0.86382469966844E-12
 0.52175880025501E-11
