 0.00000000000000E+00
 0.00000000000000E+00
 0.00000000000000E+00
-0.37580412829873E-26
-0.56670340328729E-26
-0.20823698691989E-25
-0.86703315156157E-24
-0.16375063142903E-22
-0.11423919401771E-11
-0.16749596233317E-11
-0.22141448149629E-11
 0.34884549904240E-11
 0.52559732689516E-13
-0.45024112863010E-12
-0.26975092856315E-11
 0.41595976345507E-11
 0.30366302796753E-11
 0.53657207337919E-11
 0.73598960498134E-11
-0.30019481167689E-11
 0.15026283774638E-11
-0.83548202764176E-11
-0.47590018417497E-11
-0.45362919640309E-11
-0.23324796897669E-11
-0.46284070130671E-12
 0.14896189474890E-13
-0.44788330083960E-08
 0.17574329898446E-07
-0.43722568551472E-07
 0.16750083439701E-07
-0.19724273738649E-07
-0.10979807552903E-07
 0.12033429537928E-08
-0.34868895800712E-07
 0.11326698375004E-09
 0.17373899892321E-09
 0.34180251848420E-09
 0.63342935402270E-09
-0.55321320231232E-09
-0.79418621384417E-07
-0.24482602191087E-07
 0.60144327367921E-08
 0.25011115242209E-08
 0.37298612682679E-07
 0.98183524632120E-07
-0.18443115459815E-07
 0.25892344501206E-07
 0.10300307228519E-06
 0.18615846434724E-06
 0.16327618929198E-06
 0.59310091227961E-06
 0.79520468471291E-06
 0.67696843526290E-06
 0.25319304117193E-06
 0.35237160667994E-06
 0.61382588578639E-06
 0.58914062356203E-06
 0.83713653045004E-06
 0.99326257333771E-06
 0.12459135638946E-05
 0.18350715338580E-05
 0.21190466344800E-05
 0.25483298256708E-05
 0.32055447239062E-05
 0.38978277061505E-05
 0.44649379429943E-05
 0.54757699164334E-05
 0.66975224043863E-05
 0.79704476988992E-05
 0.93184265535759E-05
 0.10778790008488E-04
 0.12883334267438E-04
 0.15162710885960E-04
 0.17732778753464E-04
 0.20600833290503E-04
 0.23904858395364E-04
 0.27662712637267E-04
 0.31667592937361E-04
 0.42800799264367E-04
 0.41336154743110E-04
 0.47101797016099E-04
 0.53361780125958E-04
 0.60509675070151E-04
 0.68334757348712E-04
 0.77088795809720E-04
 0.86905001703699E-04
 0.97556166587508E-04
 0.10931400078378E-03
 0.12228480218857E-03
 0.13653640824498E-03
 0.15196240980805E-03
 0.16890669103990E-03
 0.18751988258874E-03
 0.20773942429032E-03
 0.22998331609848E-03
 0.25398889165134E-03
 0.28057921901343E-03
 0.30913860333165E-03
 0.33991824826776E-03
 0.37375783157658E-03
 0.41016225177189E-03
 0.44984379380219E-03
 0.49266354344255E-03
 0.53888482061210E-03
 0.58890102335508E-03
 0.65758668857676E-03
 0.67855110792360E-03
 0.79301525144911E-03
 0.83184075956464E-03
 0.90426076829487E-03
 0.98370044654345E-03
 0.10683074604835E-02
 0.11601795398544E-02
 0.12561303254052E-02
 0.13619184281800E-02
 0.14749474461037E-02
 0.15932185713626E-02
 0.17235854170828E-02
 0.18622442418697E-02
 0.20054311227859E-02
 0.21329058635952E-02
 0.23478083998301E-02
 0.24646827394213E-02
 0.27339986717008E-02
 0.28729723337319E-02
 0.30758454982815E-02
 0.32752849290484E-02
 0.34778178852913E-02
 0.36849592978421E-02
 0.39134153093191E-02
 0.39485581451742E-02
 0.42610087992978E-02
 0.42102925646629E-02
 0.41568889684838E-02
 0.39687343552183E-02
 0.34189707585454E-02
 0.27213964970700E-02
 0.13887124130981E-02
-0.80310029851133E-03
-0.37226802516513E-02
-0.73185565885420E-02
-0.10742210016312E-01
-0.13030264603931E-01
-0.17659612889756E-01
-0.20374370509796E-01
 0.49502643981653E-03
 0.45463808780346E-01
 0.86993476359794E-01
 0.11049874518219E+00
 0.11731257316437E+00
 0.11414146260301E+00
 0.10793552799431E+00
 0.10003710965018E+00
 0.92788746970369E-01
 0.85735591590164E-01
 0.80233656588460E-01
 0.74500348777373E-01
 0.70530255267872E-01
 0.66754279566528E-01
 0.63485150168034E-01
 0.60735550247648E-01
 0.58156465758032E-01
 0.56171901863184E-01
 0.54148920500023E-01
 0.52437557815611E-01
 0.50894011654014E-01
 0.49527524715610E-01
 0.48232050966810E-01
 0.47084833742903E-01
 0.45992725786283E-01
 0.44963315838853E-01
 0.44030255305695E-01
 0.43099657883504E-01
 0.42256000896289E-01
 0.41411730419784E-01
 0.40631490921588E-01
 0.39905958135857E-01
 0.39148278850206E-01
 0.38472843617638E-01
 0.37720675089100E-01
 0.37187301731496E-01
 0.36565829456203E-01
 0.35969259718909E-01
 0.35395381502501E-01
 0.34854115260508E-01
 0.34320292399894E-01
 0.33840580608697E-01
 0.33343066336665E-01
 0.32879309349179E-01
 0.32425038159875E-01
 0.32021046125811E-01
 0.31599560935582E-01
 0.31207739912713E-01
 0.30827326589655E-01
 0.30482163439556E-01
 0.30127223465388E-01
 0.29796355249980E-01
 0.29479369729040E-01
 0.29171715150186E-01
 0.28887532035392E-01
 0.28604052411411E-01
 0.28335596738155E-01
 0.28078004731369E-01
 0.27827213602872E-01
 0.27596967106846E-01
 0.27364832799648E-01
 0.27145300689047E-01
 0.26934510331026E-01
 0.26733007984797E-01
 0.26540233358910E-01
 0.26347760201801E-01
 0.26166262662563E-01
 0.25991734968866E-01
 0.25822913844670E-01
 0.25662328930392E-01
 0.25508039530106E-01
 0.25351919242399E-01
 0.25205249059167E-01
 0.25063789687334E-01
 0.24926830613917E-01
 0.24794179514425E-01
 0.24662474691314E-01
 0.24543012261473E-01
 0.24421036727830E-01
 0.24304436945516E-01
 0.24190815309905E-01
 0.24080945357376E-01
 0.23974270384250E-01
 0.23866375795390E-01
 0.23773360783929E-01
 0.23671689375671E-01
 0.23576284918666E-01
 0.23483510288534E-01
 0.23393256480422E-01
 0.23305224028100E-01
 0.23219576396762E-01
 0.23133969495670E-01
 0.23052861592210E-01
 0.22975043585776E-01
 0.22897488687342E-01
 0.22821843167906E-01
 0.22747944462503E-01
 0.22675702301792E-01
 0.22604933691890E-01
 0.22535856344896E-01
 0.22473334217436E-01
 0.22402688132698E-01
 0.22338046782347E-01
 0.22274661592026E-01
 0.22213043428560E-01
 0.22152270137936E-01
 0.22092646898839E-01
 0.22034451345368E-01
 0.21977311660259E-01
 0.21921461756592E-01
 0.21858722216860E-01
 0.21812401736251E-01
 0.21759514801048E-01
 0.21707601633982E-01
 0.21656534566727E-01
 0.21606469765753E-01
 0.21557479650017E-01
 0.21509028995169E-01
 0.21461370112924E-01
 0.21412653468534E-01
 0.21364297833761E-01
 0.21323436057556E-01
 0.21279270882081E-01
 0.21235617568208E-01
 0.21192388850037E-01
 0.21150341063063E-01
 0.21108471673947E-01
 0.21067584033542E-01
 0.21027061903813E-01
 0.20987077157365E-01
 0.20945837132965E-01
 0.20904435256514E-01
 0.20871260950123E-01
 0.20833954986412E-01
 0.20796700151242E-01
 0.20760622632607E-01
 0.20724514528336E-01
 0.20689248626831E-01
 0.20654102936104E-01
 0.20619851409048E-01
 0.20585794816230E-01
 0.20552383590184E-01
 0.20517022817708E-01
 0.20481678026314E-01
 0.20454292675490E-01
 0.20422715108895E-01
 0.20391244356719E-01
 0.20360118917539E-01
 0.20329719154909E-01
 0.20299542930654E-01
 0.20269690402942E-01
 0.20240306644434E-01
 0.20210873764054E-01
 0.20172562987714E-01
