 0.00000000000000E+00
 0.00000000000000E+00
 0.77308811195169E-25
-0.23453234856961E-25
-0.16698703218157E-25
 0.93812939427846E-25
 0.18904811583827E-23
 0.50658987291037E-23
 0.46385029342782E-22
-0.61481247983433E-22
 0.18661475721493E-20
 0.26186457474425E-20
-0.10711450501256E-05
 0.18186851418824E-05
-0.39511557301996E-05
 0.32544994054891E-05
 0.41682033367852E-05
-0.16630038858393E-05
 0.37613332334837E-05
 0.15423861042005E-05
 0.11608463234374E-05
-0.14571129428150E-05
 0.13694685098312E-05
-0.22719892689422E-05
 0.76335109093670E-06
-0.44298364597588E-06
-0.24003586299640E-06
-0.45204583762667E-07
 0.11100988769023E-05
 0.30882935628474E-06
-0.64898169049562E-06
-0.86565682864033E-06
-0.38831068884654E-06
-0.33539470414807E-06
 0.28026117899177E-06
-0.19997602932924E-06
-0.46967536179443E-06
-0.10037649005325E-06
-0.47357160968313E-07
 0.21794683314525E-06
-0.78605132140525E-07
 0.51445432206144E-07
-0.93669328363108E-07
-0.47165356109563E-07
-0.12416278553967E-06
-0.21949202519100E-06
 0.20742621892460E-06
 0.18465152826219E-06
 0.28637110476040E-08
 0.27083841762778E-06
 0.24494614701651E-06
 0.35145579371057E-06
 0.31901245919920E-06
 0.29310919160801E-06
 0.41538698682649E-06
 0.64896888831625E-06
 0.79618560469355E-06
 0.82581547386583E-06
 0.11872221484550E-05
 0.15038503647922E-05
 0.19816593767787E-05
 0.22353208698170E-05
 0.27943582119971E-05
 0.32556837762955E-05
 0.39586185852212E-05
 0.47842636443038E-05
 0.56043740529262E-05
 0.66158077228208E-05
 0.78167035961874E-05
 0.91542123807153E-05
 0.10555040379220E-04
 0.12319093001846E-04
 0.14091074881476E-04
 0.16334655403662E-04
 0.18756006687037E-04
 0.21526388790506E-04
 0.24460383481445E-04
 0.27786113133445E-04
 0.31521373083082E-04
 0.35629324434007E-04
 0.40106999473262E-04
 0.45022544862197E-04
 0.50550861172813E-04
 0.56549139989879E-04
 0.62977130201153E-04
 0.70026692708434E-04
 0.77857879516217E-04
 0.86363459400725E-04
 0.95553110052412E-04
 0.10558373878614E-03
 0.11630160039068E-03
 0.12798028688376E-03
 0.14058447136018E-03
 0.15428517910960E-03
 0.16884615797401E-03
 0.18471462355862E-03
 0.20163724840632E-03
 0.21983336099376E-03
 0.23932595353080E-03
 0.26030607646612E-03
 0.28273543100427E-03
 0.30659952105877E-03
 0.33215661215095E-03
 0.35944337015086E-03
 0.38861878406457E-03
 0.41972034189240E-03
 0.45272947442491E-03
 0.48802270307402E-03
 0.52540804901863E-03
 0.56505725986965E-03
 0.60725749606018E-03
 0.65223521065350E-03
 0.69978090961972E-03
 0.75018781204191E-03
 0.80355821488736E-03
 0.86018765371362E-03
 0.92015076326898E-03
 0.98338632376185E-03
 0.10502834181133E-02
 0.11209117314918E-02
 0.11959783668484E-02
 0.12749918310708E-02
 0.13584446137973E-02
 0.14466606679425E-02
 0.15398311038706E-02
 0.16375221116320E-02
 0.17410933853239E-02
 0.18500255552908E-02
 0.19648893282214E-02
 0.20859996529700E-02
 0.22134834051388E-02
 0.23476332429943E-02
 0.24888765699067E-02
 0.26380543474177E-02
 0.27944938185245E-02
 0.29592736973284E-02
 0.31327753778288E-02
 0.33151881245578E-02
 0.35073300713450E-02
 0.37090767592012E-02
 0.39212515756311E-02
 0.41441699008026E-02
 0.43787041742043E-02
 0.46252521473200E-02
 0.48848931567861E-02
 0.51569847494507E-02
 0.54434803330265E-02
 0.57444718552639E-02
 0.60605830435638E-02
 0.63928099720813E-02
 0.67420306696609E-02
 0.71088433472040E-02
 0.74939625231042E-02
 0.78981965615427E-02
 0.83232475074766E-02
 0.87693966976551E-02
 0.92376330496328E-02
 0.97287356415075E-02
 0.10243999294436E-01
 0.10784614927224E-01
 0.11350532874972E-01
 0.11943506432134E-01
 0.12563537595414E-01
 0.13212332542019E-01
 0.13889364239108E-01
 0.14594387971513E-01
 0.15329248952049E-01
 0.16091431106129E-01
 0.16882658044983E-01
 0.17699467145855E-01
 0.18542263533587E-01
 0.19407405060333E-01
 0.20292805335045E-01
 0.21196839059510E-01
 0.22114997047605E-01
 0.23045495041054E-01
 0.23983117637735E-01
 0.24925272931540E-01
 0.25867532928502E-01
 0.26806681714124E-01
 0.27739708197933E-01
 0.28663780836596E-01
 0.29574888775242E-01
 0.30471641169058E-01
 0.31352119128262E-01
 0.32213838527402E-01
 0.33055140561407E-01
 0.33874985924869E-01
 0.34672939806639E-01
 0.35447292831523E-01
 0.36197799526367E-01
 0.36923881233737E-01
 0.37624689101648E-01
 0.38301898517650E-01
 0.38952466892456E-01
 0.39578598249760E-01
 0.40181656628378E-01
 0.40758925114315E-01
 0.41311567115030E-01
 0.41838718564430E-01
 0.42344654376815E-01
 0.42829416396896E-01
 0.43288119015237E-01
 0.43724227478238E-01
 0.44139342818748E-01
 0.44533835956176E-01
 0.44908504418923E-01
 0.45263090318451E-01
 0.45598816835788E-01
 0.45915836979818E-01
 0.46215079502796E-01
 0.46498226424535E-01
 0.46764472193269E-01
 0.47015030943607E-01
 0.47250432437136E-01
 0.47471880605021E-01
 0.47679762203549E-01
 0.47874419222601E-01
 0.48056533929485E-01
 0.48226414054361E-01
 0.48385826934587E-01
 0.48534075263074E-01
 0.48671851177900E-01
 0.48799746647599E-01
 0.48918452050314E-01
 0.49028256931787E-01
 0.49129483520993E-01
 0.49222823319951E-01
 0.49308238656093E-01
 0.49386457659418E-01
 0.49457582661443E-01
 0.49521868627048E-01
 0.49579903286930E-01
 0.49631954962011E-01
 0.49678095370454E-01
 0.49718666039191E-01
 0.49753925062671E-01
 0.49784133570053E-01
 0.49809502906974E-01
 0.49830193117467E-01
 0.49846530213035E-01
 0.49858602341976E-01
 0.49866605951083E-01
 0.49870720516728E-01
 0.49871107681102E-01
 0.49867955503183E-01
 0.49861420237050E-01
 0.49851553320841E-01
 0.49838575750683E-01
 0.49822527594093E-01
 0.49803726320312E-01
 0.49781999060199E-01
 0.49757770002894E-01
 0.49730949528260E-01
 0.49701717387806E-01
 0.49670070618825E-01
 0.49636256001441E-01
 0.49600233011436E-01
 0.49562206193136E-01
 0.49522152442125E-01
 0.49479995035310E-01
 0.49436262100514E-01
 0.49390613758166E-01
 0.49343407832370E-01
 0.49294460825803E-01
 0.49244043391295E-01
 0.49192136908263E-01
 0.49138683367237E-01
 0.49083884029153E-01
 0.49027954513337E-01
 0.48970567274863E-01
 0.48911834546094E-01
 0.48852070313319E-01
 0.48791189661416E-01
 0.48729251071479E-01
 0.48666044094639E-01
 0.48602134952212E-01
 0.48537292330660E-01
 0.48471364774191E-01
 0.48404451593552E-01
 0.48336901420691E-01
 0.48268569021015E-01
 0.48199182168134E-01
 0.48129354435886E-01
 0.48058796826499E-01
 0.47987388576791E-01
 0.47915447713061E-01
 0.47842792415938E-01
 0.47769662352742E-01
 0.47695780736951E-01
 0.47621569319941E-01
 0.47546709759988E-01
 0.47471517616147E-01
 0.47395725320605E-01
 0.47319425238565E-01
 0.47242985808256E-01
 0.47165702157636E-01
 0.47088450019660E-01
 0.47010640024283E-01
 0.46932217335123E-01
