 0.00000000000000E+00
 0.00000000000000E+00
 0.12391646932425E-24
-0.22196141468628E-24
-0.44609928956729E-25
 0.37525175771138E-24
 0.52894262455135E-23
 0.76851559979291E-22
 0.53010498261271E-21
 0.22349663266938E-20
 0.83118582397702E-20
 0.17641019421380E-19
 0.94186502764573E-06
-0.21479094173842E-05
 0.10349644890597E-05
 0.11542531413725E-05
-0.54984265991026E-06
-0.90177164281973E-06
 0.26233702186985E-05
-0.83792231020789E-06
 0.24454921654589E-05
-0.20132370016407E-05
-0.51398278744681E-06
-0.31463094816346E-06
-0.15444174402747E-06
 0.89741461775334E-06
-0.92838776816659E-06
-0.33662869286781E-06
 0.69594168209062E-06
-0.29167092564858E-06
-0.69851678690700E-06
 0.59287421060471E-06
 0.42219310068951E-06
 0.56104113098758E-06
 0.29361955064646E-06
 0.79235242253776E-06
-0.55706529876150E-06
-0.62163591685414E-06
-0.62673798250012E-06
-0.17380876447922E-06
-0.13575881041707E-06
 0.89512789862629E-06
 0.40552272249088E-06
-0.16362468815588E-06
 0.41722845903277E-06
-0.18716686067862E-06
 0.18927948573382E-06
-0.18631346664711E-06
 0.22468865214235E-06
 0.47796167569423E-06
 0.29047002653803E-06
 0.68058387563976E-06
 0.46098544020330E-06
 0.85158359505837E-06
 0.72829184664993E-06
 0.60188605370620E-06
 0.10342202800515E-05
 0.15463974836239E-05
 0.12081113375499E-05
 0.19083427550840E-05
 0.20408204914258E-05
 0.27324751737858E-05
 0.30638464996557E-05
 0.38485687095633E-05
 0.45703784051904E-05
 0.58474197330296E-05
 0.70751200570162E-05
 0.80722099010634E-05
 0.93653792733691E-05
 0.11065784334787E-04
 0.13100873832990E-04
 0.15670937297953E-04
 0.17931737658690E-04
 0.20921162008201E-04
 0.24322227209863E-04
 0.27734434345767E-04
 0.31794665845737E-04
 0.36665467139295E-04
 0.41682783766026E-04
 0.47250395193413E-04
 0.53597372234516E-04
 0.60735160608778E-04
 0.68477319529903E-04
 0.77574483820345E-04
 0.86679893741192E-04
 0.97064933524037E-04
 0.10911139168517E-03
 0.12186808568929E-03
 0.13535775623734E-03
 0.15062979268948E-03
 0.16748391147364E-03
 0.18522889756952E-03
 0.20538417090486E-03
 0.22634860914584E-03
 0.24985130127902E-03
 0.27542584044960E-03
 0.30242006428837E-03
 0.33169021680549E-03
 0.36368339114796E-03
 0.39886387860432E-03
 0.43599642446470E-03
 0.47603187123356E-03
 0.51949912715208E-03
 0.56571918980005E-03
 0.61582021125657E-03
 0.66924455535121E-03
 0.72697978921150E-03
 0.78829613101629E-03
 0.85474481876080E-03
 0.92599101422455E-03
 0.10020655345782E-02
 0.10825593479067E-02
 0.11691463092579E-02
 0.12621488939179E-02
 0.13599217399706E-02
 0.14652255172369E-02
 0.15782639771892E-02
 0.16977574636811E-02
 0.18254134939970E-02
 0.19611327709136E-02
 0.21045152101111E-02
 0.22582476615211E-02
 0.24207867424676E-02
 0.25941723852150E-02
 0.27776890255716E-02
 0.29745591564455E-02
 0.31808528218371E-02
 0.34016265306504E-02
 0.36347709084896E-02
 0.38822914920244E-02
 0.41446766332439E-02
 0.44239702915462E-02
 0.47187199349900E-02
 0.50310979816211E-02
 0.53621156899198E-02
 0.57136857979144E-02
 0.60830861535891E-02
 0.64751825262274E-02
 0.68909862673288E-02
 0.73308241212398E-02
 0.77966692924670E-02
 0.82865525023615E-02
 0.88066859817547E-02
 0.93566874739740E-02
 0.99380396425656E-02
 0.10549744962577E-01
 0.11202390353130E-01
 0.11885153455979E-01
 0.12611263224520E-01
 0.13374957427651E-01
 0.14187094980914E-01
 0.15038208603983E-01
 0.15941550043925E-01
 0.16888609677836E-01
 0.17896259460196E-01
 0.18955759250452E-01
 0.20070288673679E-01
 0.21251126054557E-01
 0.22492457525603E-01
 0.23801816904323E-01
 0.25177952586982E-01
 0.26621915233878E-01
 0.28146763906014E-01
 0.29738505750691E-01
 0.31416924232139E-01
 0.33170777296089E-01
 0.34996581678572E-01
 0.36905536699941E-01
 0.38888388184902E-01
 0.40947484639987E-01
 0.43078052737640E-01
 0.45275690649444E-01
 0.47531994955327E-01
 0.49851184710711E-01
 0.52215153226252E-01
 0.54617852257856E-01
 0.57064823357262E-01
 0.59532210034238E-01
 0.62016299310578E-01
 0.64513134007463E-01
 0.67008466031529E-01
 0.69508522402353E-01
 0.71999550429819E-01
 0.74466778187713E-01
 0.76923457623674E-01
 0.79343672877482E-01
 0.81743818916569E-01
 0.84111569794211E-01
 0.86442475654207E-01
 0.88743124965374E-01
 0.90988306574322E-01
 0.93200035942589E-01
 0.95361353384559E-01
 0.97485059017609E-01
 0.99557584352699E-01
 0.10159946722702E+00
 0.10357585260953E+00
 0.10550498885148E+00
 0.10738296763580E+00
 0.10923174581194E+00
 0.11103466451774E+00
 0.11278908355402E+00
 0.11446424339925E+00
 0.11611906570068E+00
 0.11773401901059E+00
 0.11928304796443E+00
 0.12081495557586E+00
 0.12228899082519E+00
 0.12371800879973E+00
 0.12511865949324E+00
 0.12647592069457E+00
 0.12779624373748E+00
 0.12907724189251E+00
 0.13032529737637E+00
 0.13154104736449E+00
 0.13272802128864E+00
 0.13387684595290E+00
 0.13500203827079E+00
 0.13609275464948E+00
 0.13715686682725E+00
 0.13819596351549E+00
 0.13920865802738E+00
 0.14019603138022E+00
 0.14116203936279E+00
 0.14210512958054E+00
 0.14302681781526E+00
 0.14392515842388E+00
 0.14480434304735E+00
 0.14566553815977E+00
 0.14650385654605E+00
 0.14732877391385E+00
 0.14813412763475E+00
 0.14892434258603E+00
 0.14969640248582E+00
 0.15045447702937E+00
 0.15119663318949E+00
 0.15192479620008E+00
 0.15263857901611E+00
 0.15333877604599E+00
 0.15402614464585E+00
 0.15470112809819E+00
 0.15536312518297E+00
 0.15601341341552E+00
 0.15665212441407E+00
 0.15728026159077E+00
 0.15789664933962E+00
 0.15850255306280E+00
 0.15909901216826E+00
 0.15968449387086E+00
 0.16026145793122E+00
 0.16082871781795E+00
 0.16138594377853E+00
 0.16193446856379E+00
 0.16247563682296E+00
 0.16300935911109E+00
 0.16353106984969E+00
 0.16404648072986E+00
 0.16455527641970E+00
 0.16505665641172E+00
 0.16554847690202E+00
 0.16603456489091E+00
 0.16651388951323E+00
 0.16698516399189E+00
 0.16745148647464E+00
 0.16790945633285E+00
 0.16836216260743E+00
 0.16880681631080E+00
 0.16924634392600E+00
 0.16967967054832E+00
 0.17010879525735E+00
 0.17052995668934E+00
 0.17094447271971E+00
 0.17135928336246E+00
 0.17176414341627E+00
 0.17216473045109E+00
 0.17256012384887E+00
 0.17295224790372E+00
 0.17333432875385E+00
 0.17371327626658E+00
 0.17409238671266E+00
 0.17446456131748E+00
 0.17483040988588E+00
 0.17519173718554E+00
 0.17554962310146E+00
 0.17590094715524E+00
 0.17625324816105E+00
 0.17659777234032E+00
 0.17693596196183E+00
 0.17727362043725E+00
 0.17760713348615E+00
 0.17793681054081E+00
 0.17826102878167E+00
 0.17858728621701E+00
 0.17890037545909E+00
 0.17921497522360E+00
 0.17952949780181E+00
 0.17983631438238E+00
 0.18014025680184E+00
 0.18043928348409E+00
 0.18074242129236E+00
