 0.00000000000000E+00
 0.00000000000000E+00
-0.37580412829873E-26
 0.11334068065746E-25
 0.37580412829873E-26
-0.44746052282342E-25
-0.84637545223913E-24
-0.16894456725867E-22
-0.14248382508657E-21
-0.72828423851249E-21
-0.32878558153593E-20
-0.81326080609328E-20
-0.74118151134115E-06
 0.76587863619836E-06
-0.76049821620298E-06
-0.11322773812634E-05
 0.48396091251318E-06
 0.80533890403703E-06
-0.37939651239076E-05
 0.30406795652584E-06
-0.32126845177301E-05
 0.23058770587975E-05
-0.18308793188677E-06
 0.44825378914196E-06
 0.63446658763589E-06
-0.22250517494451E-05
 0.22302235598416E-05
-0.90215251035323E-08
-0.22084597376612E-05
 0.13917660736994E-05
 0.18637750747713E-05
-0.23065856606073E-05
-0.21825528526892E-05
-0.14227102062747E-05
-0.10185962810340E-05
-0.34212472143846E-05
 0.25224299021204E-05
 0.26138742527438E-05
 0.31154574380518E-05
 0.77206179339749E-06
 0.84518042380280E-06
-0.34336064874780E-05
-0.25715027826102E-05
 0.15724225063537E-05
-0.25013714972393E-05
 0.10454290360623E-05
-0.12711304471045E-05
 0.16607762736500E-05
-0.91325726656799E-06
-0.33465891323742E-05
-0.18188232182830E-05
-0.38206678002268E-05
-0.22394990682675E-05
-0.38893262218257E-05
-0.14027070753261E-05
 0.11898910934321E-05
-0.65810464100688E-06
-0.32266612962630E-05
 0.39490423341535E-05
 0.96789278846088E-06
 0.46894925988142E-05
 0.13196820441137E-05
 0.51523461779714E-05
 0.60336167823683E-05
 0.81071569447264E-05
 0.39012102703588E-05
 0.45808954457299E-05
 0.86597924694569E-05
 0.12497011459117E-04
 0.15462048788602E-04
 0.15682793059778E-04
 0.11716913975643E-04
 0.21007986462437E-04
 0.22748431277320E-04
 0.21644508163043E-04
 0.28265892288891E-04
 0.34247794044641E-04
 0.32750509655258E-04
 0.41001455578460E-04
 0.48512817198320E-04
 0.56436787718402E-04
 0.62879788460841E-04
 0.70423335004560E-04
 0.68916719706243E-04
 0.87436397519718E-04
 0.10265128778985E-03
 0.10474557875759E-03
 0.12154717029277E-03
 0.13839421042982E-03
 0.15167462223261E-03
 0.16149003589844E-03
 0.19306656890763E-03
 0.19973919373609E-03
 0.23392426510705E-03
 0.24652292586892E-03
 0.26277002869693E-03
 0.30280405798168E-03
 0.34403724246357E-03
 0.37062796193084E-03
 0.38759545978874E-03
 0.43069303809467E-03
 0.47296053407878E-03
 0.50619057023223E-03
 0.56659429551129E-03
 0.60819785601676E-03
 0.67478892971759E-03
 0.72860506977347E-03
 0.80819403572420E-03
 0.85641907993139E-03
 0.91913690434624E-03
 0.98109955720893E-03
 0.10833657974988E-02
 0.11802266019324E-02
 0.12501880869075E-02
 0.13907695155047E-02
 0.14960495973250E-02
 0.15656893131228E-02
 0.16900809950289E-02
 0.18111775922198E-02
 0.19476417763617E-02
 0.21223297285489E-02
 0.22671465247854E-02
 0.24717865438355E-02
 0.26274541423434E-02
 0.28607373561899E-02
 0.29708356656113E-02
 0.32534096974412E-02
 0.34475132303967E-02
 0.37066305955025E-02
 0.39760269206508E-02
 0.42572882925503E-02
 0.44836953121604E-02
 0.47823820904270E-02
 0.51308038537294E-02
 0.54296156867480E-02
 0.57306020415725E-02
 0.61932873212138E-02
 0.65698403845981E-02
 0.69830985381567E-02
 0.74175772889905E-02
 0.78272483004473E-02
 0.83979645467122E-02
 0.89368433412790E-02
 0.94451069096141E-02
 0.99989457012231E-02
 0.10791283871553E-01
 0.11207086578801E-01
 0.12097657391305E-01
 0.12746158552303E-01
 0.13533958915705E-01
 0.14081084666753E-01
 0.15152994065259E-01
 0.15860962361894E-01
 0.17158394757945E-01
 0.17891016639252E-01
 0.18833419155072E-01
 0.20187149645215E-01
 0.21049753679076E-01
 0.22179318848231E-01
 0.23353437967129E-01
 0.24507345673206E-01
 0.26067474110248E-01
 0.26954259402596E-01
 0.28765883798749E-01
 0.29656175203145E-01
 0.30743858494271E-01
 0.32281604616259E-01
 0.33475336393758E-01
 0.34862910190949E-01
 0.36153620119862E-01
 0.37251645185045E-01
 0.38279786700849E-01
 0.39631846329974E-01
 0.40225804992573E-01
 0.41232402269582E-01
 0.42362492034047E-01
 0.42415913127021E-01
 0.42927139764926E-01
 0.43548391005206E-01
 0.43800562274122E-01
 0.44800009931340E-01
 0.44702825207507E-01
 0.44450859901063E-01
 0.45155663168470E-01
 0.44713405552697E-01
 0.45592890835753E-01
 0.45405025065791E-01
 0.44976836500021E-01
 0.44873600161774E-01
 0.43401639517205E-01
 0.44308325210870E-01
 0.43793442020560E-01
 0.44158162991555E-01
 0.43877797926028E-01
 0.44218760877493E-01
 0.41784861301104E-01
 0.41737323536344E-01
 0.42054983045128E-01
 0.43114824703744E-01
 0.41464347550915E-01
 0.39361202058575E-01
 0.37491906795601E-01
 0.39460289622325E-01
 0.38675320727900E-01
 0.36804945009783E-01
 0.38100258870808E-01
 0.35814345133883E-01
 0.35384256338594E-01
 0.35920753614507E-01
 0.34686131795680E-01
 0.34107227466925E-01
 0.33434585230123E-01
 0.33639490380009E-01
 0.33043264572183E-01
 0.32413507287975E-01
 0.31666476164248E-01
 0.31450455035680E-01
 0.30556493308594E-01
 0.30496763347000E-01
 0.30348931928795E-01
 0.30042216723390E-01
 0.29685990405289E-01
 0.29521592312075E-01
 0.28983429854705E-01
 0.28522087333593E-01
 0.27997298904741E-01
 0.27968518528212E-01
 0.27729439157173E-01
 0.27258752447459E-01
 0.27418906564528E-01
 0.26974315410179E-01
 0.26779139147162E-01
 0.26388387255915E-01
 0.26368627556589E-01
 0.25997672501747E-01
 0.25875728287380E-01
 0.25611630640451E-01
 0.25453496773996E-01
 0.25315554502023E-01
 0.25123079138668E-01
 0.24899853714208E-01
 0.24777739996885E-01
 0.24649542288634E-01
 0.24529908300833E-01
 0.24257478102194E-01
 0.24205744086312E-01
 0.24147822669794E-01
 0.23942708923918E-01
 0.23880331011088E-01
 0.23706947408658E-01
 0.23519735980169E-01
 0.23542132217296E-01
 0.23563675797230E-01
 0.23280637706550E-01
 0.22708983686234E-01
 0.23095060928882E-01
 0.23007124008593E-01
 0.22821498162422E-01
 0.22569761151341E-01
 0.22670388279140E-01
 0.22520756797747E-01
 0.22241583053679E-01
 0.22375328293211E-01
 0.21987740007049E-01
 0.21988637227718E-01
 0.21792332679789E-01
 0.21895667054869E-01
 0.22050909770834E-01
 0.22143834250945E-01
 0.21666646506998E-01
 0.21952562902559E-01
 0.22257200337216E-01
 0.21334804609364E-01
 0.21306414639704E-01
 0.21404443050248E-01
 0.21393783259665E-01
 0.20615963093844E-01
 0.21504227324084E-01
 0.22015506567126E-01
 0.20967510543642E-01
 0.20583175378349E-01
 0.20653424656475E-01
 0.21151599079206E-01
 0.20889315626832E-01
 0.21069074493282E-01
 0.20491188660137E-01
 0.20390868243031E-01
 0.21273850734707E-01
 0.21078644043714E-01
 0.20822537971528E-01
 0.20965413969216E-01
 0.21028850309820E-01
 0.19836116451856E-01
 0.21252854128447E-01
 0.21213070122141E-01
 0.20134835247106E-01
 0.20382282744357E-01
 0.20478427340028E-01
 0.20811703526044E-01
 0.19270135720481E-01
