 0.00000000000000E+00
 0.00000000000000E+00
-0.21007829129122E-25
-0.88626779138484E-26
 0.13867999741508E-25
 0.10291475843031E-24
 0.64690377802951E-24
 0.91773527701153E-23
 0.13521327723439E-21
-0.74319636507634E-12
 0.51973187731426E-11
-0.59002742515297E-11
 0.56238345302605E-05
-0.46367299208914E-05
-0.22341934499991E-05
-0.24591156990003E-05
-0.23787248885821E-05
-0.34466852799256E-05
 0.44142405043798E-05
-0.10557412369236E-05
-0.94370067609706E-06
 0.50952347459431E-06
 0.64359932993395E-06
-0.89074430139392E-06
 0.45896670530954E-06
-0.80625580492051E-06
 0.10108956742748E-05
 0.18004000425422E-06
-0.51125371612530E-07
 0.70155551232940E-06
-0.62720939844535E-06
 0.40230094658184E-08
 0.25453983159647E-06
-0.35584715375397E-06
 0.57941297090527E-07
-0.14477335423168E-06
-0.33964816069044E-06
-0.23093094942681E-06
 0.58535959194221E-06
 0.11944439073393E-06
-0.22553079674005E-06
 0.71738164228196E-07
 0.57463995060357E-06
 0.37300286016109E-06
 0.67462175357162E-06
 0.74988981413381E-06
 0.11713746917021E-05
 0.14035399773355E-05
 0.18698687691862E-05
 0.23581055151399E-05
 0.32056775883161E-05
 0.39776946223289E-05
 0.51282353321041E-05
 0.62495356885584E-05
 0.76385366544622E-05
 0.92770987678379E-05
 0.11289502367138E-04
 0.13636280507562E-04
 0.16200819636819E-04
 0.19263067227399E-04
 0.22845615592056E-04
 0.26822668204542E-04
 0.31405068977915E-04
 0.36575428660497E-04
 0.42447916246782E-04
 0.49077018490499E-04
 0.56393510962816E-04
 0.64690480576063E-04
 0.73992084203806E-04
 0.84147425012806E-04
 0.95494762095637E-04
 0.10800839080817E-03
 0.12165439305355E-03
 0.13676026155760E-03
 0.15338509430489E-03
 0.17147997416030E-03
 0.19120157453995E-03
 0.21264849594826E-03
 0.23601525194646E-03
 0.26154010489834E-03
 0.28897903364843E-03
 0.31886387196280E-03
 0.35091721206805E-03
 0.38560653023973E-03
 0.42288899524475E-03
 0.46308483627694E-03
 0.50619837032100E-03
 0.55236685336799E-03
 0.60196935887252E-03
 0.65502054758411E-03
 0.71177207484810E-03
 0.77224695572322E-03
 0.83688065537335E-03
 0.90578285239582E-03
 0.97910503796202E-03
 0.10572968423685E-02
 0.11403320526671E-02
 0.12284355159004E-02
 0.13220775493406E-02
 0.14214366012122E-02
 0.15269169579759E-02
 0.16382285809958E-02
 0.17566311280220E-02
 0.18817649475600E-02
 0.20139326416040E-02
 0.21538974009677E-02
 0.23016968322670E-02
 0.24578198225018E-02
 0.26225674057149E-02
 0.27964594273991E-02
 0.29797928451572E-02
 0.31732870670721E-02
 0.33771109226660E-02
 0.35916745252130E-02
 0.38180992944818E-02
 0.40560796240111E-02
 0.43068829153408E-02
 0.45705704216911E-02
 0.48477607588266E-02
 0.51396140001578E-02
 0.54462322432298E-02
 0.57684411620922E-02
 0.61074976806036E-02
 0.64636947653552E-02
 0.68378512525811E-02
 0.72304800974073E-02
 0.76429948942873E-02
 0.80764211414383E-02
 0.85313963172922E-02
 0.90089701913553E-02
 0.95099365771997E-02
 0.10035748704049E-01
 0.10587763533869E-01
 0.11167083936802E-01
 0.11774256755594E-01
 0.12411675531142E-01
 0.13080676693612E-01
 0.13781843367384E-01
 0.14517264218359E-01
 0.15289147852247E-01
 0.16098183442775E-01
 0.16947168637982E-01
 0.17837057097205E-01
 0.18770589926598E-01
 0.19748718078484E-01
 0.20775208910805E-01
 0.21851293327322E-01
 0.22979677539038E-01
 0.24162550149954E-01
 0.25402502297361E-01
 0.26701878446916E-01
 0.28064475508808E-01
 0.29491084862295E-01
 0.30986266595836E-01
 0.32551313767083E-01
 0.34191044836771E-01
 0.35905413341641E-01
 0.37699368592560E-01
 0.39573093575724E-01
 0.41529289197103E-01
 0.43570226834115E-01
 0.45696114946176E-01
 0.47907903039213E-01
 0.50204563733195E-01
 0.52585737280469E-01
 0.55049211375324E-01
 0.57589524012446E-01
 0.60203290413765E-01
 0.62883103395388E-01
 0.65621618096400E-01
 0.68411128058840E-01
 0.71243122416630E-01
 0.74105295474260E-01
 0.76986657536806E-01
 0.79876511162632E-01
 0.82763139929606E-01
 0.85635599426219E-01
 0.88481768974225E-01
 0.91291832961680E-01
 0.94056290788384E-01
 0.96766136605476E-01
 0.99413598786675E-01
 0.10198998891727E+00
 0.10449024925716E+00
 0.10691022544575E+00
 0.10924325849520E+00
 0.11148820408065E+00
 0.11364073939021E+00
 0.11570021899754E+00
 0.11766632692709E+00
 0.11953943880472E+00
 0.12131976415578E+00
 0.12300940330325E+00
 0.12460855374510E+00
 0.12612266966332E+00
 0.12755069184402E+00
 0.12889762387413E+00
 0.13016601364906E+00
 0.13135959606165E+00
 0.13248187936025E+00
 0.13353630638276E+00
 0.13452582590840E+00
 0.13545384403374E+00
 0.13632412368973E+00
 0.13713821628224E+00
 0.13790084345885E+00
 0.13861390371519E+00
 0.13927960330711E+00
 0.13990183627909E+00
 0.14048172832400E+00
 0.14102213751390E+00
 0.14152495841128E+00
 0.14199303080121E+00
 0.14242687840018E+00
 0.14282955451949E+00
 0.14320177996392E+00
 0.14354505509062E+00
 0.14386241853519E+00
 0.14415371948446E+00
 0.14442096241668E+00
 0.14466434981773E+00
 0.14488557179012E+00
 0.14508619424307E+00
 0.14526724889740E+00
 0.14542940012651E+00
 0.14557306804524E+00
 0.14569958944224E+00
 0.14581024594410E+00
 0.14590407349596E+00
 0.14598367737935E+00
 0.14604919656508E+00
 0.14610114800969E+00
 0.14613998758147E+00
 0.14616662106195E+00
 0.14618123747541E+00
 0.14618399968253E+00
 0.14617553890474E+00
 0.14615745987429E+00
 0.14612980609551E+00
 0.14609177902211E+00
 0.14604463812197E+00
 0.14598896252777E+00
 0.14592510882545E+00
 0.14585225032770E+00
 0.14577228849284E+00
 0.14568526729105E+00
 0.14559088957187E+00
 0.14548908321256E+00
 0.14538140570215E+00
 0.14526696384259E+00
 0.14514677118419E+00
 0.14502076734737E+00
 0.14488891147947E+00
 0.14475262768812E+00
 0.14461005351388E+00
 0.14446327770080E+00
 0.14431069550122E+00
 0.14415494440327E+00
 0.14399434690310E+00
 0.14382887264684E+00
 0.14366081437458E+00
 0.14348796647231E+00
 0.14331130916290E+00
 0.14313108214878E+00
 0.14294821159483E+00
 0.14276132985307E+00
 0.14257150142653E+00
 0.14237903623410E+00
 0.14218307923035E+00
 0.14198525790465E+00
 0.14178372083013E+00
 0.14158065664802E+00
 0.14137489032458E+00
 0.14116590109957E+00
 0.14095537747746E+00
 0.14074313999327E+00
 0.14052794931628E+00
 0.14031195690022E+00
 0.14009298557359E+00
 0.13987256890787E+00
 0.13965079261246E+00
 0.13942761046949E+00
 0.13920187091728E+00
 0.13897551951862E+00
 0.13874724424274E+00
 0.13851787326798E+00
 0.13828742410352E+00
 0.13805530624005E+00
 0.13782248702353E+00
 0.13758808502500E+00
 0.13735354920067E+00
 0.13711675474658E+00
 0.13687986921691E+00
 0.13664259478259E+00
 0.13640368402650E+00
 0.13616385677075E+00
 0.13592377926352E+00
 0.13568273294140E+00
 0.13544158426128E+00
 0.13519935612520E+00
