 0.00000000000000E+00
 0.00000000000000E+00
-0.36601036544260E-25
-0.20588083056146E-25
 0.97678954701054E-25
 0.25064074554131E-24
 0.65272756651714E-23
 0.88584951801508E-22
 0.62128358600729E-21
 0.66363740782752E-12
-0.80253040468089E-12
 0.29639697016400E-11
 0.13780337565453E-05
 0.43481228259408E-06
 0.20439726453906E-05
-0.13692748708257E-05
 0.31543938534326E-05
-0.57713485385300E-05
-0.17247692297614E-05
 0.15670920232997E-05
 0.12985832043876E-05
 0.15314830038553E-06
 0.24381104770031E-06
 0.64582944054602E-06
 0.17607310324151E-06
 0.12498074924917E-06
-0.13144347674650E-06
 0.33876655248398E-07
 0.32858110441292E-06
-0.69371816252615E-06
 0.34242408587325E-06
 0.10129146264994E-05
-0.31191145378246E-06
 0.62486104159442E-06
 0.11623610054656E-05
 0.63353116500533E-06
 0.12565575634572E-06
-0.66835321649209E-06
-0.10872610852681E-06
-0.14280127818170E-06
-0.40694547963852E-07
-0.88557556594969E-07
-0.15417155228601E-06
 0.55653499666246E-06
 0.41049623665285E-06
 0.10303789002172E-05
 0.15485885966986E-05
 0.16188370804635E-05
 0.20502848724039E-05
 0.30945220533155E-05
 0.30443057708714E-05
 0.42097848147372E-05
 0.48717108652778E-05
 0.65664071733716E-05
 0.75355982524428E-05
 0.93022293064233E-05
 0.11616005263231E-04
 0.13462940632239E-04
 0.16138560020249E-04
 0.19250507732198E-04
 0.22641311392290E-04
 0.26790661583355E-04
 0.31567668124170E-04
 0.36700562162364E-04
 0.42219687148916E-04
 0.49268385869693E-04
 0.56523194782102E-04
 0.65042092202068E-04
 0.73816375577244E-04
 0.84179402130028E-04
 0.95828508995820E-04
 0.10877251123694E-03
 0.12214590359530E-03
 0.13770404232097E-03
 0.15416732621632E-03
 0.17235892665037E-03
 0.19179470406696E-03
 0.21381127872304E-03
 0.23758156418407E-03
 0.26380104869364E-03
 0.29169577802527E-03
 0.32161854291324E-03
 0.35415745949272E-03
 0.38989195933274E-03
 0.42775192581376E-03
 0.46872349408305E-03
 0.51246093574960E-03
 0.56012806575507E-03
 0.61043798239723E-03
 0.66516722773591E-03
 0.72308106883396E-03
 0.78574172243475E-03
 0.85167871717740E-03
 0.92355574219516E-03
 0.99885557656395E-03
 0.10801355009235E-02
 0.11652507284555E-02
 0.12570198340078E-02
 0.13546195975465E-02
 0.14586274563299E-02
 0.15681047735150E-02
 0.16850037534546E-02
 0.18090743996073E-02
 0.19400931614778E-02
 0.20783669429701E-02
 0.22254438620004E-02
 0.23820843749736E-02
 0.25475924720945E-02
 0.27221055517625E-02
 0.29073328744226E-02
 0.31025917165837E-02
 0.33093079888040E-02
 0.35260659467397E-02
 0.37565656297550E-02
 0.40010060946916E-02
 0.42575430681991E-02
 0.45286050465102E-02
 0.48139338549530E-02
 0.51139436588737E-02
 0.54321954497810E-02
 0.57668176394254E-02
 0.61205971034899E-02
 0.64919256376695E-02
 0.68846037587642E-02
 0.72951959011550E-02
 0.77295697087279E-02
 0.81851666600673E-02
 0.86683037499040E-02
 0.91752508093771E-02
 0.97089765004355E-02
 0.10270859033242E-01
 0.10860489086239E-01
 0.11483985347819E-01
 0.12135649822397E-01
 0.12826159754214E-01
 0.13549517120154E-01
 0.14309557932503E-01
 0.15109492830756E-01
 0.15951771391361E-01
 0.16834630729128E-01
 0.17767035774359E-01
 0.18742127716103E-01
 0.19773042085382E-01
 0.20847584140604E-01
 0.21984669511452E-01
 0.23179077073057E-01
 0.24429399679001E-01
 0.25749149470885E-01
 0.27130297851547E-01
 0.28581792180105E-01
 0.30096577804270E-01
 0.31694766761455E-01
 0.33368955558991E-01
 0.35121249853412E-01
 0.36958850849517E-01
 0.38877755988490E-01
 0.40886323278071E-01
 0.42974803558765E-01
 0.45158065294547E-01
 0.47434023426061E-01
 0.49789704426136E-01
 0.52239071288924E-01
 0.54763083322471E-01
 0.57367846264947E-01
 0.60046904104267E-01
 0.62787556235930E-01
 0.65582054465899E-01
 0.68420728226679E-01
 0.71294963990752E-01
 0.74188902957968E-01
 0.77095722876033E-01
 0.79993621028824E-01
 0.82885777904189E-01
 0.85744538021736E-01
 0.88571553636312E-01
 0.91353281736049E-01
 0.94078907498689E-01
 0.96733756406603E-01
 0.99325560713932E-01
 0.10184001322977E+00
 0.10427084695786E+00
 0.10661159462719E+00
 0.10887420633570E+00
 0.11104380607007E+00
 0.11311217461667E+00
 0.11509068539026E+00
 0.11696793216954E+00
 0.11876750970722E+00
 0.12048165815061E+00
 0.12211998912445E+00
 0.12367381593910E+00
 0.12517595790339E+00
 0.12659957547721E+00
 0.12795398154588E+00
 0.12925539332992E+00
 0.13050082129756E+00
 0.13170464186595E+00
 0.13286399492429E+00
 0.13399712474047E+00
 0.13508804687141E+00
 0.13615077136790E+00
 0.13717856720601E+00
 0.13817901551877E+00
 0.13915135698588E+00
 0.14011161399230E+00
 0.14104117540945E+00
 0.14195614483920E+00
 0.14284964380924E+00
 0.14372070511174E+00
 0.14457580659042E+00
 0.14541683882129E+00
 0.14623920521394E+00
 0.14703880130315E+00
 0.14783590818044E+00
 0.14861356454674E+00
 0.14938040576265E+00
 0.15012394538851E+00
 0.15086830976206E+00
 0.15159106694173E+00
 0.15230320091810E+00
 0.15300314116082E+00
 0.15369409178544E+00
 0.15436410057014E+00
 0.15503094313011E+00
 0.15568884510564E+00
 0.15632884593139E+00
 0.15695847336123E+00
 0.15758646468173E+00
 0.15819774375364E+00
 0.15880189972214E+00
 0.15939020113703E+00
 0.15998004354543E+00
 0.16055238501064E+00
 0.16112503451488E+00
 0.16167943067602E+00
 0.16222889140657E+00
 0.16277492213532E+00
 0.16330452803929E+00
 0.16383323043035E+00
 0.16435053027039E+00
 0.16485755831531E+00
 0.16535929070129E+00
 0.16584950701860E+00
 0.16633908088365E+00
 0.16682460821010E+00
 0.16730195859096E+00
 0.16776811816532E+00
 0.16823740273028E+00
 0.16868765927565E+00
 0.16913111221868E+00
 0.16957624452855E+00
 0.17001849803901E+00
 0.17045230196134E+00
 0.17087698289874E+00
 0.17129562650917E+00
 0.17171380596823E+00
 0.17212828751173E+00
 0.17252965404602E+00
 0.17292393496078E+00
 0.17331624340900E+00
 0.17371063636147E+00
 0.17409795652321E+00
 0.17446998121246E+00
 0.17484248047807E+00
 0.17521321736551E+00
 0.17558763104556E+00
 0.17594778830724E+00
 0.17630266421908E+00
 0.17665182926311E+00
 0.17699975586993E+00
 0.17734540326060E+00
 0.17769494919599E+00
 0.17802097729964E+00
 0.17834995191300E+00
 0.17868595378358E+00
 0.17900731099942E+00
 0.17932933812443E+00
 0.17965056438735E+00
 0.17996466083296E+00
 0.18027473407366E+00
 0.18057804656707E+00
 0.18088354913340E+00
 0.18118211865760E+00
 0.18148100703532E+00
 0.18177715180458E+00
 0.18207315728878E+00
 0.18235962948945E+00
 0.18263561567680E+00
 0.18291872043818E+00
 0.18319736395699E+00
 0.18347037246299E+00
 0.18374244260628E+00
 0.18401521919172E+00
 0.18427566455269E+00
 0.18454571181286E+00
 0.18480963047107E+00
 0.18506544351157E+00
 0.18531902154795E+00
 0.18557945571057E+00
 0.18583062301136E+00
