 0.00000000000000E+00
 0.00000000000000E+00
 0.82501722024981E-27
 0.61876291518736E-27
-0.28682841675975E-26
-0.16901287353155E-25
-0.15903776545868E-24
-0.45241168599628E-23
-0.10106229634821E-21
 0.57148169627174E-12
-0.28381907868983E-11
 0.64596800512300E-11
-0.37530778050799E-05
 0.16817737290485E-05
 0.24069216984719E-05
 0.45189152230621E-05
 0.34399692601571E-05
 0.59126338391452E-05
-0.82992596355841E-05
 0.90120554478672E-06
 0.10031992918139E-05
-0.10483165238532E-05
-0.17111167834011E-05
 0.16128357849571E-05
-0.13375869097889E-05
 0.13120500753840E-05
-0.29933238340648E-05
-0.16592514568811E-05
-0.32887230684419E-06
-0.37897215502276E-05
 0.32680413194313E-05
 0.57325000966390E-06
-0.48125638144237E-07
 0.15883462868628E-05
-0.46250837571848E-06
 0.77004105963450E-06
 0.14833541590395E-05
 0.14636404313359E-05
-0.37112709922885E-05
-0.22930029225851E-06
 0.32566763377078E-05
 0.17563138584352E-05
-0.61120790187422E-06
 0.95917032402381E-06
 0.44537064523932E-06
 0.14990686157502E-05
 0.12649929307818E-05
 0.33119955454818E-05
 0.37792811905315E-05
 0.44605135675129E-05
 0.35666974859140E-05
 0.40865109290886E-05
 0.42120111234707E-05
 0.57209426674901E-05
 0.76914417025100E-05
 0.10775458208084E-04
 0.10591002244038E-04
 0.12879758935416E-04
 0.16937439236872E-04
 0.20219250942386E-04
 0.22164867974280E-04
 0.26143712503200E-04
 0.31453341844577E-04
 0.36865704804282E-04
 0.43830498968541E-04
 0.48622220865308E-04
 0.58244928486119E-04
 0.65311671899767E-04
 0.72525091471718E-04
 0.83628116476375E-04
 0.94653274488930E-04
 0.10580104972246E-03
 0.12275975327429E-03
 0.13756634785389E-03
 0.15245113481238E-03
 0.17003478584843E-03
 0.18994255916512E-03
 0.21303836969844E-03
 0.23718447484296E-03
 0.25876153782198E-03
 0.28858623418789E-03
 0.31600690481747E-03
 0.35108486455043E-03
 0.38594613355231E-03
 0.42532264264515E-03
 0.46451297410688E-03
 0.50676063757893E-03
 0.55547252899474E-03
 0.60315334864652E-03
 0.65845353023144E-03
 0.71271862869878E-03
 0.77748146057444E-03
 0.84357365823117E-03
 0.91056588924092E-03
 0.98699412419537E-03
 0.10602860940240E-02
 0.11427108201604E-02
 0.12395578628011E-02
 0.13327787953054E-02
 0.14319551852398E-02
 0.15304940798265E-02
 0.16581502985698E-02
 0.17734079249419E-02
 0.18964748431797E-02
 0.20367700044598E-02
 0.21763804306823E-02
 0.23246344591257E-02
 0.24823039633686E-02
 0.26527274469505E-02
 0.28325233272904E-02
 0.30260055339039E-02
 0.32159070239472E-02
 0.34262034314284E-02
 0.36512845106893E-02
 0.38722183431020E-02
 0.41286674848014E-02
 0.43701401407681E-02
 0.46468980020957E-02
 0.49456355399411E-02
 0.52399835480678E-02
 0.55658315751493E-02
 0.59149240043306E-02
 0.62623557246588E-02
 0.66262233368019E-02
 0.70123595120883E-02
 0.74497535387342E-02
 0.78854562188132E-02
 0.83320611051596E-02
 0.88024991155573E-02
 0.92982009588189E-02
 0.98382645867374E-02
 0.10418673369550E-01
 0.10986770479674E-01
 0.11582355581438E-01
 0.12267576235099E-01
 0.12949058434172E-01
 0.13643355185249E-01
 0.14410304910124E-01
 0.15222895041656E-01
 0.16032205209548E-01
 0.16912765540228E-01
 0.17786854886088E-01
 0.18781508868672E-01
 0.19759324281684E-01
 0.20868165769845E-01
 0.21948670324771E-01
 0.23093290449912E-01
 0.24304623187354E-01
 0.25560701047916E-01
 0.26880177423914E-01
 0.28266266080619E-01
 0.29652662920865E-01
 0.31192871369534E-01
 0.32706240879003E-01
 0.34363814023739E-01
 0.35902698031417E-01
 0.37660810765209E-01
 0.39337823282893E-01
 0.41147440381349E-01
 0.43075332439040E-01
 0.44873166162828E-01
 0.46766729149757E-01
 0.48616734158243E-01
 0.50545759293432E-01
 0.52300952269832E-01
 0.53947418675843E-01
 0.55606919806771E-01
 0.57097754568843E-01
 0.58591952843479E-01
 0.60048172583061E-01
 0.61332196907983E-01
 0.62237267293834E-01
 0.63077880711706E-01
 0.63830496413499E-01
 0.64378236851299E-01
 0.64730361425427E-01
 0.64812798501970E-01
 0.64808863702865E-01
 0.64686620401384E-01
 0.64383031326823E-01
 0.63825295088183E-01
 0.63040103657976E-01
 0.62313213383613E-01
 0.61447436730915E-01
 0.60153177401298E-01
 0.59020088900932E-01
 0.57551298400330E-01
 0.56252396229411E-01
 0.54936937085209E-01
 0.53589980222795E-01
 0.52080712426062E-01
 0.50761513044342E-01
 0.49263879031736E-01
 0.47949527224687E-01
 0.46431805632568E-01
 0.45171904144687E-01
 0.43950513220105E-01
 0.42807579968689E-01
 0.41732847480159E-01
 0.40648294876883E-01
 0.39580760603729E-01
 0.38640301993932E-01
 0.37770731551329E-01
 0.36773365056147E-01
 0.36063022002002E-01
 0.35246519279877E-01
 0.34486275379769E-01
 0.33815560738508E-01
 0.33099961339593E-01
 0.32492815183092E-01
 0.31924071664995E-01
 0.31369589574247E-01
 0.30721799628842E-01
 0.30239861205437E-01
 0.29683836937560E-01
 0.29277003104404E-01
 0.28904649988606E-01
 0.28365429208869E-01
 0.27900772290315E-01
 0.27421787304769E-01
 0.27136992962291E-01
 0.26812761248767E-01
 0.26451073965942E-01
 0.26059773284899E-01
 0.25712932734384E-01
 0.25427029860366E-01
 0.25195664106852E-01
 0.24733233365232E-01
 0.24622617865447E-01
 0.24392838766930E-01
 0.24078769727266E-01
 0.23767406030811E-01
 0.23536511419018E-01
 0.23216466232042E-01
 0.22973179937588E-01
 0.22749500708035E-01
 0.22720778003516E-01
 0.22511645422994E-01
 0.22095884949146E-01
 0.21975634035898E-01
 0.21842076822064E-01
 0.21593239539392E-01
 0.21282014174248E-01
 0.21241222992617E-01
 0.21079090213027E-01
 0.20788418217158E-01
 0.20620066974023E-01
 0.20485536358476E-01
 0.20299155010111E-01
 0.20176292615398E-01
 0.19976428389832E-01
 0.19818559923470E-01
 0.19710588524542E-01
 0.19443592831332E-01
 0.19447012145248E-01
 0.19254638648757E-01
 0.19279450114925E-01
 0.18957456968091E-01
 0.18860463248711E-01
 0.18966844109670E-01
 0.18515871628116E-01
 0.18432715001529E-01
 0.18422177097291E-01
 0.18388959902146E-01
 0.18166554494174E-01
 0.18076166490715E-01
 0.17986713013510E-01
 0.17809917838473E-01
 0.17827154718508E-01
 0.17503125108907E-01
 0.17588244249618E-01
 0.17310719774586E-01
 0.17127303921501E-01
 0.17269009899005E-01
 0.17107355633948E-01
 0.16921880718231E-01
 0.16959779116423E-01
 0.16607169614924E-01
 0.16635340352807E-01
 0.16624069341876E-01
 0.16353669866604E-01
 0.16219434644309E-01
 0.16365089518813E-01
 0.16142872226092E-01
 0.16067410966505E-01
 0.16026988846662E-01
 0.15865671759817E-01
 0.15893163217539E-01
 0.15751262790280E-01
 0.15801797219221E-01
 0.15405270307339E-01
 0.15597377481665E-01
 0.15491340185777E-01
 0.15178915091799E-01
 0.15142370745409E-01
 0.15291751935459E-01
 0.15130951050443E-01
 0.15128015121660E-01
 0.14896795826122E-01
 0.14922037693658E-01
