 0.00000000000000E+00
 0.00000000000000E+00
 0.13114454959843E-26
 0.13114454959843E-26
-0.95904480442530E-26
-0.34834566990267E-25
-0.12695950978744E-23
-0.21763545817943E-22
-0.20057790016100E-21
-0.37820647175242E-12
 0.82844743869343E-12
-0.11688397763912E-11
-0.96682887158437E-07
-0.59425331188348E-06
-0.20518291811613E-05
 0.11847452201576E-05
-0.36837145929699E-05
 0.78047883245202E-05
 0.34005114978929E-05
-0.25604987777083E-05
-0.26157969017089E-05
-0.22300918910459E-05
-0.10699177074336E-05
-0.11639293514814E-05
 0.10332433863963E-05
-0.36292444500540E-06
-0.72288311793993E-07
-0.43037869819593E-07
 0.11143110624946E-06
 0.14759665407159E-05
-0.14019776141217E-05
-0.42887484466909E-05
-0.12771482238718E-06
-0.30252565041008E-05
-0.55392598172291E-05
-0.20766927766061E-05
-0.31964881364377E-06
 0.37121319180276E-05
 0.65573275035582E-06
 0.86599862701009E-06
 0.17695937669855E-05
 0.31647999334194E-05
 0.50349490419147E-05
 0.15377795212482E-05
 0.19375436926614E-05
-0.42925972935645E-06
-0.18139785162859E-05
 0.50391687738764E-06
 0.16755153149321E-05
-0.29346681770919E-05
 0.51290872649284E-05
 0.20347544165048E-05
 0.50656492214728E-05
 0.26023872752405E-05
 0.84656239974079E-05
 0.98443436121885E-05
 0.85566932880208E-05
 0.13377146561555E-04
 0.17809723583707E-04
 0.19965134244276E-04
 0.24897849054589E-04
 0.28334191807779E-04
 0.32299062376347E-04
 0.36035699399430E-04
 0.48650251668061E-04
 0.47758508057159E-04
 0.58147960287040E-04
 0.61366051139258E-04
 0.80256476707249E-04
 0.87897861951186E-04
 0.95259801037955E-04
 0.98959200146329E-04
 0.12522737360541E-03
 0.13302267890585E-03
 0.15406428933759E-03
 0.16950173895389E-03
 0.20250694502733E-03
 0.21858237026749E-03
 0.24637609585087E-03
 0.25978566162515E-03
 0.28758487510911E-03
 0.32742869524144E-03
 0.36312547964003E-03
 0.38396807981887E-03
 0.42497685856647E-03
 0.46676042932556E-03
 0.51967257503352E-03
 0.55803863335989E-03
 0.62044264525609E-03
 0.66253260127273E-03
 0.73219523217397E-03
 0.78301809848643E-03
 0.86798169128159E-03
 0.91592152359228E-03
 0.10087918921017E-02
 0.10706741361883E-02
 0.11828839425609E-02
 0.12718535142073E-02
 0.13528321212401E-02
 0.14462316297275E-02
 0.15846769811356E-02
 0.16892233788127E-02
 0.18178914426672E-02
 0.19541583612356E-02
 0.21329933308663E-02
 0.23085743502181E-02
 0.24298036785330E-02
 0.25898678936301E-02
 0.27899032254346E-02
 0.29822048609897E-02
 0.31650603057976E-02
 0.33737668812815E-02
 0.36697586684147E-02
 0.39113552369009E-02
 0.41110050846711E-02
 0.43777199375660E-02
 0.46615031112017E-02
 0.49648846303892E-02
 0.53676006986028E-02
 0.56490068594484E-02
 0.60305715584474E-02
 0.63721524982133E-02
 0.68050019999719E-02
 0.71512054136904E-02
 0.76962547680705E-02
 0.81797659384723E-02
 0.87807091326820E-02
 0.92117561227708E-02
 0.97643206751658E-02
 0.10363773049214E-01
 0.10924298100265E-01
 0.11704957825658E-01
 0.12285148271642E-01
 0.13126179831526E-01
 0.13714524760396E-01
 0.14557381174824E-01
 0.15491034621087E-01
 0.16367319973431E-01
 0.17259636824568E-01
 0.18426270008842E-01
 0.19313211899496E-01
 0.20678734750107E-01
 0.21603683898728E-01
 0.23218297889140E-01
 0.24258715035314E-01
 0.25517563039950E-01
 0.27176145216575E-01
 0.28370372580036E-01
 0.29886354286669E-01
 0.31279955352289E-01
 0.33674937361828E-01
 0.35108101536459E-01
 0.36845953935716E-01
 0.38889499218550E-01
 0.40668034661285E-01
 0.42717083277227E-01
 0.44476469975717E-01
 0.47127944609362E-01
 0.49195889970547E-01
 0.50808914313103E-01
 0.53188281493522E-01
 0.54612828792660E-01
 0.56703432595799E-01
 0.58515193795490E-01
 0.59640340088424E-01
 0.61070117796984E-01
 0.62378054399521E-01
 0.63620999624844E-01
 0.64106663822140E-01
 0.65023380155854E-01
 0.65359483061954E-01
 0.65987560400644E-01
 0.65252981513281E-01
 0.65283648863721E-01
 0.64543387686865E-01
 0.63404119275329E-01
 0.62041349450789E-01
 0.61526880726056E-01
 0.59387625874700E-01
 0.57303949946637E-01
 0.55332732824850E-01
 0.54004296672229E-01
 0.50092249789913E-01
 0.46315599204149E-01
 0.43827315768257E-01
 0.41280731116980E-01
 0.40571927353473E-01
 0.38474183033744E-01
 0.36900320662678E-01
 0.34403585174154E-01
 0.32968144775742E-01
 0.29180967605935E-01
 0.27368323385567E-01
 0.27096119139467E-01
 0.25863725460915E-01
 0.25788764742614E-01
 0.25462379914337E-01
 0.25490458449499E-01
 0.23808692902151E-01
 0.23584227482898E-01
 0.22681545807873E-01
 0.23080229505337E-01
 0.23241804378882E-01
 0.24244848854624E-01
 0.22979620461500E-01
 0.23385163533994E-01
 0.22560563930987E-01
 0.22602882941460E-01
 0.22856808584719E-01
 0.23019161654354E-01
 0.22353036772424E-01
 0.22495139686450E-01
 0.24135467207616E-01
 0.23360999560581E-01
 0.22916489123183E-01
 0.22602404753511E-01
 0.24039544505197E-01
 0.22309192700491E-01
 0.22933792865895E-01
 0.22484162288973E-01
 0.22296703199002E-01
 0.21751873478498E-01
 0.23203939559287E-01
 0.23239254645015E-01
 0.22046556653674E-01
 0.22154556548782E-01
 0.23198082191542E-01
 0.21698272570573E-01
 0.22062039599015E-01
 0.22289411706625E-01
 0.23400679321318E-01
 0.21839576360896E-01
 0.22496805653780E-01
 0.21253858682611E-01
 0.21861907426850E-01
 0.21719045416793E-01
 0.20949765197944E-01
 0.21560832362366E-01
 0.20967720882372E-01
 0.20362532356874E-01
 0.21611130121545E-01
 0.21560701273903E-01
 0.23715260202506E-01
 0.23548117519942E-01
 0.22463238502270E-01
 0.21648447493994E-01
 0.21700358675634E-01
 0.20711340339884E-01
 0.21834113737882E-01
 0.22902296717234E-01
 0.22463722641787E-01
 0.21142130921765E-01
 0.20803992268687E-01
 0.21005002899446E-01
 0.21417116947112E-01
 0.20558042760559E-01
 0.19505880262184E-01
 0.19932615964161E-01
 0.21293203009862E-01
 0.21906053901214E-01
 0.20593960873905E-01
 0.19185555457131E-01
 0.21220963383942E-01
 0.22477864507215E-01
 0.21613039833901E-01
 0.19881109050159E-01
 0.20234174901969E-01
 0.20198322089938E-01
 0.21371055832151E-01
 0.21279543163074E-01
 0.21095180662609E-01
 0.18117966194432E-01
 0.21552284164210E-01
 0.22026076464274E-01
 0.20387830695911E-01
 0.21469817304335E-01
 0.20548611649964E-01
 0.19453876901917E-01
 0.19275295999078E-01
 0.18935587490726E-01
 0.21401928111029E-01
 0.20267051770518E-01
 0.20443906929474E-01
 0.19909351483990E-01
 0.19090557702315E-01
 0.17606063324509E-01
 0.18056850843642E-01
 0.19814189457144E-01
 0.20032948615743E-01
 0.19322140367511E-01
 0.20132786569128E-01
 0.20711440596894E-01
 0.19652416588892E-01
 0.22056814097329E-01
 0.19568826233449E-01
 0.18634403759029E-01
 0.19260192631541E-01
 0.21109271682291E-01
 0.18765084009176E-01
 0.18469129788977E-01
