 0.00000000000000E+00
 0.00000000000000E+00
 0.77308811195169E-25
-0.23453234856961E-25
-0.16698703218157E-25
 0.93812939427846E-25
 0.18904811583827E-23
 0.50658987291037E-23
 0.46385029342782E-22
-0.61481247983433E-22
 0.39637134021880E-11
 0.28076061141583E-11
-0.16501647011959E-05
-0.11042084690125E-05
-0.28865934189855E-06
 0.91588719669287E-06
 0.12776921645492E-05
 0.28538292771258E-05
-0.38895959094539E-06
-0.66938735130750E-06
-0.22403380595001E-05
-0.45044079796326E-06
-0.31954942254535E-06
-0.33013288096645E-06
 0.40269262457832E-06
-0.50969531567727E-06
-0.75866321340607E-06
-0.68211889246019E-06
 0.34951766197333E-06
 0.13600815779441E-06
 0.52272306903591E-06
-0.38245113800536E-06
 0.29217222534668E-06
 0.42827694948881E-07
-0.66403113397938E-07
 0.12122382939000E-06
 0.25259180254387E-06
 0.28585166458729E-06
-0.31525550916268E-06
 0.24306712406349E-06
-0.15232328722641E-07
 0.93383714040907E-07
 0.11521766493623E-06
 0.31448663715842E-07
 0.44059427569309E-06
 0.32117320419579E-06
 0.58752940111228E-06
 0.38765707196135E-06
 0.45421443126374E-06
 0.78392854763970E-06
 0.10003116517824E-05
 0.13941742450892E-05
 0.18640406071745E-05
 0.20202133844379E-05
 0.26797195193216E-05
 0.34167214430523E-05
 0.41362531630668E-05
 0.49883901577951E-05
 0.60757959681777E-05
 0.74080901227572E-05
 0.88817153833037E-05
 0.10636255172151E-04
 0.12576221837794E-04
 0.14932088426902E-04
 0.17495252651788E-04
 0.20561662270080E-04
 0.23889696828738E-04
 0.27756268666779E-04
 0.32119290072668E-04
 0.36970572471188E-04
 0.42411709050529E-04
 0.48463746418047E-04
 0.55225546459339E-04
 0.62680454783774E-04
 0.71038425297448E-04
 0.80181922256067E-04
 0.90209996647479E-04
 0.10126393003998E-03
 0.11347071585606E-03
 0.12672793766842E-03
 0.14128641503127E-03
 0.15704697662598E-03
 0.17427842030288E-03
 0.19312577267185E-03
 0.21341078589915E-03
 0.23542576889468E-03
 0.25921953541246E-03
 0.28484226750963E-03
 0.31258160465130E-03
 0.34236650104824E-03
 0.37451666197850E-03
 0.40887410243504E-03
 0.44593289391213E-03
 0.48552924058868E-03
 0.52790649036945E-03
 0.57314920627002E-03
 0.62164265286850E-03
 0.67340788144265E-03
 0.72862172768203E-03
 0.78747928104355E-03
 0.85011331515203E-03
 0.91672629790188E-03
 0.98763083119738E-03
 0.10627636173068E-02
 0.11426518629037E-02
 0.12274915627116E-02
 0.13174522235375E-02
 0.14128069736303E-02
 0.15137036231940E-02
 0.16206514384745E-02
 0.17335021087568E-02
 0.18529664997318E-02
 0.19794027451395E-02
 0.21129741595861E-02
 0.22539065873927E-02
 0.24027832533085E-02
 0.25597741961956E-02
 0.27252342462193E-02
 0.28998660039061E-02
 0.30839301282303E-02
 0.32778663291654E-02
 0.34820368498651E-02
 0.36971871264271E-02
 0.39236241893654E-02
 0.41618120729683E-02
 0.44124780168471E-02
 0.46759113171111E-02
 0.49532324731000E-02
 0.52447817744423E-02
 0.55512885280385E-02
 0.58735887653120E-02
 0.62119138732918E-02
 0.65670940457096E-02
 0.69411152349563E-02
 0.73334392886421E-02
 0.77452194359280E-02
 0.81776001531326E-02
 0.86320004878506E-02
 0.91088096281916E-02
 0.96094100677709E-02
 0.10134781523893E-01
 0.10685641315239E-01
 0.11264418775816E-01
 0.11871081634109E-01
 0.12507629831189E-01
 0.13175800996709E-01
 0.13876377890065E-01
 0.14611020761713E-01
 0.15381587605943E-01
 0.16190512476075E-01
 0.17037699923725E-01
 0.17926252127546E-01
 0.18857417024363E-01
 0.19832970108849E-01
 0.20855307215763E-01
 0.21926441502405E-01
 0.23047679979638E-01
 0.24220890849431E-01
 0.25448057455358E-01
 0.26730724106814E-01
 0.28070020704961E-01
 0.29467643226924E-01
 0.30924640507813E-01
 0.32440647353005E-01
 0.34016793374462E-01
 0.35650321834581E-01
 0.37342280682043E-01
 0.39090486536501E-01
 0.40890074741062E-01
 0.42739495727970E-01
 0.44633167611575E-01
 0.46565023225911E-01
 0.48530437652089E-01
 0.50522053464520E-01
 0.52533027734965E-01
 0.54555846260448E-01
 0.56583276738647E-01
 0.58607465157523E-01
 0.60622141457302E-01
 0.62620451877451E-01
 0.64596657918133E-01
 0.66544518327856E-01
 0.68458858092405E-01
 0.70336163556893E-01
 0.72172702318753E-01
 0.73963550159137E-01
 0.75708086613344E-01
 0.77403286288098E-01
 0.79047356744159E-01
 0.80639161113251E-01
 0.82177770563831E-01
 0.83661304517350E-01
 0.85090372694698E-01
 0.86464575989653E-01
 0.87785781423552E-01
 0.89052193138088E-01
 0.90264759619847E-01
 0.91425268954649E-01
 0.92530673809632E-01
 0.93585344021366E-01
 0.94588853017335E-01
 0.95544340678990E-01
 0.96452694860282E-01
 0.97313600619991E-01
 0.98129804767282E-01
 0.98901978014128E-01
 0.99632788751683E-01
 0.10032221050509E+00
 0.10097325951064E+00
 0.10158665944463E+00
 0.10216484284525E+00
 0.10270742460657E+00
 0.10321814075342E+00
 0.10369692066144E+00
 0.10414631553402E+00
 0.10456651751031E+00
 0.10495947981149E+00
 0.10532656966101E+00
 0.10566883372102E+00
 0.10598757326543E+00
 0.10628377541833E+00
 0.10655843473612E+00
 0.10681266641422E+00
 0.10704735863726E+00
 0.10726388260755E+00
 0.10746259756074E+00
 0.10764451653240E+00
 0.10781025709786E+00
 0.10796058128761E+00
 0.10809658558957E+00
 0.10821876660992E+00
 0.10832751001458E+00
 0.10842366478055E+00
 0.10850767229582E+00
 0.10858013222663E+00
 0.10864151350462E+00
 0.10869241541965E+00
 0.10873328678076E+00
 0.10876447207285E+00
 0.10878641532561E+00
 0.10879955415430E+00
 0.10880419595664E+00
 0.10880078395308E+00
 0.10878962496411E+00
 0.10877102138487E+00
 0.10874534767032E+00
 0.10871290799986E+00
 0.10867386071610E+00
 0.10862866041330E+00
 0.10857724404727E+00
 0.10852032121756E+00
 0.10845770661197E+00
 0.10838981568244E+00
 0.10831695475241E+00
 0.10823909607771E+00
 0.10815672394145E+00
 0.10806965565988E+00
 0.10797829566500E+00
 0.10788299099107E+00
 0.10778367562571E+00
 0.10768039177680E+00
 0.10757365425314E+00
 0.10746315047456E+00
 0.10734936486581E+00
 0.10723249757223E+00
 0.10711223929061E+00
 0.10698922487094E+00
 0.10686326493740E+00
 0.10673446372170E+00
 0.10660325243893E+00
 0.10646943417072E+00
 0.10633316273286E+00
 0.10619459372774E+00
 0.10605368047918E+00
 0.10591075149738E+00
 0.10576578365310E+00
 0.10561844713812E+00
 0.10546965065601E+00
 0.10531914190131E+00
 0.10516649804484E+00
 0.10501252722084E+00
 0.10485669152575E+00
 0.10469951244569E+00
 0.10454084794904E+00
 0.10438088794102E+00
 0.10421939729404E+00
 0.10405670444451E+00
 0.10389290935314E+00
 0.10372783440920E+00
 0.10356181332051E+00
 0.10339472187866E+00
 0.10322657396110E+00
 0.10305752804004E+00
 0.10288732840285E+00
 0.10271688995862E+00
 0.10254508951033E+00
 0.10237240490498E+00
 0.10219949297058E+00
 0.10202539354360E+00
 0.10185102120365E+00
