 0.00000000000000E+00
 0.00000000000000E+00
-0.37580412829873E-26
 0.11334068065746E-25
 0.37580412829873E-26
-0.44746052282342E-25
-0.84637545223913E-24
-0.16894456725867E-22
-0.14248382508657E-21
-0.72828423851249E-21
 0.19142080869190E-11
 0.10361187094148E-11
-0.90406896752339E-06
-0.11035016135406E-05
 0.10143891835612E-05
-0.11787266438653E-05
 0.16471296095682E-05
 0.36119135768178E-05
-0.48311105868182E-05
-0.37030064050295E-05
 0.14288518966384E-05
 0.87099548721120E-06
-0.42429426639974E-05
 0.30664740212737E-06
-0.12326158831791E-05
 0.13573012224905E-05
 0.15179101805921E-05
-0.44066077180059E-05
-0.27941504676913E-05
 0.25387419317781E-06
 0.16829065035873E-05
 0.91926742289106E-07
 0.27175463868000E-05
 0.12141364036534E-05
 0.43271272747467E-05
 0.72267307642416E-06
-0.15564996768487E-05
-0.30202907442106E-06
 0.20062033223297E-05
 0.16620839301571E-05
 0.34792977113443E-05
 0.83665605966612E-06
 0.15197718668625E-05
 0.20869018539173E-05
 0.18187032377094E-06
 0.75793972637276E-06
 0.86279823851627E-06
-0.28925128404365E-06
-0.29392425895872E-06
 0.11106010197676E-06
 0.52934740971137E-05
 0.66427205702281E-06
 0.10531694806508E-05
 0.35143202745114E-05
 0.69404010025734E-05
 0.59780786721820E-05
 0.62679914260313E-05
 0.77049156408716E-05
 0.55819608474327E-05
 0.10734782881238E-04
 0.52354122858611E-05
 0.88395056810902E-05
 0.13331336363221E-04
 0.14095781869989E-04
 0.15084925528851E-04
 0.21160438775603E-04
 0.24387096067873E-04
 0.26098753557528E-04
 0.29506541583817E-04
 0.39553272697908E-04
 0.45296175393213E-04
 0.49070822361764E-04
 0.58195455450580E-04
 0.64547031644051E-04
 0.75670255586132E-04
 0.81861434984152E-04
 0.92738629041892E-04
 0.95375823631871E-04
 0.11789171973399E-03
 0.13034628482954E-03
 0.14435411699410E-03
 0.16638547363449E-03
 0.17938256897180E-03
 0.19715183374861E-03
 0.22394355202818E-03
 0.25095754648805E-03
 0.27362109888377E-03
 0.29785629154083E-03
 0.33143557989682E-03
 0.35699931311023E-03
 0.39605071289789E-03
 0.43778097378855E-03
 0.47213424888350E-03
 0.50922021138186E-03
 0.55456115326577E-03
 0.59971236982614E-03
 0.65963031188024E-03
 0.72146603396745E-03
 0.78272784141926E-03
 0.84920274306514E-03
 0.93893902242238E-03
 0.99226179205290E-03
 0.10702536105857E-02
 0.11539051575908E-02
 0.12587447155145E-02
 0.13254772012838E-02
 0.14538115135618E-02
 0.15487720102429E-02
 0.16621648608005E-02
 0.17806319171047E-02
 0.19513316109866E-02
 0.20769326495404E-02
 0.22004709737715E-02
 0.23463432394324E-02
 0.25453096854789E-02
 0.27310820175943E-02
 0.29278249863428E-02
 0.31320755054381E-02
 0.32768065506165E-02
 0.35032443628408E-02
 0.37357309877416E-02
 0.40243782928399E-02
 0.43293270912543E-02
 0.46064900632352E-02
 0.47981944858745E-02
 0.51775458163255E-02
 0.55316469240501E-02
 0.58788662970125E-02
 0.62673407877925E-02
 0.66041194822523E-02
 0.69784938738246E-02
 0.75064761393297E-02
 0.79643317189926E-02
 0.83544047146322E-02
 0.88655832792432E-02
 0.94589744419591E-02
 0.99298215049001E-02
 0.10594142773623E-01
 0.11269537681130E-01
 0.11899208974325E-01
 0.12669849621666E-01
 0.13307343072881E-01
 0.13936234803920E-01
 0.14835626459746E-01
 0.15725161161386E-01
 0.16452460983280E-01
 0.17524802412296E-01
 0.18439738463364E-01
 0.19472579934638E-01
 0.20362284402223E-01
 0.21443994251082E-01
 0.22938461384132E-01
 0.24044353388868E-01
 0.24942103841192E-01
 0.26442414542850E-01
 0.27724432691155E-01
 0.28867755565915E-01
 0.30098507142710E-01
 0.31497418796855E-01
 0.33121501171127E-01
 0.34367411321458E-01
 0.35430074504362E-01
 0.36632835212050E-01
 0.37939649299618E-01
 0.39186939454385E-01
 0.40713016884618E-01
 0.41543932310060E-01
 0.42591017295122E-01
 0.43231689744140E-01
 0.44526793688677E-01
 0.45005096765225E-01
 0.45147967178099E-01
 0.46123186203809E-01
 0.46310286008513E-01
 0.46217383645184E-01
 0.46642941310657E-01
 0.47173961247830E-01
 0.46971536625960E-01
 0.46779029376078E-01
 0.47170496476249E-01
 0.47477538699925E-01
 0.47062738723679E-01
 0.46628747333437E-01
 0.46805723672925E-01
 0.48030061169356E-01
 0.46455976327747E-01
 0.44076496261831E-01
 0.43401186230699E-01
 0.44060025003245E-01
 0.44031548694717E-01
 0.44126056827187E-01
 0.43999671099432E-01
 0.42253262680864E-01
 0.40402613994969E-01
 0.39008725013234E-01
 0.37747039104816E-01
 0.38061481566505E-01
 0.37498146458750E-01
 0.38659218186936E-01
 0.37880225597838E-01
 0.35464421907555E-01
 0.34510136708157E-01
 0.34862205171652E-01
 0.32946903360393E-01
 0.32542794823637E-01
 0.31935974603346E-01
 0.31442586841613E-01
 0.30861192068107E-01
 0.30583661492731E-01
 0.29664129841189E-01
 0.29992493610385E-01
 0.28830306464274E-01
 0.28680824711443E-01
 0.28276742901552E-01
 0.27913807357925E-01
 0.27905554913094E-01
 0.27447145856466E-01
 0.27177032374771E-01
 0.27170583248146E-01
 0.26241543374984E-01
 0.26637875352966E-01
 0.26106360861717E-01
 0.25954502871499E-01
 0.25765836137104E-01
 0.25448903296416E-01
 0.25336044829583E-01
 0.25374684639337E-01
 0.25121183639098E-01
 0.25020597212409E-01
 0.24723556720420E-01
 0.24576036741548E-01
 0.24388825459453E-01
 0.24426045769058E-01
 0.24357338636193E-01
 0.24232678918379E-01
 0.24050112359113E-01
 0.23873306652000E-01
 0.23657031485893E-01
 0.23616464698263E-01
 0.23594111060058E-01
 0.23473635191933E-01
 0.23281625848088E-01
 0.23272354729007E-01
 0.23197380980392E-01
 0.23040196794967E-01
 0.23012784581487E-01
 0.22698316896192E-01
 0.22657503759184E-01
 0.22604596878030E-01
 0.22680448543651E-01
 0.22552629916832E-01
 0.22386978211608E-01
 0.22345073390034E-01
 0.22254666311241E-01
 0.22494273074414E-01
 0.21883520987878E-01
 0.21926350821746E-01
 0.22023699705923E-01
 0.21812053626297E-01
 0.21613798544447E-01
 0.21672814955590E-01
 0.21745208439103E-01
 0.21659655512771E-01
 0.21668637678214E-01
 0.21440799637262E-01
 0.21360780013698E-01
 0.21285689951038E-01
 0.21595894240265E-01
 0.21409517661387E-01
 0.21876212509287E-01
 0.20969417353697E-01
 0.21006072803737E-01
 0.20752164445282E-01
 0.20613276445580E-01
 0.21029096282597E-01
 0.20806812545926E-01
 0.21062989411758E-01
 0.21023935840983E-01
 0.20844946931326E-01
 0.20752383171056E-01
 0.20788977111496E-01
 0.20721608801308E-01
 0.20644240295199E-01
 0.20584290108000E-01
 0.21219074907093E-01
 0.21348995367917E-01
 0.20521135762483E-01
 0.20015553455322E-01
 0.20711827959390E-01
 0.20202457152713E-01
 0.20499267082521E-01
 0.20798439162629E-01
 0.20192575253603E-01
 0.20060191986661E-01
 0.19890514853005E-01
 0.19741315580986E-01
 0.20063818093242E-01
 0.20525497213301E-01
 0.20330457905397E-01
 0.20413216996909E-01
