 0.00000000000000E+00
 0.00000000000000E+00
 0.00000000000000E+00
-0.13940602798978E-24
-0.56822122159688E-24
-0.39459807055339E-24
 0.45520335670132E-25
 0.38966142520750E-23
 0.46414547088727E-22
 0.27814116587705E-21
 0.10950775673876E-20
-0.13682079030614E-11
 0.25399986725776E-11
-0.16050803546899E-10
-0.19072392116059E-10
-0.70292898649933E-11
-0.30533235911033E-11
-0.26990720180951E-10
-0.41624060415551E-12
-0.81650353900877E-11
-0.61029686323293E-11
 0.73347195924704E-11
 0.12711132604260E-10
 0.56836588138925E-11
-0.44895929050405E-10
 0.22526643061904E-09
 0.21608414573565E-08
-0.47084541109123E-08
 0.89370544480773E-09
-0.55458745954779E-09
-0.13541748146955E-09
-0.57175406754177E-09
-0.18887077531336E-10
 0.43129496221171E-09
 0.78577768965255E-09
 0.13838192701239E-08
 0.23626562778695E-08
 0.39048620827745E-08
 0.63086402050703E-08
 0.99277780295987E-08
 0.15285958803779E-07
 0.23052303390788E-07
 0.34107696711852E-07
 0.49573533745289E-07
 0.70851742769020E-07
 0.99709102625663E-07
 0.13830508293398E-06
 0.18925158402892E-06
 0.25570905074635E-06
 0.34140109835999E-06
 0.45074835930492E-06
 0.58889344798328E-06
 0.76233868004816E-06
 0.97636654616309E-06
 0.12404186558215E-05
 0.15628323965802E-05
 0.19536982319422E-05
 0.24242428406568E-05
 0.29870909147035E-05
 0.36562662006855E-05
 0.44481077678571E-05
 0.53769984261802E-05
 0.64643809703415E-05
 0.77288532908878E-05
 0.91954538543021E-05
 0.10885789323766E-04
 0.12826051162511E-04
 0.15047255987729E-04
 0.17577448151354E-04
 0.20450885724871E-04
 0.23702154985508E-04
 0.27368339734185E-04
 0.31492020680547E-04
 0.36113924999713E-04
 0.41285670385648E-04
 0.47044827381198E-04
 0.53453896085380E-04
 0.60559966775547E-04
 0.68479726835624E-04
 0.77039109058409E-04
 0.86841317352242E-04
 0.97301881662553E-04
 0.10855296468694E-03
 0.12115890147456E-03
 0.13536716224717E-03
 0.15088495208896E-03
 0.16696274428026E-03
 0.18493363114867E-03
 0.20446437496175E-03
 0.22566625316575E-03
 0.24863867030892E-03
 0.27351249998285E-03
 0.30040041731307E-03
 0.32945402730900E-03
 0.36078802239459E-03
 0.39454498081579E-03
 0.43088969671502E-03
 0.46997023956353E-03
 0.51195341282251E-03
 0.55701476895960E-03
 0.60533537668069E-03
 0.65711347806807E-03
 0.71254486759120E-03
 0.77186414347431E-03
 0.83523699237959E-03
 0.90294805729680E-03
 0.97523511647175E-03
 0.10523430458769E-02
 0.11345480247561E-02
 0.12221368071971E-02
 0.13153975681685E-02
 0.14146675541910E-02
 0.15202287388858E-02
 0.16324973399031E-02
 0.17517534080076E-02
 0.18784320324311E-02
 0.20129131678722E-02
 0.21556217990134E-02
 0.23070037584234E-02
 0.24674982632115E-02
 0.26376280454470E-02
 0.28178446334404E-02
 0.30087802880199E-02
 0.32108945192582E-02
 0.34248376348274E-02
 0.36512262380208E-02
 0.38905763229236E-02
 0.41438734337725E-02
 0.44120071389416E-02
 0.46948088808093E-02
 0.49932104490685E-02
 0.53090227749906E-02
 0.56435905709536E-02
 0.59964661204768E-02
 0.63680781694867E-02
 0.67609540019559E-02
 0.71755706160387E-02
 0.76131432278143E-02
 0.80748576490311E-02
 0.85619367005108E-02
 0.90756868520814E-02
 0.96175499444162E-02
 0.10188939601010E-01
 0.10791356456837E-01
 0.11426538140501E-01
 0.12096012113542E-01
 0.12801621370220E-01
 0.13545225508056E-01
 0.14328701115955E-01
 0.15154031420334E-01
 0.16023495974296E-01
 0.16939036200953E-01
 0.17902989419681E-01
 0.18917699783828E-01
 0.19985606508574E-01
 0.21108306031318E-01
 0.22290204078307E-01
 0.23531360899837E-01
 0.24834023521369E-01
 0.26202995709854E-01
 0.27640977390505E-01
 0.29144111094470E-01
 0.30719004911330E-01
 0.32365386755147E-01
 0.34083999474704E-01
 0.35874968451866E-01
 0.37737608697693E-01
 0.39670680363158E-01
 0.41672057515893E-01
 0.43738658697931E-01
 0.45866413389652E-01
 0.48050748545315E-01
 0.50285989284682E-01
 0.52565978124749E-01
 0.54883992267918E-01
 0.57232980475510E-01
 0.59605727028757E-01
 0.61995049864950E-01
 0.64393898384848E-01
 0.66795538245142E-01
 0.69193613594369E-01
 0.71582382682679E-01
 0.73956434672199E-01
 0.76311136483071E-01
 0.78642108939300E-01
 0.80945855504047E-01
 0.83219129811907E-01
 0.85459194094867E-01
 0.87663909259674E-01
 0.89831209825302E-01
 0.91959802579979E-01
 0.94048249807502E-01
 0.96095800230660E-01
 0.98101719691451E-01
 0.10006536676067E+00
 0.10198654168411E+00
 0.10386524029739E+00
 0.10570150078118E+00
 0.10749486467635E+00
 0.10924747190876E+00
 0.11095681612697E+00
 0.11262558343461E+00
 0.11425367388576E+00
 0.11584178164737E+00
 0.11739061223369E+00
 0.11890087156081E+00
 0.12037332824289E+00
 0.12180897982033E+00
 0.12320859877047E+00
 0.12457308414420E+00
 0.12590342251278E+00
 0.12720055222772E+00
 0.12846541697340E+00
 0.12969894422134E+00
 0.13090213417030E+00
 0.13207589295723E+00
 0.13322116546176E+00
 0.13433887215579E+00
 0.13542991138131E+00
 0.13649521243646E+00
 0.13753557560770E+00
 0.13855185985227E+00
 0.13954491718468E+00
 0.14051549122640E+00
 0.14146436782435E+00
 0.14239228795290E+00
 0.14329999023503E+00
 0.14418805889808E+00
 0.14505760628283E+00
 0.14590827382010E+00
 0.14674157073103E+00
 0.14755780562078E+00
 0.14835753874939E+00
 0.14914132003883E+00
 0.14990964043169E+00
 0.15066299992614E+00
 0.15140190217298E+00
 0.15212676368323E+00
 0.15283803937658E+00
 0.15353615556647E+00
 0.15422149631054E+00
 0.15489444738374E+00
 0.15555538850252E+00
 0.15620466424875E+00
 0.15684262022707E+00
 0.15746957305482E+00
 0.15808583462848E+00
 0.15869171210541E+00
 0.15928748618565E+00
 0.15987343668780E+00
 0.16044982698232E+00
 0.16101691495797E+00
 0.16157494469512E+00
 0.16212414908363E+00
 0.16266476194042E+00
 0.16319700101413E+00
 0.16372107104140E+00
 0.16423718288716E+00
 0.16474552971928E+00
 0.16524630055249E+00
 0.16573968058831E+00
 0.16622584201837E+00
 0.16670495724763E+00
 0.16717719090537E+00
 0.16764270146879E+00
 0.16810164362169E+00
 0.16855416418509E+00
 0.16900040995714E+00
 0.16944051722081E+00
 0.16987462117730E+00
 0.17030285484474E+00
 0.17072534331298E+00
 0.17114220857357E+00
 0.17155357008754E+00
 0.17195954349892E+00
 0.17236024245180E+00
 0.17275577212961E+00
 0.17314624007385E+00
 0.17353174900323E+00
 0.17391239813795E+00
 0.17428828423521E+00
 0.17465950105758E+00
 0.17502614114110E+00
 0.17538829100887E+00
 0.17574604023697E+00
 0.17609947065208E+00
 0.17644866542128E+00
 0.17679370595067E+00
 0.17713466394250E+00
 0.17747162186411E+00
 0.17780465103482E+00
 0.17813382191406E+00
 0.17845920651004E+00
 0.17878087086866E+00
 0.17909888387892E+00
 0.17941330939287E+00
 0.17972421006830E+00
 0.18003165021330E+00
 0.18033568604166E+00
 0.18063638157964E+00
