 0.00000000000000E+00
 0.00000000000000E+00
 0.00000000000000E+00
 0.38545860552113E-26
 0.31585991151489E-25
 0.26321659292907E-25
-0.22026206029779E-26
-0.47033154707326E-24
-0.36068998816947E-23
-0.62563317947941E-22
-0.16483234368446E-21
-0.53513576667871E-12
 0.40174369093770E-11
-0.27180815253768E-10
-0.21170864817150E-10
-0.23211547979785E-10
 0.15633509469574E-10
-0.13356352660486E-10
 0.19555102960786E-10
 0.64733785689897E-12
 0.47851702805942E-11
-0.83541142337500E-11
 0.58642345831895E-11
-0.32224914044188E-11
-0.29580796609491E-09
 0.14567507790550E-08
-0.22121625464943E-08
-0.34623432178214E-08
 0.11836883419610E-07
 0.16582355166044E-09
-0.26153037759119E-09
-0.20194451340289E-08
 0.17009382902950E-08
 0.43274041988854E-09
 0.78561562227592E-09
 0.13517445752539E-08
 0.22923449382958E-08
 0.37987174784818E-08
 0.60954236563849E-08
 0.95465308133427E-08
 0.14628246483473E-07
 0.21973678001688E-07
 0.32348911175291E-07
 0.46800129782727E-07
 0.66580782042790E-07
 0.93244654015599E-07
 0.12866974991441E-06
 0.17516774302852E-06
 0.23541222074722E-06
 0.31260463231635E-06
 0.41044642239264E-06
 0.53319702309612E-06
 0.68534417768407E-06
 0.87373513276655E-06
 0.11033755922217E-05
 0.13817156633689E-05
 0.17166406176622E-05
 0.21167681204316E-05
 0.25865587995511E-05
 0.31519946493140E-05
 0.38082861979895E-05
 0.45749034736095E-05
 0.54643581891900E-05
 0.64835252152680E-05
 0.76695930104970E-05
 0.90182807585824E-05
 0.10552396365835E-04
 0.12296879427048E-04
 0.14266153933069E-04
 0.16485061496116E-04
 0.18979826936288E-04
 0.21755392688377E-04
 0.24861907986134E-04
 0.28311549799469E-04
 0.32106527268701E-04
 0.36363568917206E-04
 0.41027530367154E-04
 0.46150582885693E-04
 0.51907235201681E-04
 0.57693071157569E-04
 0.65578318780725E-04
 0.71352677015692E-04
 0.78498549796726E-04
 0.89320789698426E-04
 0.10021364021676E-03
 0.10682827738362E-03
 0.11901796070400E-03
 0.13136192187949E-03
 0.14421970428140E-03
 0.15807984760111E-03
 0.17294315787025E-03
 0.18892291069655E-03
 0.20609782569624E-03
 0.22446734140346E-03
 0.24413486317103E-03
 0.26511601222541E-03
 0.28756606849288E-03
 0.31153702945492E-03
 0.33703101853187E-03
 0.36422439867482E-03
 0.39316364785880E-03
 0.42392166542822E-03
 0.45654870482704E-03
 0.49122271130429E-03
 0.52811955623370E-03
 0.56713593727161E-03
 0.60852925459098E-03
 0.65238031704196E-03
 0.69872717080519E-03
 0.74777605980792E-03
 0.79958582751090E-03
 0.85448431330700E-03
 0.91217557864475E-03
 0.97338701559888E-03
 0.10378900888674E-02
 0.11058833617495E-02
 0.11775755737463E-02
 0.12531843004215E-02
 0.13328486536696E-02
 0.14166889746205E-02
 0.15049677336490E-02
 0.15977722082946E-02
 0.16957466434469E-02
 0.17984614063884E-02
 0.19066308120978E-02
 0.20202733698698E-02
 0.21377528612943E-02
 0.22659338932203E-02
 0.23999677379055E-02
 0.25327285856363E-02
 0.26754482383238E-02
 0.28354903308189E-02
 0.30008738153225E-02
 0.31576578990112E-02
 0.33370270878112E-02
 0.35216592787879E-02
 0.37148076186660E-02
 0.39179799280208E-02
 0.41301977331240E-02
 0.43526360756933E-02
 0.45853242263331E-02
 0.48294699669088E-02
 0.50842769184656E-02
 0.53509715177507E-02
 0.56304722732543E-02
 0.59215877465130E-02
 0.62259282525265E-02
 0.65441272848935E-02
 0.68753342300574E-02
 0.72209136480664E-02
 0.75817388210615E-02
 0.79561002614103E-02
 0.83454191768204E-02
 0.87501956819702E-02
 0.91696343780497E-02
 0.96010078859089E-02
 0.10057479220902E-01
 0.10506682391974E-01
 0.10973983502488E-01
 0.11482965574835E-01
 0.11965089281342E-01
 0.12469519767224E-01
 0.12975834164785E-01
 0.13484559189843E-01
 0.13990984510494E-01
 0.14492268012424E-01
 0.14980366159284E-01
 0.15454934242841E-01
 0.15905669900097E-01
 0.16331278009822E-01
 0.16724332281599E-01
 0.17081570963071E-01
 0.17398645074492E-01
 0.17672942835345E-01
 0.17902571682847E-01
 0.18087070285812E-01
 0.18227002575056E-01
 0.18323756515785E-01
 0.18379540459399E-01
 0.18397580272328E-01
 0.18380453724461E-01
 0.18332555175692E-01
 0.18256577584275E-01
 0.18157602930931E-01
 0.18035589703790E-01
 0.17897124330458E-01
 0.17742504469212E-01
 0.17573764606228E-01
 0.17395961550469E-01
 0.17205789947064E-01
 0.17008830989537E-01
 0.16803368980767E-01
 0.16593911864471E-01
 0.16377535513167E-01
 0.16156954269440E-01
 0.15932619843642E-01
 0.15706170538144E-01
 0.15477892771105E-01
 0.15241368124620E-01
 0.15010803186946E-01
 0.14776923404581E-01
 0.14541884444777E-01
 0.14307388178627E-01
 0.14074256547397E-01
 0.13842173925572E-01
 0.13611451704367E-01
 0.13382309990157E-01
 0.13157204115561E-01
 0.12933920683972E-01
 0.12714631356071E-01
 0.12498959463728E-01
 0.12287619095108E-01
 0.12080317168996E-01
 0.11877705544293E-01
 0.11679825198473E-01
 0.11486874241080E-01
 0.11298745166634E-01
 0.11116127222201E-01
 0.10938404255086E-01
 0.10765978331457E-01
 0.10598368890597E-01
 0.10435846679668E-01
 0.10278374287481E-01
 0.10125841866658E-01
 0.99780121805591E-02
 0.98351791140183E-02
 0.96957173466130E-02
 0.95647924687569E-02
 0.94329120324191E-02
 0.93071654248348E-02
 0.91855906555705E-02
 0.90682308997356E-02
 0.89540778654640E-02
 0.88436310031344E-02
 0.87364858802325E-02
 0.86330257613783E-02
 0.85326199209634E-02
 0.84352459731260E-02
 0.83406076402284E-02
 0.82491085991882E-02
 0.81601901086634E-02
 0.80735805013839E-02
 0.79897607247843E-02
 0.79081850231928E-02
 0.78288219941696E-02
 0.77516779663983E-02
 0.76765600764652E-02
 0.76035015402504E-02
 0.75323055802330E-02
 0.74629248331214E-02
 0.73953508890495E-02
 0.73294029852721E-02
 0.72650710094744E-02
 0.72023038304682E-02
 0.71410370169448E-02
 0.70811430749482E-02
 0.70226876470477E-02
 0.69655194793724E-02
 0.69096412805181E-02
 0.68549835988474E-02
 0.68014918309105E-02
 0.67491250862093E-02
 0.66978604297140E-02
 0.66476616632532E-02
 0.65984772306809E-02
 0.65502428817502E-02
 0.65029815267517E-02
 0.64566290294467E-02
 0.64111638396939E-02
 0.63665469088534E-02
 0.63227554696955E-02
 0.62797641339997E-02
 0.62375305721713E-02
 0.61960802711705E-02
 0.61553319498416E-02
 0.61153170930831E-02
 0.60759412040083E-02
 0.60372394451500E-02
 0.59991895371298E-02
 0.59617688243684E-02
 0.59249295320492E-02
 0.58886811183428E-02
 0.58530207703630E-02
 0.58178913946108E-02
 0.57833267393577E-02
 0.57492905322666E-02
 0.57157475416286E-02
 0.56827076440898E-02
 0.56501485977541E-02
 0.56180624172990E-02
 0.55864798425999E-02
 0.55552937893023E-02
 0.55245591908539E-02
 0.54942468889929E-02
 0.54642878697040E-02
 0.54348598266880E-02
 0.54057311848637E-02
 0.53770533008303E-02
 0.53487009291250E-02
 0.53207895497431E-02
