 0.00000000000000E+00
 0.00000000000000E+00
 0.00000000000000E+00
 0.75160825659747E-26
 0.45336272262983E-25
 0.45336272262983E-25
-0.75160825659747E-26
-0.85463853196810E-24
-0.12635429345562E-22
-0.92244300334414E-22
-0.44029466203846E-21
 0.10599226857703E-11
-0.21272450906097E-11
 0.11679383883137E-10
 0.88964794023482E-11
 0.84226942867371E-11
 0.43652079223561E-11
 0.37348638525262E-10
 0.65062207974974E-12
 0.11788558454206E-10
 0.48132752615186E-11
-0.96435340296698E-11
-0.27263650437035E-10
-0.63990079937750E-11
 0.22788754183743E-10
 0.38192349405742E-09
-0.43082383764452E-08
 0.99503934561729E-08
-0.16681019548996E-07
 0.25767707963023E-08
 0.20229293317187E-09
 0.35598024602270E-08
-0.98239529638606E-09
 0.45130587859014E-09
 0.81740520355729E-09
 0.14087548173788E-08
 0.23810061433096E-08
 0.39592352144029E-08
 0.63342150393234E-08
 0.99876121705413E-08
 0.15369737258428E-07
 0.23171207296748E-07
 0.34248164336135E-07
 0.49716066409086E-07
 0.71044390777118E-07
 0.99968289559415E-07
 0.13859225551140E-06
 0.18962185059561E-06
 0.25610299030486E-06
 0.34187247510963E-06
 0.45128756818949E-06
 0.58950900688060E-06
 0.75373319579685E-06
 0.97709427452083E-06
 0.12412333977026E-05
 0.15637666066585E-05
 0.19547067939400E-05
 0.24253762980305E-05
 0.29769244294215E-05
 0.36575448244215E-05
 0.44292951998142E-05
 0.53788671290668E-05
 0.64659871327512E-05
 0.77459605876438E-05
 0.91972723809081E-05
 0.10887451257485E-04
 0.12848811576506E-04
 0.15049585916841E-04
 0.17580399699873E-04
 0.20439083566493E-04
 0.23689286667166E-04
 0.27371802015702E-04
 0.31482928858079E-04
 0.36124789961370E-04
 0.41221324770217E-04
 0.47050845891759E-04
 0.53462498650078E-04
 0.60661607815131E-04
 0.66939987479977E-04
 0.80180931348812E-04
 0.83316321727588E-04
 0.93615277191943E-04
 0.11184778127159E-03
 0.12711801583169E-03
 0.13441482664760E-03
 0.14156288255773E-03
 0.16808225174147E-03
 0.18511283980812E-03
 0.20461689262912E-03
 0.22574056159350E-03
 0.24888869651478E-03
 0.27387134619169E-03
 0.30087952741192E-03
 0.32983663442562E-03
 0.36116628743586E-03
 0.39508861092200E-03
 0.43143606930859E-03
 0.47057318183014E-03
 0.51264436374456E-03
 0.55787609365214E-03
 0.60641713557223E-03
 0.65840146085833E-03
 0.71385879859270E-03
 0.77293912383310E-03
 0.83714063458773E-03
 0.90517570795548E-03
 0.97777277122301E-03
 0.10552284680848E-02
 0.11379191064033E-02
 0.12258883969107E-02
 0.13199833164642E-02
 0.14192163545019E-02
 0.15260356673290E-02
 0.16382031988164E-02
 0.17586113233518E-02
 0.18861919339539E-02
 0.20216917609875E-02
 0.21654752996534E-02
 0.23176153681372E-02
 0.24800275174196E-02
 0.26506123952989E-02
 0.28335249070699E-02
 0.30248884656965E-02
 0.32293447682604E-02
 0.34451805062983E-02
 0.36732725281122E-02
 0.39226766447071E-02
 0.41799337629748E-02
 0.44205702062451E-02
 0.47071823149612E-02
 0.50443070067214E-02
 0.53773650638358E-02
 0.56749644399521E-02
 0.60226047971105E-02
 0.64105646996956E-02
 0.68034373682752E-02
 0.72213333389409E-02
 0.76605937412839E-02
 0.81217370890344E-02
 0.86082263793386E-02
 0.91221412791331E-02
 0.96604055379144E-02
 0.10226874855744E-01
 0.10826578796263E-01
 0.11451251305181E-01
 0.12111067190286E-01
 0.12802983462668E-01
 0.13526889586842E-01
 0.14285909972631E-01
 0.15086433861030E-01
 0.15915051718418E-01
 0.16786438626003E-01
 0.17696650090291E-01
 0.18641301441945E-01
 0.19604985545028E-01
 0.20694307402323E-01
 0.21676320586602E-01
 0.22749123266355E-01
 0.23977257017223E-01
 0.25139293461092E-01
 0.26167180277872E-01
 0.27459635299422E-01
 0.28669484997185E-01
 0.29885841288284E-01
 0.31096718972684E-01
 0.32289554410423E-01
 0.33462040852051E-01
 0.34599563715657E-01
 0.35683239825949E-01
 0.36704095363185E-01
 0.37665512208454E-01
 0.38542003525640E-01
 0.39337490690557E-01
 0.40045023238424E-01
 0.40661535719329E-01
 0.41188202968041E-01
 0.41627601013762E-01
 0.41980684382786E-01
 0.42253700149380E-01
 0.42454320100177E-01
 0.42590238658863E-01
 0.42657376752475E-01
 0.42673173307889E-01
 0.42628917274536E-01
 0.42550304255054E-01
 0.42421782610352E-01
 0.42254847139934E-01
 0.42061410791770E-01
 0.41826462862636E-01
 0.41578182275582E-01
 0.41288926426707E-01
 0.40988871626344E-01
 0.40662043139131E-01
 0.40303410078378E-01
 0.39941868544511E-01
 0.39574646280164E-01
 0.39177593237896E-01
 0.38754017707837E-01
 0.38412442431287E-01
 0.37865851967898E-01
 0.37499467997085E-01
 0.37063146190377E-01
 0.36624389314498E-01
 0.36180959660097E-01
 0.35732166651042E-01
 0.35285694389608E-01
 0.34853787295921E-01
 0.34410580567703E-01
 0.33977983464449E-01
 0.33555454767682E-01
 0.33137228301768E-01
 0.32725198440460E-01
 0.32320736945506E-01
 0.31928850690456E-01
 0.31541922253357E-01
 0.31167699093366E-01
 0.30804285659474E-01
 0.30451176398678E-01
 0.30110647120081E-01
 0.29774196129316E-01
 0.29454040819215E-01
 0.29145515722440E-01
 0.28841542670602E-01
 0.28551763049085E-01
 0.28272473850188E-01
 0.28002021475115E-01
 0.27731118819300E-01
 0.27510539450447E-01
 0.27204505086262E-01
 0.27008569562871E-01
 0.26783926817345E-01
 0.26566515060964E-01
 0.26356418550660E-01
 0.26151630383749E-01
 0.25955670700132E-01
 0.25767947138291E-01
 0.25582868132473E-01
 0.25407574181644E-01
 0.25238189690423E-01
 0.25071917942470E-01
 0.24913423174530E-01
 0.24760886280348E-01
 0.24611430651419E-01
 0.24468186204031E-01
 0.24327934226150E-01
 0.24192768371764E-01
 0.24063017858549E-01
 0.23935919790081E-01
 0.23813604710473E-01
 0.23694445048874E-01
 0.23579033376939E-01
 0.23467105083898E-01
 0.23358135350880E-01
 0.23252902452292E-01
 0.23150189179885E-01
 0.23050111934942E-01
 0.22953635719490E-01
 0.22859368710958E-01
 0.22767655052083E-01
 0.22678545529945E-01
 0.22591220731244E-01
 0.22506717816452E-01
 0.22424373550328E-01
 0.22344060512748E-01
 0.22265757143247E-01
 0.22189287919632E-01
 0.22114906359280E-01
 0.22041910878915E-01
 0.21970928354343E-01
 0.21901824560003E-01
 0.21834053409906E-01
 0.21767729792163E-01
 0.21703229615580E-01
 0.21640077339655E-01
 0.21578346306791E-01
 0.21517585140824E-01
 0.21458590981506E-01
 0.21400904637440E-01
 0.21344262658331E-01
 0.21288874585505E-01
 0.21234601309571E-01
 0.21181440514980E-01
 0.21129133586380E-01
 0.21078394791986E-01
 0.21028191097095E-01
 0.20979221901925E-01
 0.20931129221709E-01
 0.20883613106835E-01
 0.20837874198749E-01
 0.20792502295990E-01
 0.20747520591106E-01
 0.20703882711200E-01
 0.20660824897414E-01
 0.20619055143442E-01
 0.20577635932139E-01
 0.20536958242656E-01
 0.20497295002382E-01
 0.20457886995673E-01
 0.20419742499511E-01
 0.20381577774933E-01
