 0.00000000000000E+00
 0.00000000000000E+00
-0.25697240368075E-26
 0.98706222348402E-26
 0.15418344220845E-26
-0.19405018894771E-25
-0.44529989610858E-24
-0.35228755094507E-23
-0.36724798795437E-22
-0.45328894513225E-22
-0.10748442411091E-20
-0.24553151194664E-20
 0.11241746206381E-05
-0.28634832728799E-05
 0.34480759853662E-05
-0.26927321482247E-05
-0.43592716639221E-05
-0.98336475125333E-06
-0.50121889876591E-05
-0.14149836285569E-05
-0.24077156336207E-05
 0.21540816697165E-05
-0.34538665283498E-05
 0.50350362991094E-05
-0.21698380483623E-05
-0.15522305409296E-06
 0.21407772668361E-05
 0.60703215936432E-06
-0.28113741357037E-05
-0.21384594855396E-05
 0.28131737527327E-05
 0.29838901772465E-05
 0.21417273301494E-05
 0.10242107959614E-05
-0.15012742313381E-05
 0.74818425761150E-06
 0.26469850273649E-05
-0.40940964691486E-06
-0.16752144276543E-06
-0.82148896545391E-06
 0.11877664985093E-05
-0.77734657281728E-06
 0.91002070682123E-06
 0.76706834803775E-06
 0.95535520027968E-06
 0.21299217980072E-05
-0.10960657332354E-05
-0.13965443708426E-06
 0.85531908171066E-06
-0.12850622143165E-05
-0.83421299304861E-06
-0.14324097008420E-05
 0.45913454843627E-06
 0.19294036335804E-05
 0.14717773232557E-05
-0.21693752046908E-06
-0.25805001806887E-06
 0.31767928245941E-05
 0.10559561421263E-05
 0.20695474950114E-05
 0.70777112839866E-06
 0.20556006111009E-05
 0.28819727522482E-05
 0.42285882255121E-05
 0.39793667866114E-05
 0.41673580500763E-05
 0.57839685984495E-05
 0.68106579696778E-05
 0.74627482145021E-05
 0.85775787131269E-05
 0.11956440629481E-04
 0.12080543160543E-04
 0.16965540490140E-04
 0.17524549850572E-04
 0.19319860562245E-04
 0.20279124425139E-04
 0.24535463685808E-04
 0.28150973692102E-04
 0.30952775156722E-04
 0.34548225746139E-04
 0.39337591795876E-04
 0.46142019536267E-04
 0.49143305266728E-04
 0.54611171283821E-04
 0.62598193226459E-04
 0.71097350697693E-04
 0.77697499387079E-04
 0.85998506515716E-04
 0.96043231394622E-04
 0.10320757097134E-03
 0.11732804857830E-03
 0.12912966876075E-03
 0.14169615390919E-03
 0.15342594451484E-03
 0.17009302472664E-03
 0.18409134642629E-03
 0.20155658646112E-03
 0.22173585924629E-03
 0.24162861838318E-03
 0.25883704695438E-03
 0.28040903628604E-03
 0.30758646070748E-03
 0.33506648384863E-03
 0.36314667612871E-03
 0.39144583428776E-03
 0.42068833825641E-03
 0.45336108694741E-03
 0.48691578145700E-03
 0.52607744461163E-03
 0.56945230085386E-03
 0.61234896744869E-03
 0.65153821993990E-03
 0.69831396438209E-03
 0.75126433930642E-03
 0.80712425857527E-03
 0.85923700278692E-03
 0.91558211268578E-03
 0.98378374497308E-03
 0.10566218869850E-02
 0.11414137768804E-02
 0.12061756353788E-02
 0.12873489812568E-02
 0.13708374185217E-02
 0.14562180794288E-02
 0.15387679237776E-02
 0.16577484894373E-02
 0.17502985441454E-02
 0.18611758473882E-02
 0.19835367728544E-02
 0.20994223866947E-02
 0.22291492091505E-02
 0.23625215482200E-02
 0.25190006626409E-02
 0.26524070888018E-02
 0.28242231935135E-02
 0.29916159411323E-02
 0.31580823804905E-02
 0.33521442489136E-02
 0.35225480452866E-02
 0.37317985179901E-02
 0.39438200988968E-02
 0.41850350180125E-02
 0.44182781221040E-02
 0.46810330951319E-02
 0.49134646128773E-02
 0.52092006481488E-02
 0.54903514350371E-02
 0.57892603668384E-02
 0.61167045537573E-02
 0.64347328688834E-02
 0.67809657360161E-02
 0.71531767807807E-02
 0.75231762931404E-02
 0.79520369664884E-02
 0.83457208011747E-02
 0.87497753722061E-02
 0.91873650144541E-02
 0.96625454552140E-02
 0.10143626545738E-01
 0.10617057825679E-01
 0.11161989376262E-01
 0.11689698254725E-01
 0.12247097801401E-01
 0.12723483155627E-01
 0.13271688235419E-01
 0.13879635089227E-01
 0.14390776222539E-01
 0.14997631757813E-01
 0.15419922747329E-01
 0.15955746219511E-01
 0.16368416280037E-01
 0.16821892814827E-01
 0.17289417880045E-01
 0.17666348860427E-01
 0.18026244101135E-01
 0.18243144168246E-01
 0.18492786391294E-01
 0.18661106986657E-01
 0.18760158137819E-01
 0.18921323930492E-01
 0.18964985526576E-01
 0.18966417446728E-01
 0.19008660320209E-01
 0.18999413453312E-01
 0.18892510004873E-01
 0.18812324245188E-01
 0.18697955384299E-01
 0.18607834402999E-01
 0.18389298375906E-01
 0.18214549732268E-01
 0.18013253302693E-01
 0.17834142603449E-01
 0.17696087559337E-01
 0.17320431284185E-01
 0.17226989598999E-01
 0.17183225448257E-01
 0.16706702515541E-01
 0.16397897835315E-01
 0.16174860013369E-01
 0.16201689071560E-01
 0.15910309597973E-01
 0.15231329005357E-01
 0.15128790422148E-01
 0.14926669101274E-01
 0.14678692604230E-01
 0.14419586446390E-01
 0.14084243005970E-01
 0.13875913419261E-01
 0.13526037329085E-01
 0.13310122304510E-01
 0.13072291075988E-01
 0.12776388323314E-01
 0.12516398991460E-01
 0.12269120419774E-01
 0.12071629338334E-01
 0.11849784664679E-01
 0.11614797443162E-01
 0.11390243989092E-01
 0.11180300490821E-01
 0.11058455963943E-01
 0.10784497903071E-01
 0.10605844788160E-01
 0.10436779714126E-01
 0.10286307948872E-01
 0.10114017424380E-01
 0.99545664831536E-02
 0.98211856475300E-02
 0.96582934163510E-02
 0.95275811005379E-02
 0.93729132552702E-02
 0.92412426387962E-02
 0.91342952393068E-02
 0.90160348999753E-02
 0.88838424877590E-02
 0.87683007148396E-02
 0.86676025936009E-02
 0.85640211302610E-02
 0.84605360422028E-02
 0.83610038832937E-02
 0.82732571326917E-02
 0.81741520365420E-02
 0.80845862540287E-02
 0.79969521974621E-02
 0.79155874481041E-02
 0.78360890907098E-02
 0.77552444964006E-02
 0.76713873748004E-02
 0.76064382773325E-02
 0.75216807316942E-02
 0.74739522248489E-02
 0.73884693382949E-02
 0.73427352860138E-02
 0.72629506546149E-02
 0.71953033545587E-02
 0.71397385726110E-02
 0.70663274453905E-02
 0.70178164129140E-02
 0.69595667222484E-02
 0.68979348130652E-02
 0.68334844307988E-02
 0.68171583761393E-02
 0.67459975592190E-02
 0.67015167095618E-02
 0.66492900536639E-02
 0.66080600073210E-02
 0.65429135917006E-02
 0.64929185157052E-02
 0.64443503415959E-02
 0.64365519418241E-02
 0.63270982107194E-02
 0.62914090060284E-02
 0.62895032908441E-02
 0.62501293911792E-02
 0.61942271778000E-02
 0.61330567258967E-02
 0.61491724815821E-02
 0.60753059316903E-02
 0.60061026915635E-02
 0.59652936515375E-02
 0.59754993699753E-02
 0.59190004037391E-02
 0.58505152649358E-02
 0.58561995749429E-02
 0.58044671186992E-02
 0.57541364749173E-02
 0.57594751384070E-02
 0.57063424141893E-02
 0.56848374641546E-02
 0.56258716328011E-02
 0.56573708083095E-02
 0.55967339836353E-02
 0.55681922876489E-02
 0.54957095445144E-02
 0.54849745637719E-02
 0.54642166661750E-02
 0.53624581462721E-02
 0.53788709115463E-02
 0.52852894842999E-02
 0.52969301647781E-02
 0.53442550914087E-02
