 0.00000000000000E+00
 0.00000000000000E+00
 0.30979117331062E-25
 0.00000000000000E+00
 0.00000000000000E+00
 0.20763930593363E-24
 0.51992432924765E-23
 0.74690109854874E-22
 0.50703053892510E-21
 0.36396898806192E-21
 0.75899362799779E-20
 0.20526539326735E-19
 0.75641110463935E-07
-0.41728636807541E-06
-0.42490495749616E-06
 0.53459614454359E-06
-0.24738259278755E-06
-0.36221039941258E-06
-0.31843063737929E-06
 0.58703046735711E-07
-0.78349147837208E-07
 0.35780570734956E-07
 0.11609506601526E-07
 0.20182593755599E-07
-0.10912887364090E-06
-0.57211234298273E-07
-0.42034728780942E-07
-0.10255967966502E-06
 0.10288979603757E-06
 0.80526649142596E-07
 0.43257813188906E-07
 0.23171753220700E-07
-0.36652262872326E-07
-0.69136015582925E-07
-0.38128024263984E-07
-0.43853746083548E-07
 0.62816382443295E-07
 0.18107330980969E-07
-0.53953515806281E-07
-0.14682607759463E-07
-0.89971154186560E-08
 0.24469925533875E-07
 0.45595617882360E-07
 0.26225033216828E-07
 0.82419840869557E-08
 0.14277028324570E-07
 0.57250573444340E-07
 0.88873945613716E-07
 0.59323812233989E-07
 0.43006507470833E-07
 0.10447294976212E-06
 0.12032599653310E-06
 0.17146172946872E-06
 0.21279431025613E-06
 0.30475400483019E-06
 0.39000312723353E-06
 0.48836237767610E-06
 0.61563011647578E-06
 0.84140545811948E-06
 0.10121616271224E-05
 0.13348906785624E-05
 0.16974086945459E-05
 0.19786453926490E-05
 0.24620953446785E-05
 0.29870526152257E-05
 0.36476733229292E-05
 0.43715387463163E-05
 0.53220345534339E-05
 0.63493305625142E-05
 0.75983341593769E-05
 0.89815846761304E-05
 0.10557030030253E-04
 0.12357139952337E-04
 0.14438960551831E-04
 0.16953343268057E-04
 0.19600573550206E-04
 0.22686026020137E-04
 0.26169503141093E-04
 0.30088814694010E-04
 0.34470333484136E-04
 0.39336077820617E-04
 0.44994132218510E-04
 0.51072650351093E-04
 0.57704308220537E-04
 0.65454102975463E-04
 0.73766582468928E-04
 0.82955429442648E-04
 0.93042014780672E-04
 0.10427431832303E-03
 0.11664478461018E-03
 0.12997984047713E-03
 0.14481264210616E-03
 0.16107895988213E-03
 0.17863257356369E-03
 0.19768807591215E-03
 0.21893368921653E-03
 0.24161959218266E-03
 0.26634691719763E-03
 0.29301990997151E-03
 0.32214316271434E-03
 0.35384493665855E-03
 0.38771686322327E-03
 0.42429768080317E-03
 0.46408954950966E-03
 0.50680193274256E-03
 0.55309239285866E-03
 0.60243268517561E-03
 0.65581288039358E-03
 0.71300565870373E-03
 0.77421432351628E-03
 0.84027010921327E-03
 0.91126738370115E-03
 0.98630415128064E-03
 0.10678501530243E-02
 0.11548104826178E-02
 0.12474441484525E-02
 0.13465742054723E-02
 0.14529432286271E-02
 0.15659937524688E-02
 0.16874341768286E-02
 0.18157459668313E-02
 0.19533073100292E-02
 0.20997604149291E-02
 0.22562938352452E-02
 0.24211295402927E-02
 0.25985527206006E-02
 0.27878041702415E-02
 0.29883448960798E-02
 0.32016639353865E-02
 0.34282406726772E-02
 0.36697320196002E-02
 0.39260236850551E-02
 0.41987231526352E-02
 0.44889679130923E-02
 0.47953129232002E-02
 0.51225587959007E-02
 0.54690178287935E-02
 0.58369735790231E-02
 0.62284085567903E-02
 0.66449835678411E-02
 0.70849216091933E-02
 0.75529052080464E-02
 0.80497790830967E-02
 0.85772872352915E-02
 0.91352974114032E-02
 0.97301302019443E-02
 0.10358416655802E-01
 0.11028772628937E-01
 0.11736536800080E-01
 0.12490775746359E-01
 0.13290073056785E-01
 0.14139130670751E-01
 0.15039640522138E-01
 0.15995908084912E-01
 0.17010599992002E-01
 0.18089846733291E-01
 0.19235063444445E-01
 0.20448957232621E-01
 0.21741408899409E-01
 0.23106203300955E-01
 0.24562437629833E-01
 0.26104416626164E-01
 0.27741368851490E-01
 0.29474350062824E-01
 0.31309434636671E-01
 0.33254252757729E-01
 0.35308076182214E-01
 0.37476357718620E-01
 0.39760165269641E-01
 0.42158871124406E-01
 0.44673694891921E-01
 0.47290140731501E-01
 0.50014652318578E-01
 0.52826275122806E-01
 0.55765445220010E-01
 0.58738613810511E-01
 0.61744879339296E-01
 0.64805653278955E-01
 0.67945619276252E-01
 0.70983864764922E-01
 0.74038592994607E-01
 0.77055479323788E-01
 0.80009394902305E-01
 0.82892608796872E-01
 0.85698231162825E-01
 0.88409897197500E-01
 0.91024585384153E-01
 0.93546794532545E-01
 0.95961707776279E-01
 0.98286176137276E-01
 0.10051221081868E+00
 0.10264688609686E+00
 0.10470026146597E+00
 0.10666320059301E+00
 0.10854872131953E+00
 0.11036779308635E+00
 0.11210675910036E+00
 0.11378756326167E+00
 0.11540459296488E+00
 0.11696014304128E+00
 0.11846858453623E+00
 0.11992256610634E+00
 0.12132756152900E+00
 0.12269084294883E+00
 0.12401153413119E+00
 0.12529692579097E+00
 0.12653457186329E+00
 0.12774348759389E+00
 0.12892165427912E+00
 0.13006554053878E+00
 0.13117623481255E+00
 0.13226652335947E+00
 0.13332714877153E+00
 0.13435585356430E+00
 0.13536803986260E+00
 0.13634991711916E+00
 0.13731151974489E+00
 0.13825550569222E+00
 0.13917073582794E+00
 0.14007258062852E+00
 0.14095188333152E+00
 0.14181424926169E+00
 0.14266498896565E+00
 0.14349071525236E+00
 0.14430656232911E+00
 0.14510519375541E+00
 0.14588429823752E+00
 0.14665157420655E+00
 0.14740491732955E+00
 0.14814655620097E+00
 0.14887152991319E+00
 0.14958519056874E+00
 0.15028695915381E+00
 0.15097434612544E+00
 0.15165121645970E+00
 0.15231753341905E+00
 0.15297223620145E+00
 0.15361975601979E+00
 0.15425518142585E+00
 0.15488222109807E+00
 0.15549276579508E+00
 0.15609781177295E+00
 0.15669187746725E+00
 0.15727802472692E+00
 0.15785479313930E+00
 0.15842331762659E+00
 0.15898454606215E+00
 0.15953718013943E+00
 0.16007899830420E+00
 0.16061557527145E+00
 0.16114361610356E+00
 0.16166546293028E+00
 0.16218214099764E+00
 0.16268430379103E+00
 0.16318650939109E+00
 0.16368189008232E+00
 0.16417093149829E+00
 0.16464517657728E+00
 0.16512015616275E+00
 0.16558331986373E+00
 0.16604920198420E+00
 0.16650197430263E+00
 0.16695044024611E+00
 0.16739593911188E+00
 0.16783392551090E+00
 0.16826501966638E+00
 0.16869185322916E+00
 0.16911323690943E+00
 0.16953103765612E+00
 0.16993813661854E+00
 0.17034810877206E+00
 0.17074810640610E+00
 0.17114537555826E+00
 0.17153770120593E+00
 0.17192538948061E+00
 0.17230915145821E+00
 0.17268702529326E+00
 0.17305819663144E+00
 0.17342880809007E+00
 0.17379559025618E+00
 0.17415627091554E+00
 0.17451263044370E+00
 0.17486653930150E+00
 0.17521373556813E+00
 0.17555919025734E+00
 0.17590031471619E+00
 0.17623660147591E+00
 0.17657173823198E+00
 0.17690134435561E+00
 0.17722871690460E+00
 0.17755078149698E+00
 0.17787004503043E+00
 0.17818609648168E+00
 0.17850282519219E+00
 0.17880847889489E+00
 0.17911664469769E+00
 0.17942136856021E+00
 0.17971781729945E+00
 0.18001601112083E+00
 0.18031108864787E+00
