 0.00000000000000E+00
 0.00000000000000E+00
-0.64243100920189E-27
 0.00000000000000E+00
 0.00000000000000E+00
-0.18684535519965E-25
-0.66663238884894E-24
-0.72670835116418E-23
-0.34888558855665E-22
-0.55480678180250E-23
-0.12568466205940E-20
-0.21405311297912E-20
-0.81824465993104E-20
-0.13037453469518E-19
-0.72687400623874E-19
-0.24175410407053E-19
-0.12514330093063E-18
-0.24712641749433E-18
-0.16083009870798E-18
-0.45256368282004E-18
 0.14735488248109E-18
-0.17582116659675E-17
-0.19508505093692E-17
-0.13280358783608E-17
-0.24755620256823E-17
-0.46654822791705E-17
-0.40800929682541E-17
-0.10123280426451E-16
-0.99876123105113E-17
 0.24015605499677E-07
 0.17258151105574E-09
-0.45295194854470E-07
-0.13765953107059E-07
 0.11816853713343E-06
-0.19171032319965E-06
-0.23748423109750E-06
 0.20014748963174E-06
-0.87227042660615E-07
 0.19864308985548E-06
 0.11320654723220E-06
-0.24974503725702E-07
-0.35962500527501E-07
 0.65244070767694E-07
-0.75130771326026E-07
 0.22726223419013E-07
 0.70569013335065E-07
 0.12802115470354E-06
 0.82661919341192E-07
 0.19781780830820E-06
-0.60475347555326E-07
 0.29789878441855E-07
-0.17786591939843E-06
 0.36822938510735E-07
 0.20970022608623E-06
 0.22498422225047E-06
-0.35668693151815E-07
 0.33417041092763E-07
-0.53784310609250E-07
-0.26098745254578E-07
-0.15291609272809E-06
-0.39002166245162E-07
-0.26021207004658E-07
 0.78742919518609E-07
 0.12729606450115E-06
-0.21045637356375E-06
 0.29767562701359E-07
-0.12802036539589E-06
-0.10940620915679E-06
 0.40099394775980E-06
 0.19855609831155E-07
-0.33195659448918E-06
-0.35969276356933E-06
 0.18009646229225E-06
 0.80779869712258E-07
-0.19431557494478E-06
 0.51607095690412E-06
-0.14693952345638E-06
-0.37384481483795E-06
 0.52327892300207E-06
-0.69216697184425E-06
 0.50054290363171E-06
 0.43281127760809E-07
 0.10716903144645E-06
 0.27970343767429E-06
-0.19474094641828E-06
 0.20642566710990E-06
 0.75234875794144E-06
-0.64813646542809E-06
-0.36620391948457E-06
 0.93348806469065E-07
-0.68538399454769E-06
-0.27053141225545E-07
 0.79168451258543E-06
-0.31930189203356E-06
 0.37939010915874E-06
-0.16756203403597E-05
-0.17892212051404E-05
-0.82391904535905E-08
 0.15261570998037E-05
-0.96804135981920E-06
-0.21987754802556E-05
 0.10627708845442E-05
 0.49424205134416E-06
-0.16869857199881E-05
 0.64655244912516E-06
-0.20064735555358E-06
 0.31104359272217E-05
-0.10042249071222E-05
-0.15915145952884E-05
 0.13003253184496E-05
-0.14895033480266E-05
 0.48621731907919E-06
-0.24199217411564E-05
 0.13428371859064E-05
 0.30808186936182E-05
-0.13876073315082E-08
-0.13454296236190E-05
 0.26493364313926E-05
 0.58614434191492E-06
-0.13969741319923E-05
-0.10370365736090E-05
-0.22116169213956E-05
-0.86981754476172E-07
-0.12411094852461E-05
 0.56455441240713E-05
-0.12057472377441E-05
-0.11674702505672E-05
-0.23919547368968E-05
 0.87213593345005E-06
 0.49967514706346E-05
-0.17430074859639E-05
 0.12031519861348E-04
 0.45315941464250E-06
-0.71599453617750E-06
 0.66339264259240E-05
 0.36573631265240E-05
-0.54770746760279E-06
 0.12671267286185E-05
 0.55374455180397E-05
-0.30338546024687E-05
-0.23448052757635E-05
 0.22783408471942E-05
 0.55896476576130E-05
-0.51509453584299E-06
-0.72320026390283E-06
 0.35668000855508E-05
 0.18022508147947E-05
-0.26166988311107E-05
 0.18279322084284E-05
 0.60082064111038E-05
-0.18082573419649E-05
 0.23599524453762E-05
-0.88073910401812E-06
 0.72444878160835E-05
 0.21420144262729E-05
-0.89118574156834E-05
 0.46140526645553E-05
-0.18904274175985E-05
-0.84158617650957E-05
-0.49579162894736E-06
 0.76667394239400E-05
 0.48348914730399E-05
 0.11786472691615E-05
-0.40190379383773E-05
-0.13405885768869E-05
 0.85783152796945E-06
 0.93654221427047E-06
 0.34924198198461E-07
-0.55717138339966E-05
-0.36998887712779E-05
 0.23898221585015E-05
 0.29717977209388E-04
-0.43501922592018E-05
 0.10037857973268E-03
-0.91196395618498E-05
-0.22451323898989E-04
 0.18884835517031E-04
 0.33451932454519E-05
-0.66682038577959E-05
 0.88231532416732E-05
 0.20031799188130E-04
 0.42900053544073E-05
-0.62623832895640E-04
-0.17082684351048E-04
 0.36782253298835E-04
-0.41411928882803E-06
-0.56246976463283E-04
 0.75293868560875E-05
-0.58512866163874E-04
-0.40593686471384E-04
-0.15242944457605E-04
-0.13826592254791E-04
 0.68087185601418E-04
-0.57824591919235E-04
 0.11194528158982E-04
 0.45032352198172E-05
 0.20222462162005E-04
 0.28195851914383E-04
 0.20297544355881E-04
-0.41344234945072E-06
-0.46689422787616E-05
-0.25358500145100E-04
-0.76429864209110E-05
-0.99163521195693E-05
 0.13990785323655E-04
 0.39700754035414E-06
 0.12769785607535E-04
 0.57703816352151E-05
 0.27116422940810E-04
-0.30717893442755E-05
-0.21139641794560E-04
-0.91775205551225E-05
-0.13596021945497E-04
-0.92873737619723E-05
-0.31891191900419E-05
 0.20893748159987E-04
-0.98678160395564E-05
 0.33767231265193E-05
 0.18221422961637E-05
-0.12784260276766E-04
-0.10534793456810E-05
-0.34976582230318E-04
-0.50426391771247E-05
-0.10103270347171E-04
-0.10108409676652E-04
-0.41183436349895E-04
-0.22837153080470E-04
-0.12312588683569E-05
-0.20424328937204E-04
-0.14287755835224E-04
-0.48166172143745E-05
-0.85118322234213E-05
 0.52482422121912E-05
 0.10027781379438E-04
 0.34165508627198E-04
-0.24309045214673E-04
 0.87893489466470E-05
 0.34874736715399E-05
 0.37610492436761E-06
 0.21492014614590E-04
-0.16951955129726E-04
-0.11707652132822E-04
 0.73819274947748E-05
 0.16936007247012E-04
-0.96362453392044E-05
 0.33651240340518E-04
-0.20135120995223E-04
-0.37379991859976E-04
-0.28674033943484E-04
-0.22971401746045E-04
 0.27433855573565E-05
-0.69358338146296E-05
-0.12974138429493E-05
-0.35834839049792E-05
-0.29348999337492E-04
 0.41907930017641E-07
-0.45053958129565E-05
-0.87828607627342E-05
 0.47374001109541E-05
-0.15730682222387E-04
-0.46913636223740E-05
-0.16283934358648E-04
 0.50445101423376E-05
 0.14674444605716E-04
-0.59208558580087E-05
 0.10541312524535E-04
 0.23624404698820E-04
 0.19037135236751E-04
-0.27165777446923E-04
-0.18743544357793E-04
 0.20260220654392E-05
 0.18842406432306E-06
 0.20498491564204E-04
-0.10074131804397E-05
 0.31301633065798E-05
-0.12456679388041E-05
 0.16853735497321E-04
-0.51760088786714E-05
-0.19233305134374E-04
-0.18678663967045E-04
-0.49687519642958E-05
-0.34590356486203E-04
-0.17889374788576E-06
 0.18720529630763E-04
-0.49493406504429E-05
 0.39693214857181E-05
-0.47254016620608E-05
 0.21524756953207E-06
-0.12086494994015E-04
 0.11188005648131E-04
-0.51264965393363E-05
 0.45030048243757E-05
-0.72917786506224E-05
 0.65819489151416E-05
-0.65934336563256E-05
-0.70135471531922E-05
 0.51459828454740E-05
 0.38768317793774E-06
-0.13327081736592E-05
-0.12686189873362E-05
