 0.00000000000000E+00
 0.00000000000000E+00
-0.93951032074683E-27
 0.00000000000000E+00
 0.00000000000000E+00
-0.24918349807685E-25
-0.81745467318772E-24
-0.15638468607063E-22
-0.13462681670428E-21
-0.12080150387775E-21
-0.29953333494339E-20
-0.10202023191777E-19
-0.54533881657907E-07
 0.28476022787315E-06
 0.52352301217604E-06
-0.58786677080075E-06
 0.35571106973364E-06
 0.44046877759898E-06
 0.39546022869747E-06
-0.14846201391254E-06
 0.98587694587026E-07
-0.26557803973842E-07
-0.10971063782339E-06
-0.12290230673805E-06
 0.17824562753725E-06
-0.44758290745319E-08
 0.66857577832355E-07
 0.28340516109287E-06
-0.25295328172970E-06
-0.33482899900213E-06
-0.10450781012086E-06
-0.11301219131728E-07
 0.18989715304898E-06
 0.29080763029890E-06
 0.20138339308642E-06
 0.23442441970389E-06
-0.34305779124826E-06
-0.10917688270461E-06
 0.32064995379351E-06
 0.35176788373815E-07
 0.68833391318885E-08
-0.10295260287527E-06
-0.18825221300377E-06
 0.75481167935396E-08
 0.11599060107695E-07
-0.35886249737688E-07
-0.26333476119441E-06
-0.36594163373782E-06
-0.87775074328847E-07
 0.22677432758148E-06
-0.33306230690899E-07
 0.15866979053010E-06
 0.83946735862671E-07
 0.32022657071203E-06
 0.14139594011344E-06
 0.25625796794430E-06
 0.55462620327642E-06
 0.84991290757417E-06
 0.50196395861026E-06
 0.12729252896660E-05
 0.85658821054298E-06
 0.48002172327757E-06
 0.21879136578603E-05
 0.23421557612956E-05
 0.31726094153144E-05
 0.36288432425912E-05
 0.48886302877891E-05
 0.48916224221363E-05
 0.60685943610488E-05
 0.64499180256630E-05
 0.79128985648996E-05
 0.99332324279516E-05
 0.12587910147867E-04
 0.15175477319404E-04
 0.15605924015188E-04
 0.19398290739170E-04
 0.22453523872799E-04
 0.25856683500529E-04
 0.29821633352915E-04
 0.34676314698152E-04
 0.40030228960391E-04
 0.41907578888123E-04
 0.48659326067691E-04
 0.61275090393960E-04
 0.58522838094515E-04
 0.71213345154277E-04
 0.83061251074775E-04
 0.94839424857635E-04
 0.10507027627365E-03
 0.11541768611618E-03
 0.13366760640231E-03
 0.14665145242155E-03
 0.15970949019265E-03
 0.18125630384832E-03
 0.20564118202704E-03
 0.21608954833521E-03
 0.24305674506885E-03
 0.26486852014964E-03
 0.30073942767620E-03
 0.32769148017020E-03
 0.35051596249579E-03
 0.39045315465153E-03
 0.43324861602647E-03
 0.46618261920413E-03
 0.51316271454020E-03
 0.54745809169970E-03
 0.60842371541570E-03
 0.65640910387289E-03
 0.71846286365562E-03
 0.78442522656792E-03
 0.84354729701835E-03
 0.90180967349715E-03
 0.10116536518665E-02
 0.10778458071272E-02
 0.11607803086782E-02
 0.12566814960964E-02
 0.13716943299378E-02
 0.14539170769799E-02
 0.15812561612554E-02
 0.16682273285838E-02
 0.18343354170562E-02
 0.19712041220279E-02
 0.21330918703012E-02
 0.22704196972456E-02
 0.24860643048844E-02
 0.26804264423165E-02
 0.28288151112875E-02
 0.30439261129157E-02
 0.32523893038599E-02
 0.35162031036930E-02
 0.37481946139375E-02
 0.40231492850682E-02
 0.42946726879420E-02
 0.45768220062069E-02
 0.49466598620276E-02
 0.52583230093250E-02
 0.56784390854145E-02
 0.60935077039498E-02
 0.65016474459888E-02
 0.68304727613858E-02
 0.73591106997784E-02
 0.78595334960659E-02
 0.83741926028391E-02
 0.89059695800377E-02
 0.96030953615513E-02
 0.10199317843998E-01
 0.10943599618040E-01
 0.11634399102747E-01
 0.12526759411859E-01
 0.13268458774511E-01
 0.14164301961026E-01
 0.15102317478116E-01
 0.16129859931949E-01
 0.17202810093075E-01
 0.18351380075551E-01
 0.19558996851677E-01
 0.20827102494378E-01
 0.22190239086154E-01
 0.23385262066953E-01
 0.25224981265387E-01
 0.26693799376695E-01
 0.28418235271088E-01
 0.29998846862186E-01
 0.31988383701901E-01
 0.34096106420022E-01
 0.36080632130044E-01
 0.38271309232398E-01
 0.40454261555559E-01
 0.42642269637915E-01
 0.44940049703849E-01
 0.46988714434940E-01
 0.50170667361445E-01
 0.52684902233571E-01
 0.56588373373714E-01
 0.53928812747321E-01
 0.56242125827760E-01
 0.60476948705369E-01
 0.63077963524274E-01
 0.58626884440947E-01
 0.62327956068400E-01
 0.62423799951605E-01
 0.61761736987541E-01
 0.61440828003435E-01
 0.60607224931759E-01
 0.59106028780224E-01
 0.57642128004576E-01
 0.56372079056438E-01
 0.54341317942887E-01
 0.53178189270244E-01
 0.51229843340174E-01
 0.49879869220984E-01
 0.48581966617797E-01
 0.46406222619742E-01
 0.45244413847588E-01
 0.44020640106339E-01
 0.42068303961829E-01
 0.41268863582146E-01
 0.39782994014462E-01
 0.38654146769412E-01
 0.38164622856429E-01
 0.36813065247636E-01
 0.35942331978969E-01
 0.35345489364747E-01
 0.34736494897328E-01
 0.33968345581213E-01
 0.32820989106282E-01
 0.32975820597629E-01
 0.32232548770817E-01
 0.31549334360670E-01
 0.30991757253088E-01
 0.30992243241507E-01
 0.29692425988530E-01
 0.29034253332857E-01
 0.29571452075423E-01
 0.28462194804157E-01
 0.28181968057724E-01
 0.28237482990019E-01
 0.27157674956630E-01
 0.27790850525427E-01
 0.27256184103117E-01
 0.27341005911572E-01
 0.27335554711616E-01
 0.26256680085066E-01
 0.26648751898342E-01
 0.25774995516091E-01
 0.25380059018995E-01
 0.25583399685938E-01
 0.25672231727672E-01
 0.25404953978568E-01
 0.24696032439556E-01
 0.24953246214562E-01
 0.24722761583983E-01
 0.24460981395996E-01
 0.24641515298294E-01
 0.24614795891994E-01
 0.24453573965127E-01
 0.24535813056618E-01
 0.23938352678684E-01
 0.23489398169217E-01
 0.22721414645429E-01
 0.23243017392829E-01
 0.23184516163418E-01
 0.23179709742179E-01
 0.23211228336303E-01
 0.23076645995944E-01
 0.23264883825562E-01
 0.22781743809106E-01
 0.22672292122428E-01
 0.23155983945841E-01
 0.22957024853004E-01
 0.23048121574721E-01
 0.22948693840550E-01
 0.22281642400629E-01
 0.23009977810683E-01
 0.22387464162242E-01
 0.21700586948105E-01
 0.21155494658413E-01
 0.22452326310950E-01
 0.21956236380768E-01
 0.22658731035956E-01
 0.21675091554973E-01
 0.22079916970502E-01
 0.22136803179080E-01
 0.21547223333676E-01
 0.21524157656459E-01
 0.21856422833449E-01
 0.21571103874413E-01
 0.21721281990861E-01
 0.21214634375832E-01
 0.22436954244912E-01
 0.21206045624041E-01
 0.21641540597705E-01
 0.21428319534203E-01
 0.21179303462537E-01
 0.20992916921420E-01
 0.20484853654009E-01
 0.20616143919309E-01
 0.21367211837202E-01
 0.20841135914839E-01
 0.20475664551196E-01
 0.20497312036161E-01
 0.20716154783284E-01
 0.20337882151727E-01
 0.20706728507590E-01
 0.20725187640300E-01
 0.20510427290900E-01
 0.20930175699932E-01
 0.20371079247130E-01
 0.20472109688356E-01
 0.20356451235888E-01
 0.20611441465504E-01
 0.20774502549798E-01
 0.20611220350500E-01
 0.19351550275138E-01
 0.20598022613222E-01
 0.20203671386471E-01
 0.19768014176202E-01
 0.20696198967856E-01
 0.20289129533578E-01
 0.20023502006676E-01
