 0.00000000000000E+00
 0.00000000000000E+00
 0.00000000000000E+00
-0.48182325690142E-27
 0.00000000000000E+00
-0.18684535519965E-25
-0.29115762437869E-24
-0.67875297773710E-23
-0.60989397999565E-22
 0.10592326543195E-12
 0.10724152490424E-06
 0.22027911025622E-06
 0.75368401698705E-06
 0.11295932075378E-05
-0.99747717588935E-07
 0.71477693941266E-07
-0.57018777236872E-06
 0.21968932529296E-06
-0.59874120265918E-07
-0.62579529031983E-06
-0.14798437731568E-06
 0.47186529695546E-06
 0.72975856726488E-07
-0.45290031117179E-06
 0.10689143514129E-06
-0.12331927218101E-06
-0.18395646636430E-06
 0.78226598696812E-07
-0.93556175155729E-07
-0.10243249067975E-06
 0.17987949106545E-06
-0.21181450163188E-06
-0.28383076344607E-06
-0.44979699483702E-07
-0.23482195665629E-06
 0.89035102149650E-07
 0.15745383248583E-06
 0.73910579890501E-07
 0.23921230670531E-06
 0.98015092340937E-08
 0.33052078503004E-06
-0.23281484322771E-07
 0.18416075194464E-06
-0.14601697586105E-06
 0.30939943601883E-06
 0.79073793053970E-07
 0.15379963613887E-06
 0.27770168867291E-06
 0.89900184101017E-07
 0.35881383544110E-06
 0.71171259477942E-06
 0.57011852564744E-06
 0.81337157415429E-06
 0.96706616404702E-06
 0.12463657344913E-05
 0.16770301372192E-05
 0.22277853609146E-05
 0.24483440761044E-05
 0.31497100205921E-05
 0.39441556899192E-05
 0.45584442398111E-05
 0.56162289965491E-05
 0.68319542180114E-05
 0.79052469266892E-05
 0.96806167700348E-05
 0.11034744807883E-04
 0.13047742270214E-04
 0.15575205424019E-04
 0.18025321923318E-04
 0.20888905027703E-04
 0.24309446519351E-04
 0.26971835594276E-04
 0.31748653872775E-04
 0.36219716072004E-04
 0.40781065084924E-04
 0.47033451339813E-04
 0.52284768677328E-04
 0.58848996944320E-04
 0.67078032231442E-04
 0.75941746671343E-04
 0.82868238275844E-04
 0.92346402281025E-04
 0.10602977333054E-03
 0.11653542595400E-03
 0.12766610211222E-03
 0.14309530054299E-03
 0.15784075422680E-03
 0.17342093090509E-03
 0.19093827067467E-03
 0.20986548848680E-03
 0.22995550854724E-03
 0.25250430019418E-03
 0.27672167907841E-03
 0.30032989696290E-03
 0.32941074319347E-03
 0.35756320397696E-03
 0.39039733834265E-03
 0.42327983777878E-03
 0.45952948748153E-03
 0.49731352032495E-03
 0.54143823111626E-03
 0.58210224880220E-03
 0.63067478044073E-03
 0.67886379270817E-03
 0.73152891191320E-03
 0.78599118515555E-03
 0.84945950850383E-03
 0.91182053924690E-03
 0.97921880252899E-03
 0.10498226684412E-02
 0.11287739394424E-02
 0.12074879862395E-02
 0.12946430071069E-02
 0.13868423067348E-02
 0.14889770524404E-02
 0.15864844149286E-02
 0.16903981685291E-02
 0.18105458090089E-02
 0.19263976761678E-02
 0.20584975412911E-02
 0.21974889132240E-02
 0.23438482754974E-02
 0.24954946670736E-02
 0.26526555761263E-02
 0.28253539654411E-02
 0.29963257922774E-02
 0.31971772858093E-02
 0.33936885413416E-02
 0.36161201590950E-02
 0.38347383341705E-02
 0.40774530463519E-02
 0.43163589134432E-02
 0.45802248238089E-02
 0.48662598660633E-02
 0.51826674901569E-02
 0.54803995821853E-02
 0.58116983839508E-02
 0.61492786633225E-02
 0.65337518238443E-02
 0.69317224756572E-02
 0.73519478925041E-02
 0.77650762355061E-02
 0.82350024581790E-02
 0.87381448334173E-02
 0.92663995613393E-02
 0.97916429290107E-02
 0.10368045245728E-01
 0.10994041830081E-01
 0.11623785205484E-01
 0.12320463852782E-01
 0.13036024841376E-01
 0.13802316093837E-01
 0.14626453168903E-01
 0.15486839769004E-01
 0.16352835805178E-01
 0.17333748075033E-01
 0.18337148146144E-01
 0.19382172778889E-01
 0.20503685040578E-01
 0.21680015662411E-01
 0.22897929427882E-01
 0.24178412229243E-01
 0.25505602306605E-01
 0.26936128046743E-01
 0.28360659987583E-01
 0.29832739946758E-01
 0.31220737897977E-01
 0.32682592652740E-01
 0.34358433395876E-01
 0.36187382874390E-01
 0.37730252855971E-01
 0.39064239361801E-01
 0.39825595905611E-01
 0.40883165420385E-01
 0.41552463808317E-01
 0.42127813919999E-01
 0.42601822907109E-01
 0.42875859813256E-01
 0.42508759115267E-01
 0.41833303522483E-01
 0.41171184408568E-01
 0.40176094931486E-01
 0.39012734196094E-01
 0.37763130005064E-01
 0.36508805777407E-01
 0.35184431026741E-01
 0.33839708743127E-01
 0.32552645659554E-01
 0.31315432770480E-01
 0.30134976504354E-01
 0.29032060090687E-01
 0.27935980255206E-01
 0.26922517395002E-01
 0.26016692390587E-01
 0.25116005851219E-01
 0.24282182661635E-01
 0.23500071139057E-01
 0.22775344717589E-01
 0.22163143717373E-01
 0.21567398972462E-01
 0.20975877280957E-01
 0.20535750613890E-01
 0.19939192306027E-01
 0.19483144034717E-01
 0.18994049848071E-01
 0.18611427287143E-01
 0.18251201244745E-01
 0.17900578934251E-01
 0.17481991931583E-01
 0.17153832190567E-01
 0.16822601671901E-01
 0.16564590637409E-01
 0.16224182182882E-01
 0.16031914997222E-01
 0.15741889082099E-01
 0.15439694640691E-01
 0.15229488111372E-01
 0.15041088407719E-01
 0.14861783645503E-01
 0.14639193573304E-01
 0.14424300631885E-01
 0.14257637199255E-01
 0.14111877805255E-01
 0.13888167686399E-01
 0.13759585203398E-01
 0.13574520363697E-01
 0.13438763782700E-01
 0.13267604153666E-01
 0.13105048244812E-01
 0.12925048202845E-01
 0.12898172457187E-01
 0.12695044212111E-01
 0.12618513226794E-01
 0.12446040305064E-01
 0.12323022036554E-01
 0.12226711727195E-01
 0.12097617992773E-01
 0.12023275417171E-01
 0.11873755450849E-01
 0.11814163012025E-01
 0.11688391124920E-01
 0.11603592072526E-01
 0.11543608651480E-01
 0.11443315525737E-01
 0.11283046757497E-01
 0.11212015023918E-01
 0.11139270318318E-01
 0.11015594443444E-01
 0.10964625007219E-01
 0.10840877505034E-01
 0.10825351129280E-01
 0.10716916391616E-01
 0.10625308697845E-01
 0.10559818939889E-01
 0.10502036276180E-01
 0.10409769643661E-01
 0.10317002488010E-01
 0.10286603028338E-01
 0.10238906681526E-01
 0.10123272473234E-01
 0.10089321809450E-01
 0.99480248546501E-02
 0.99056481093479E-02
 0.98778141684764E-02
 0.97852763898947E-02
 0.97734765216501E-02
 0.96561729739951E-02
 0.96348085197145E-02
 0.95499549230054E-02
 0.94923319935983E-02
 0.94634349945722E-02
 0.94473579754368E-02
 0.93710995423769E-02
 0.93022351374700E-02
 0.92495489026484E-02
 0.91932439856426E-02
 0.91304266013794E-02
 0.91028768539917E-02
 0.90117834470496E-02
 0.90128703718024E-02
 0.89451985626649E-02
 0.89140936343500E-02
 0.88016343323185E-02
 0.87549342011837E-02
 0.87400644715807E-02
 0.86759497932684E-02
 0.86429653093218E-02
 0.85774360317874E-02
 0.85928007464354E-02
 0.85201102144596E-02
 0.84878196643892E-02
 0.84320790530569E-02
 0.83883213089809E-02
 0.83381229613243E-02
 0.83157620016259E-02
 0.82358156315995E-02
 0.82091982460788E-02
 0.82213257753939E-02
 0.81752327309678E-02
 0.81069444303192E-02
