 0.00000000000000E+00
 0.00000000000000E+00
 0.00000000000000E+00
 0.17425753498722E-25
 0.00000000000000E+00
 0.20763930593363E-24
 0.44189646988092E-23
 0.40010843414218E-22
 0.41230387536544E-21
-0.11634558851056E-11
 0.94229494033971E-07
-0.45858765572241E-06
 0.93482246333532E-07
 0.26518851062716E-06
-0.51645495029640E-06
 0.20701709666835E-07
 0.49958201348907E-07
-0.33938357645921E-06
-0.10578718222837E-06
 0.98340003139436E-07
-0.26348913824676E-06
-0.31947673624897E-06
 0.38171466667711E-07
 0.55368335987202E-07
 0.13763425393459E-06
 0.10111486651531E-06
 0.31199035618413E-07
-0.29266712479270E-07
-0.16823330264549E-06
 0.83703133277592E-07
 0.83408834809833E-08
 0.48037566159132E-07
 0.63115817898484E-07
-0.21799826912336E-07
 0.61670306399144E-07
-0.54387533208845E-07
 0.32671118544711E-07
 0.37025032794950E-07
-0.47916948604389E-07
-0.60132378945395E-08
 0.10195886598902E-06
 0.10962305425270E-06
 0.12134909257207E-06
 0.10543296686193E-06
 0.19541154102902E-06
 0.27139491051343E-06
 0.40556452667145E-06
 0.54747540599378E-06
 0.73404945114962E-06
 0.97605916056386E-06
 0.11906868187084E-05
 0.15732148667715E-05
 0.19486513255949E-05
 0.25046482472049E-05
 0.31954426193652E-05
 0.39575833454320E-05
 0.47763335985187E-05
 0.59420320734627E-05
 0.72319678460359E-05
 0.86655393591515E-05
 0.10364058013114E-04
 0.12349695925293E-04
 0.14707199199059E-04
 0.17352185302871E-04
 0.20390996529567E-04
 0.23770957115532E-04
 0.27652110077967E-04
 0.32029003948000E-04
 0.37045565994547E-04
 0.42587674448778E-04
 0.48786988376997E-04
 0.55694500522166E-04
 0.63364381697334E-04
 0.71968851962620E-04
 0.81302206817252E-04
 0.91810631715548E-04
 0.10350745416060E-03
 0.11607320174498E-03
 0.12969658643425E-03
 0.14462825088793E-03
 0.16133568771378E-03
 0.17975610176660E-03
 0.19951406142341E-03
 0.22058211682464E-03
 0.24392240086530E-03
 0.26920869453539E-03
 0.29637030201654E-03
 0.32581892647734E-03
 0.35745924837886E-03
 0.39196375238950E-03
 0.42869373093023E-03
 0.46854633986925E-03
 0.51105918939788E-03
 0.55679476018905E-03
 0.60606684155126E-03
 0.65871377896143E-03
 0.71475873361094E-03
 0.77554725021558E-03
 0.84007567981362E-03
 0.90883328254840E-03
 0.98231029386396E-03
 0.10608704379217E-02
 0.11445189232213E-02
 0.12333664354864E-02
 0.13286384219187E-02
 0.14293955294286E-02
 0.15371116531091E-02
 0.16507663472796E-02
 0.17726740923072E-02
 0.19014585484760E-02
 0.20386646397755E-02
 0.21834973217421E-02
 0.23379905607791E-02
 0.25016856404111E-02
 0.26747953841619E-02
 0.28587930933459E-02
 0.30530840960998E-02
 0.32594723963952E-02
 0.34783946297307E-02
 0.37095695665991E-02
 0.39546965545213E-02
 0.42144161025716E-02
 0.44885861251194E-02
 0.47792990357947E-02
 0.50861342125557E-02
 0.54095950133194E-02
 0.57541677913473E-02
 0.61163803945420E-02
 0.65014236659587E-02
 0.69074155542771E-02
 0.73360691655872E-02
 0.77905254713870E-02
 0.82694530128154E-02
 0.87755684769395E-02
 0.93111976164173E-02
 0.98777556645022E-02
 0.10476816679326E-01
 0.11107908557359E-01
 0.11775431071779E-01
 0.12481109078571E-01
 0.13227491516427E-01
 0.14015940091206E-01
 0.14852582865616E-01
 0.15734623273145E-01
 0.16664706475863E-01
 0.17650097138869E-01
 0.18691762976215E-01
 0.19794046140783E-01
 0.20958651945092E-01
 0.22189535522641E-01
 0.23490501390902E-01
 0.24867085426983E-01
 0.26322459833273E-01
 0.27859742147645E-01
 0.29489405850160E-01
 0.31212078234427E-01
 0.33029025271253E-01
 0.34949189343943E-01
 0.36975367775520E-01
 0.39115411787274E-01
 0.41369833930582E-01
 0.43745463085836E-01
 0.46246676565532E-01
 0.48871384598368E-01
 0.51619655838064E-01
 0.54495153315508E-01
 0.57495474406873E-01
 0.60611765835743E-01
 0.63824466608945E-01
 0.67114754270323E-01
 0.70450721337166E-01
 0.73798784224946E-01
 0.77168369936196E-01
 0.80509186396987E-01
 0.83792746606766E-01
 0.86973372835595E-01
 0.90011787678514E-01
 0.92897685280642E-01
 0.95612653277792E-01
 0.98179915283709E-01
 0.10057968376151E+00
 0.10282214281417E+00
 0.10492743457724E+00
 0.10691348382804E+00
 0.10878422333516E+00
 0.11056070092702E+00
 0.11225205228502E+00
 0.11387034109992E+00
 0.11542434822129E+00
 0.11691814924187E+00
 0.11836309690354E+00
 0.11976205782702E+00
 0.12111487067366E+00
 0.12243790346827E+00
 0.12371309855066E+00
 0.12496169107460E+00
 0.12617769002938E+00
 0.12735922254154E+00
 0.12851855299018E+00
 0.12965032424791E+00
 0.13075249914582E+00
 0.13183369745078E+00
 0.13288501517872E+00
 0.13392014973373E+00
 0.13492878349705E+00
 0.13592133477852E+00
 0.13688844255617E+00
 0.13783774958304E+00
 0.13876444812569E+00
 0.13968046970195E+00
 0.14057420985615E+00
 0.14144983014491E+00
 0.14231141703288E+00
 0.14314891255388E+00
 0.14397775943478E+00
 0.14479322819858E+00
 0.14559174165221E+00
 0.14637417522448E+00
 0.14714303065089E+00
 0.14790132598545E+00
 0.14864196219229E+00
 0.14937226288747E+00
 0.15008664108571E+00
 0.15079155378769E+00
 0.15148518886050E+00
 0.15216477608228E+00
 0.15283515923738E+00
 0.15349461131148E+00
 0.15414644508021E+00
 0.15478482685059E+00
 0.15541511900077E+00
 0.15603132881140E+00
 0.15664221489036E+00
 0.15724071860893E+00
 0.15783237029514E+00
 0.15841458307777E+00
 0.15898508884650E+00
 0.15955106896263E+00
 0.16010503794153E+00
 0.16065612136804E+00
 0.16119592958705E+00
 0.16172714378463E+00
 0.16225366819121E+00
 0.16277248751138E+00
 0.16328188062867E+00
 0.16378673542553E+00
 0.16428033229989E+00
 0.16477247234031E+00
 0.16525558907825E+00
 0.16573107393620E+00
 0.16620090357780E+00
 0.16666368079501E+00
 0.16712335381286E+00
 0.16757437783584E+00
 0.16802383212279E+00
 0.16846108519835E+00
 0.16889733234055E+00
 0.16932748415791E+00
 0.16974821748152E+00
 0.17016900033217E+00
 0.17058091765759E+00
 0.17098852258243E+00
 0.17139351403179E+00
 0.17179039153294E+00
 0.17218380670268E+00
 0.17257423248581E+00
 0.17295654490583E+00
 0.17333374274428E+00
 0.17371167068540E+00
 0.17408164249992E+00
 0.17444944877064E+00
 0.17481043679097E+00
 0.17516811596391E+00
 0.17552233442400E+00
 0.17587172921623E+00
 0.17621985130928E+00
 0.17655957726275E+00
 0.17689740907757E+00
 0.17723261069278E+00
 0.17756170844626E+00
 0.17788960883097E+00
 0.17821445995052E+00
 0.17853237686130E+00
 0.17885113916380E+00
 0.17916149406266E+00
 0.17947310629636E+00
 0.17977884768610E+00
 0.18008133382170E+00
 0.18038231812895E+00
 0.18067805991580E+00
 0.18097276868774E+00
 0.18126225476000E+00
 0.18154988918381E+00
 0.18183511211903E+00
 0.18211637163059E+00
 0.18239599540145E+00
 0.18267401369448E+00
 0.18294541465638E+00
 0.18321698294960E+00
 0.18348398360687E+00
