 0.00000000000000E+00
 0.00000000000000E+00
 0.00000000000000E+00
-0.93951032074683E-27
 0.00000000000000E+00
-0.24918349807685E-25
-0.74131629568504E-24
-0.88674649891497E-23
-0.11181127313262E-21
 0.31914066740831E-12
-0.17031591796421E-07
 0.26149736866631E-06
-0.86806999800546E-07
-0.12930787500868E-06
 0.42746729388111E-06
 0.47042075045077E-08
-0.28038759650795E-07
 0.29454284847815E-06
 0.12599021408096E-06
-0.65781556257594E-07
 0.39444139194564E-06
 0.49581967132112E-06
 0.52410132561763E-07
-0.11127363463668E-06
-0.39623787355018E-06
-0.15409112786003E-06
-0.78511588594530E-07
 0.91809143451743E-07
 0.53740266190237E-06
-0.23912213223155E-06
-0.66855859178529E-07
-0.17711802843918E-06
-0.26933897779071E-06
 0.75972649848733E-07
-0.23164302480472E-06
 0.32938486147494E-06
-0.11292286673364E-06
-0.19134200373048E-06
 0.43132553361056E-06
 0.25228124561609E-06
-0.12922101248395E-06
-0.19930064505310E-06
 0.65658057243293E-07
 0.51366036128719E-06
 0.43403341633494E-06
 0.66299878491417E-06
 0.62013520562622E-06
 0.60736181732821E-06
 0.80312053003325E-06
 0.92942138296933E-06
 0.18213589160549E-05
 0.17982362728976E-05
 0.25047012023220E-05
 0.29312653385512E-05
 0.31087938889798E-05
 0.38189226833420E-05
 0.55418333722160E-05
 0.57773726361144E-05
 0.68238409860108E-05
 0.88745883950258E-05
 0.10770342686220E-04
 0.12994737603860E-04
 0.14418675210038E-04
 0.17034544051499E-04
 0.19835601902145E-04
 0.23900670503718E-04
 0.27874536824516E-04
 0.32888727179048E-04
 0.36530864220246E-04
 0.42066461227034E-04
 0.48620848838582E-04
 0.55869322815446E-04
 0.64434227283588E-04
 0.71876275234864E-04
 0.83708211720753E-04
 0.93400205822577E-04
 0.99764648861230E-04
 0.11240776104689E-03
 0.13068430027335E-03
 0.15095867292440E-03
 0.16589536705396E-03
 0.17803501457192E-03
 0.19676469870009E-03
 0.22651966330367E-03
 0.24356641129654E-03
 0.26776897281871E-03
 0.29678060741185E-03
 0.32637342092694E-03
 0.36062160388282E-03
 0.39007244482354E-03
 0.43283447708193E-03
 0.46895172123889E-03
 0.51660575404063E-03
 0.56226673278574E-03
 0.61084706621033E-03
 0.66538843951525E-03
 0.73285278166823E-03
 0.77892071352647E-03
 0.84663743557713E-03
 0.92007314481108E-03
 0.99428200950564E-03
 0.10757677449359E-02
 0.11604447996052E-02
 0.12631214147363E-02
 0.13468987419072E-02
 0.14640036677853E-02
 0.15651019489293E-02
 0.17039325423444E-02
 0.18098363875599E-02
 0.19528227727985E-02
 0.20884486525347E-02
 0.22672168274024E-02
 0.24245011367199E-02
 0.25911692741894E-02
 0.27870890769225E-02
 0.29687641161482E-02
 0.32064864642879E-02
 0.34299482359297E-02
 0.36439753304636E-02
 0.39192369976726E-02
 0.41808500028516E-02
 0.44486954863839E-02
 0.47751582076597E-02
 0.50604648698407E-02
 0.54275617270778E-02
 0.58425060137677E-02
 0.61812823162752E-02
 0.66396876766841E-02
 0.70384466987688E-02
 0.74949838896170E-02
 0.80066058314068E-02
 0.84946443147060E-02
 0.90904157385903E-02
 0.97019574331066E-02
 0.10359149446558E-01
 0.10997596076967E-01
 0.11626140147733E-01
 0.12468439076906E-01
 0.13296497780134E-01
 0.14211256591628E-01
 0.15152048861182E-01
 0.16190651502249E-01
 0.17067782107878E-01
 0.18174064366235E-01
 0.19491861432635E-01
 0.20745444799302E-01
 0.22075794436977E-01
 0.23453889424802E-01
 0.24966914116136E-01
 0.26590861914035E-01
 0.28391379452613E-01
 0.30242645408929E-01
 0.32231433510283E-01
 0.34437807908019E-01
 0.36456373571185E-01
 0.38637998382165E-01
 0.41198290965862E-01
 0.43857773728172E-01
 0.46671248115692E-01
 0.49490638610376E-01
 0.52649183883299E-01
 0.55927096345550E-01
 0.59146176544176E-01
 0.62609695596836E-01
 0.66463899246844E-01
 0.69992550707165E-01
 0.73070515532539E-01
 0.75507188216341E-01
 0.77886675488571E-01
 0.80013642075062E-01
 0.82593737569577E-01
 0.85491539656386E-01
 0.84740301659186E-01
 0.82413830201624E-01
 0.77189704463781E-01
 0.71230148934003E-01
 0.65869464375758E-01
 0.60421582387080E-01
 0.55893568523563E-01
 0.49394543691354E-01
 0.44415274184182E-01
 0.40815039603134E-01
 0.37843653367491E-01
 0.34823410631605E-01
 0.33039720916018E-01
 0.31501615740889E-01
 0.30282916353339E-01
 0.29389571362004E-01
 0.28657546017360E-01
 0.28321648719710E-01
 0.27818541837756E-01
 0.27436281883455E-01
 0.27435260142919E-01
 0.26439913904509E-01
 0.27053848309245E-01
 0.26856756000643E-01
 0.26618390624780E-01
 0.26914421617116E-01
 0.26588120020214E-01
 0.26189888320132E-01
 0.26309641878115E-01
 0.26029968349619E-01
 0.26347585764143E-01
 0.26059694639140E-01
 0.26149743474084E-01
 0.25718190309108E-01
 0.25911138793864E-01
 0.25632159812180E-01
 0.26051139162857E-01
 0.25378008278863E-01
 0.25167023257970E-01
 0.25145267817195E-01
 0.24695354720509E-01
 0.25453543626140E-01
 0.25172845337963E-01
 0.24708887014793E-01
 0.24311705891704E-01
 0.24312329381665E-01
 0.24103577347028E-01
 0.23477005108120E-01
 0.23652918025288E-01
 0.23415362847091E-01
 0.23787155550187E-01
 0.23594000578312E-01
 0.23563889049625E-01
 0.23720902639422E-01
 0.23560380884457E-01
 0.23654064588029E-01
 0.23028929248395E-01
 0.22919831445313E-01
 0.22565904955162E-01
 0.22907288205649E-01
 0.22465779021276E-01
 0.22729402057317E-01
 0.22431385429734E-01
 0.22242083767855E-01
 0.22729645773126E-01
 0.22455327004829E-01
 0.22893515984645E-01
 0.22197719626343E-01
 0.22375801065433E-01
 0.22445927772272E-01
 0.22103393737813E-01
 0.21819558597508E-01
 0.21926082592203E-01
 0.21595102561028E-01
 0.22187413553027E-01
 0.21564153054200E-01
 0.21619706930178E-01
 0.21744965555844E-01
 0.21873528762687E-01
 0.21839315789464E-01
 0.21518902332534E-01
 0.21744141837876E-01
 0.20970168082811E-01
 0.21413160099298E-01
 0.21145191629573E-01
 0.20930035578424E-01
 0.21518002755281E-01
 0.20958010676719E-01
 0.21265276378600E-01
 0.21410244878565E-01
 0.20905606445014E-01
 0.21122146597350E-01
 0.21091934917253E-01
 0.20635586150220E-01
 0.21020828895270E-01
 0.21510805873099E-01
 0.20798176224062E-01
 0.21132027168815E-01
 0.20580755605942E-01
 0.20687135757457E-01
 0.20849047609816E-01
 0.20638488476066E-01
 0.20649784227891E-01
 0.19950167522143E-01
 0.20555434333514E-01
 0.20674123152413E-01
 0.20197910501714E-01
 0.20650456942010E-01
 0.20293120917295E-01
 0.19974097126108E-01
 0.20561387957778E-01
 0.19815456940116E-01
 0.20559000849860E-01
 0.20001589802997E-01
 0.20091094877533E-01
 0.20304783887678E-01
 0.20015096261582E-01
 0.20155879585834E-01
 0.19753966731926E-01
 0.20155088939482E-01
 0.20297259290756E-01
 0.19909209277150E-01
 0.20154569844611E-01
 0.19873953782039E-01
 0.19331003691689E-01
 0.19835751009542E-01
 0.19660488369203E-01
 0.19983654197315E-01
