 0.00000000000000E+00
 0.00000000000000E+00
 0.00000000000000E+00
-0.65229309445924E-25
-0.48032224987057E-25
-0.27796426497139E-25
 0.12171066485537E-25
 0.39870499256834E-24
 0.10014949517192E-22
 0.15524015115817E-21
 0.36260540696465E-21
 0.58350258502795E-21
-0.20374554639877E-11
 0.15286792673724E-11
-0.10463047133661E-10
-0.30774408843563E-10
-0.10056604647984E-10
 0.18859748671919E-11
-0.11855851421703E-10
-0.82992365577699E-12
 0.14290014973739E-11
-0.17065027785075E-10
-0.16692661069116E-12
-0.77509882528832E-11
-0.10976479859669E-10
-0.11132641621048E-09
-0.56037296764788E-09
-0.64306403757638E-10
 0.15424525412423E-07
-0.66714955118369E-09
 0.12013368719533E-08
-0.14008711996703E-08
 0.16390186413452E-08
 0.69104798308167E-10
 0.13445673444564E-09
 0.23840214545353E-09
 0.41617932828752E-09
 0.70383740869209E-09
 0.11600124991562E-08
 0.18681538226291E-08
 0.29270933146618E-08
 0.44868115318864E-08
 0.67367569250256E-08
 0.99220716488008E-08
 0.14356970475377E-07
 0.20431358179414E-07
 0.28626081579794E-07
 0.39529106640424E-07
 0.53848711939981E-07
 0.72418988438795E-07
 0.96239745394772E-07
 0.12646475317906E-06
 0.16432218522031E-06
 0.21166838157784E-06
 0.26993802862273E-06
 0.34120213642827E-06
 0.42768610973160E-06
 0.53185541168163E-06
 0.65663344409321E-06
 0.80454257063117E-06
 0.97932008680446E-06
 0.11847366905617E-05
 0.14244421673781E-05
 0.17028037272982E-05
 0.20245386311101E-05
 0.23945544398179E-05
 0.28182273018464E-05
 0.33012860597077E-05
 0.38498343544274E-05
 0.44703644286045E-05
 0.51697742593996E-05
 0.59554408476822E-05
 0.68349721151015E-05
 0.78166360215894E-05
 0.89079535776496E-05
 0.10120927312667E-04
 0.11462195569245E-04
 0.12942311662202E-04
 0.14572608661092E-04
 0.16363203283326E-04
 0.18326062275447E-04
 0.20481026852626E-04
 0.22807961170997E-04
 0.25363160204191E-04
 0.28171866182133E-04
 0.31054061533009E-04
 0.34375000527198E-04
 0.37947524222485E-04
 0.41764321541910E-04
 0.45881445053434E-04
 0.50316294035704E-04
 0.55087965071795E-04
 0.60214112866707E-04
 0.65716332601261E-04
 0.71613503942312E-04
 0.77927286728248E-04
 0.84680433740659E-04
 0.91896407289656E-04
 0.99598831909197E-04
 0.10781280535253E-03
 0.11656537912279E-03
 0.12588379527766E-03
 0.13579560538202E-03
 0.14632711415756E-03
 0.15752092158906E-03
 0.16939711770969E-03
 0.18199352942601E-03
 0.19534743833927E-03
 0.20949190431929E-03
 0.22446639600345E-03
 0.24031179124494E-03
 0.25706786866717E-03
 0.27477668993388E-03
 0.29348748835279E-03
 0.31324748126033E-03
 0.33410045125155E-03
 0.35610239347682E-03
 0.37930660648582E-03
 0.40376746918126E-03
 0.42954573530671E-03
 0.45669995471758E-03
 0.48529715604862E-03
 0.51540457708183E-03
 0.54708895009773E-03
 0.58042698454954E-03
 0.61549334851078E-03
 0.65237021422368E-03
 0.69113983866368E-03
 0.73189159923095E-03
 0.77472748870715E-03
 0.81970323354933E-03
 0.86699422802286E-03
 0.91668601550129E-03
 0.96852180942034E-03
 0.10234929682606E-02
 0.10809611277965E-02
 0.11412837053086E-02
 0.12045979826249E-02
 0.12710425213932E-02
 0.13407660706642E-02
 0.14139226207405E-02
 0.14906776522302E-02
 0.15711991903121E-02
 0.16556637556263E-02
 0.17442657123578E-02
 0.18371890849598E-02
 0.19346496876658E-02
 0.20368560665652E-02
 0.21440339536893E-02
 0.22564139967250E-02
 0.23742433137556E-02
 0.24977635820884E-02
 0.26272405787693E-02
 0.27629380807065E-02
 0.29051329555843E-02
 0.30540948349952E-02
 0.32101015748405E-02
 0.33734683769916E-02
 0.35443532753550E-02
 0.37232102644092E-02
 0.39098940004944E-02
 0.41052981729626E-02
 0.43090095808962E-02
 0.45213597224569E-02
 0.47424140570111E-02
 0.49721727573868E-02
 0.52105477862104E-02
 0.54573461596703E-02
 0.57122609622477E-02
 0.59748640963200E-02
 0.62445868040621E-02
 0.65207448280318E-02
 0.68025240883096E-02
 0.70890014320128E-02
 0.73791710520682E-02
 0.76719615767641E-02
 0.79662637948781E-02
 0.82609661235003E-02
 0.85549816851084E-02
 0.88472696088372E-02
 0.91368574231070E-02
 0.94228568914028E-02
 0.97044764916045E-02
 0.99810230732391E-02
 0.10251888416554E-01
 0.10516580725072E-01
 0.10774691381988E-01
 0.11025878890152E-01
 0.11269907681457E-01
 0.11506583307901E-01
 0.11735769572264E-01
 0.11957405622578E-01
 0.12171443234773E-01
 0.12377898869085E-01
 0.12576796128614E-01
 0.12768194892488E-01
 0.12952200286416E-01
 0.13128882816778E-01
 0.13298379895583E-01
 0.13460836345734E-01
 0.13616348995689E-01
 0.13765111204318E-01
 0.13907275541952E-01
 0.14043000049612E-01
 0.14172460128247E-01
 0.14295831609927E-01
 0.14413282101202E-01
 0.14525012298080E-01
 0.14631181318306E-01
 0.14731991461523E-01
 0.14827610391514E-01
 0.14918226917465E-01
 0.15004014753855E-01
 0.15085159944946E-01
 0.15161829280484E-01
 0.15234197021458E-01
 0.15302429381439E-01
 0.15366694899490E-01
 0.15427147571102E-01
 0.15483949257870E-01
 0.15537240023606E-01
 0.15587176965530E-01
 0.15633896082205E-01
 0.15677530759848E-01
 0.15718214357111E-01
 0.15756072861074E-01
 0.15791223012032E-01
 0.15823779976671E-01
 0.15853859083660E-01
 0.15881572167112E-01
 0.15907009269867E-01
 0.15930271545180E-01
 0.15951450860223E-01
 0.15970636298215E-01
 0.15987912818514E-01
 0.16003363576693E-01
 0.16017060687345E-01
 0.16029081053425E-01
 0.16039492841962E-01
 0.16048366465169E-01
 0.16055762753155E-01
 0.16061743526855E-01
 0.16066369281366E-01
 0.16069691555043E-01
 0.16071767079192E-01
 0.16072645144025E-01
 0.16072374133719E-01
 0.16071000970455E-01
 0.16068569279201E-01
 0.16065122420055E-01
 0.16060700448361E-01
 0.16055341816516E-01
 0.16049084021781E-01
 0.16041962933942E-01
 0.16034012187630E-01
 0.16025264147746E-01
 0.16015750784393E-01
 0.16005501287455E-01
 0.15994545020634E-01
 0.15982909287621E-01
 0.15970620658636E-01
 0.15957704296349E-01
 0.15944184910966E-01
 0.15930085711920E-01
 0.15915429388756E-01
 0.15900237367428E-01
 0.15884530666798E-01
 0.15868329208506E-01
 0.15851652148258E-01
 0.15834518110930E-01
 0.15816944792473E-01
 0.15798949687426E-01
 0.15780548877169E-01
 0.15761758652446E-01
 0.15742594095633E-01
 0.15723070099246E-01
 0.15703201024814E-01
 0.15683000378018E-01
 0.15662481568907E-01
 0.15641657239001E-01
 0.15620539908090E-01
 0.15599141322403E-01
 0.15577473040709E-01
 0.15555546174529E-01
 0.15533371356310E-01
 0.15510958934601E-01
 0.15488318908137E-01
 0.15465461014552E-01
 0.15442394248335E-01
 0.15419127995079E-01
 0.15395670998274E-01
 0.15372031259165E-01
 0.15348217230152E-01
 0.15324236579335E-01
 0.15300096939113E-01
 0.15275805918167E-01
 0.15251370412053E-01
 0.15226797422924E-01
 0.15202093463157E-01
 0.15177264961891E-01
