 0.00000000000000E+00
 0.00000000000000E+00
 0.00000000000000E+00
-0.13940602798978E-24
-0.56822122159688E-24
-0.39459807055339E-24
 0.45520335670132E-25
 0.38966142520750E-23
 0.46414547088727E-22
 0.27814116587705E-21
 0.10950775673876E-20
 0.44758348531939E-20
 0.23394210884045E-11
 0.22881241416708E-11
 0.21127634610544E-10
 0.11931930806588E-10
-0.61929607188215E-11
 0.10108129637856E-10
 0.13681170469516E-10
-0.67088673495242E-11
 0.12909864218027E-10
-0.10378267486330E-10
-0.19294682286915E-11
-0.59937211388573E-11
-0.45354597757996E-11
 0.33318198236116E-09
-0.14953035839962E-08
 0.39309089108156E-08
 0.26084951784023E-08
 0.61683825776515E-09
 0.21151679575051E-09
 0.33923447210736E-09
 0.54345141777734E-09
 0.11272399065138E-09
 0.20958398049103E-09
 0.39571247396371E-09
 0.69668963600769E-09
 0.12142812839306E-08
 0.20380435034606E-08
 0.33305598844792E-08
 0.53290630047957E-08
 0.83232261379813E-08
 0.12731052296526E-07
 0.19110884046024E-07
 0.28163666477222E-07
 0.40813949346493E-07
 0.58208023740947E-07
 0.81801337548615E-07
 0.11338157233241E-06
 0.15511378144404E-06
 0.20964108227838E-06
 0.28009564016107E-06
 0.37058959133285E-06
 0.48433545391420E-06
 0.62760755995577E-06
 0.80588789473924E-06
 0.10259805622451E-05
 0.12955967563558E-05
 0.16231315725354E-05
 0.20197152282790E-05
 0.24958792644145E-05
 0.30626251718265E-05
 0.37356153333875E-05
 0.45297139794607E-05
 0.54613483073623E-05
 0.65495737950114E-05
 0.78145918423868E-05
 0.92786063613381E-05
 0.10965799341110E-04
 0.12902409595616E-04
 0.15116870594175E-04
 0.17640034558642E-04
 0.20504677855281E-04
 0.23746543972064E-04
 0.27403181183771E-04
 0.31517494911784E-04
 0.36131239113359E-04
 0.41295092527784E-04
 0.47048619270079E-04
 0.53454583013365E-04
 0.60568006902681E-04
 0.68434383018597E-04
 0.77117027518480E-04
 0.86901999612435E-04
 0.97085953027337E-04
 0.10873884390722E-03
 0.12161144640072E-03
 0.13561127159285E-03
 0.15085561051245E-03
 0.16749302509933E-03
 0.18562316071043E-03
 0.20534673671864E-03
 0.22678231942181E-03
 0.25003422148491E-03
 0.27523522961401E-03
 0.30251271269465E-03
 0.33199925180515E-03
 0.36384179967464E-03
 0.39818821072525E-03
 0.43520108255698E-03
 0.47504481510271E-03
 0.51788746198468E-03
 0.56392593448125E-03
 0.61334625817017E-03
 0.66636347756431E-03
 0.72317595980483E-03
 0.78401028068700E-03
 0.84911629997087E-03
 0.91873236722384E-03
 0.99312729241623E-03
 0.10725589473658E-02
 0.11573359836090E-02
 0.12477570471652E-02
 0.13441217591010E-02
 0.14468028859897E-02
 0.15561178829030E-02
 0.16724559468519E-02
 0.17961994690790E-02
 0.19277555930737E-02
 0.20675602253724E-02
 0.22160608487322E-02
 0.23737387594830E-02
 0.25410659198733E-02
 0.27186249657894E-02
 0.29069210476496E-02
 0.31065472689200E-02
 0.33181199820117E-02
 0.35422798567119E-02
 0.37797102369077E-02
 0.40310879088619E-02
 0.42971424361828E-02
 0.45793980849909E-02
 0.48763899456097E-02
 0.51916264948405E-02
 0.55253961499109E-02
 0.58778647735582E-02
 0.62504635419942E-02
 0.66442764967328E-02
 0.70604446333529E-02
 0.75001417559463E-02
 0.79646398227660E-02
 0.84552669175275E-02
 0.89733970342767E-02
 0.95205218904888E-02
 0.10098130995382E-01
 0.10707953721731E-01
 0.11351614806395E-01
 0.12030926035943E-01
 0.12747786882260E-01
 0.13504157929065E-01
 0.14302051794034E-01
 0.15143746057299E-01
 0.16031377567327E-01
 0.16967320260667E-01
 0.17953937596615E-01
 0.18993798557593E-01
 0.20089264725111E-01
 0.21243021832976E-01
 0.22457773872755E-01
 0.23735523246264E-01
 0.25078602636826E-01
 0.26491042178574E-01
 0.27973112462047E-01
 0.29527204905927E-01
 0.31154776322420E-01
 0.32856798567805E-01
 0.34633613706871E-01
 0.36484980681165E-01
 0.38409650673491E-01
 0.40405656452362E-01
 0.42470077251243E-01
 0.44598890130753E-01
 0.46787314748080E-01
 0.49029624993544E-01
 0.51319366756719E-01
 0.53649520966469E-01
 0.56012676317479E-01
 0.58401183220666E-01
 0.60807452903196E-01
 0.63224074061141E-01
 0.65643948376880E-01
 0.68060404474758E-01
 0.70467354880625E-01
 0.72859275486540E-01
 0.75231288676052E-01
 0.77579065333408E-01
 0.79898851243577E-01
 0.82187533505930E-01
 0.84442375781342E-01
 0.86661250692177E-01
 0.88842192107594E-01
 0.90983922962382E-01
 0.93085169785552E-01
 0.95145033545249E-01
 0.97163125707179E-01
 0.99138841384317E-01
 0.10107193985780E+00
 0.10296243666593E+00
 0.10481038737765E+00
 0.10661569622471E+00
 0.10837942697914E+00
 0.11010125364782E+00
 0.11178191718627E+00
 0.11342196084110E+00
 0.11502199062354E+00
 0.11658272642617E+00
 0.11810491273129E+00
 0.11958932376853E+00
 0.12103678669970E+00
 0.12244817387580E+00
 0.12382437097714E+00
 0.12516622913926E+00
 0.12647471573292E+00
 0.12775077786120E+00
 0.12899531718204E+00
 0.13020928735672E+00
 0.13139359362881E+00
 0.13254919882085E+00
 0.13367697687259E+00
 0.13477785061986E+00
 0.13585268358409E+00
 0.13690235210450E+00
 0.13792767751865E+00
 0.13892949595211E+00
 0.13990860106328E+00
 0.14086574006832E+00
 0.14180167543514E+00
 0.14271716064929E+00
 0.14361259273188E+00
 0.14448925153196E+00
 0.14534728532263E+00
 0.14618743561831E+00
 0.14701031968668E+00
 0.14781649169069E+00
 0.14860650677189E+00
 0.14938090313589E+00
 0.15014015064953E+00
 0.15088476165877E+00
 0.15161518172443E+00
 0.15233185766564E+00
 0.15303521433385E+00
 0.15372566602905E+00
 0.15440359264871E+00
 0.15506938007808E+00
 0.15572337758178E+00
 0.15636593433947E+00
 0.15699737635996E+00
 0.15761802484042E+00
 0.15822818188952E+00
 0.15882814147757E+00
 0.15941818222616E+00
 0.15999857248837E+00
 0.16056957424207E+00
 0.16113143714965E+00
 0.16168439789336E+00
 0.16222869008890E+00
 0.16276453547518E+00
 0.16329214646524E+00
 0.16381173121470E+00
 0.16432348628241E+00
 0.16482760505863E+00
 0.16532427285159E+00
 0.16581366773421E+00
 0.16629596103257E+00
 0.16677132120851E+00
 0.16723990614164E+00
 0.16770187371127E+00
 0.16815737327656E+00
 0.16860655186308E+00
 0.16904954828118E+00
 0.16948650022667E+00
 0.16991753903088E+00
 0.17034279186265E+00
 0.17076238372287E+00
 0.17117643472895E+00
 0.17158506083815E+00
 0.17198837572857E+00
 0.17238648905385E+00
 0.17277950758281E+00
 0.17316753351361E+00
 0.17355066783480E+00
 0.17392900866656E+00
 0.17430265016299E+00
 0.17467168575865E+00
 0.17503620231901E+00
 0.17539628962040E+00
 0.17575203270580E+00
 0.17610351353713E+00
 0.17645081158799E+00
 0.17679400592429E+00
 0.17713317360115E+00
 0.17746838595702E+00
 0.17779971920694E+00
 0.17812724133977E+00
 0.17845102066703E+00
 0.17877112667231E+00
 0.17908762495479E+00
 0.17940057627064E+00
 0.17971004554131E+00
 0.18001609160336E+00
