 0.00000000000000E+00
 0.00000000000000E+00
 0.77308811195169E-25
-0.23453234856961E-25
-0.16698703218157E-25
 0.93812939427846E-25
 0.18904811583827E-23
 0.14005092351123E-10
 0.16235968597184E-10
 0.58258670236207E-10
-0.14932150408101E-10
 0.33695485825051E-06
 0.48983224452079E-05
-0.19729880688404E-05
 0.49236902055202E-05
 0.17809772162862E-05
 0.22897043018612E-05
-0.52159885767181E-05
 0.10358993164465E-05
 0.46537071685235E-05
-0.12293581049425E-05
-0.27023381736501E-06
-0.12732872280905E-05
 0.19813684635276E-05
-0.35371158154578E-06
 0.90486172139410E-06
 0.12000713227097E-05
 0.58651721593316E-06
 0.92230421609161E-07
-0.34541322851185E-06
 0.86555540300611E-06
 0.35742391345123E-06
-0.45113425693361E-06
-0.22179476247064E-07
 0.59924985795182E-06
-0.34548568922477E-07
 0.10996226670919E-05
 0.79883738008106E-06
 0.15720577087366E-05
 0.22868017949688E-05
 0.27429628678338E-05
 0.40538174801318E-05
 0.54595213761963E-05
 0.66401818318760E-05
 0.85837736467893E-05
 0.11133478674972E-04
 0.13738154154356E-04
 0.17336467236960E-04
 0.21505882685940E-04
 0.26268262986098E-04
 0.31816751916008E-04
 0.38257569784107E-04
 0.45693402888112E-04
 0.54113009456918E-04
 0.64212644702889E-04
 0.75267301405288E-04
 0.87889529468132E-04
 0.10212575365981E-03
 0.11794953365180E-03
 0.13578398977294E-03
 0.15556954614590E-03
 0.17741590917537E-03
 0.20173807024036E-03
 0.22832352470973E-03
 0.25743044329212E-03
 0.28961533836327E-03
 0.32461084345817E-03
 0.36280864813367E-03
 0.40414102931684E-03
 0.44898864787176E-03
 0.49757692315052E-03
 0.55015459097073E-03
 0.60695103726789E-03
 0.66793618452545E-03
 0.73347149299064E-03
 0.80390521773743E-03
 0.87915119244112E-03
 0.95962568278452E-03
 0.10458643859317E-02
 0.11376045908508E-02
 0.12353864291572E-02
 0.13395894188986E-02
 0.14502038018862E-02
 0.15678467165457E-02
 0.16925109790135E-02
 0.18248675926813E-02
 0.19648895633976E-02
 0.21131549812148E-02
 0.22700082486169E-02
 0.24356321184096E-02
 0.26105891352719E-02
 0.27951789956210E-02
 0.29897902964944E-02
 0.31950706860309E-02
 0.34112326454613E-02
 0.36385108829618E-02
 0.38777911071561E-02
 0.41295065467967E-02
 0.43940531669012E-02
 0.46720731616628E-02
 0.49639361903531E-02
 0.52704559237322E-02
 0.55920526474726E-02
 0.59297341747583E-02
 0.62834823421933E-02
 0.66544952684437E-02
 0.70433564212483E-02
 0.74508509605912E-02
 0.78775649764382E-02
 0.83243729314256E-02
 0.87923067160611E-02
 0.92820245630489E-02
 0.97939757640257E-02
 0.10330370150118E-01
 0.10891138627181E-01
 0.11477463388047E-01
 0.12090757920715E-01
 0.12732123729691E-01
 0.13402353757994E-01
 0.14102772829156E-01
 0.14834787079984E-01
 0.15599081451956E-01
 0.16398392993006E-01
 0.17232482695166E-01
 0.18104401407401E-01
 0.19014907404473E-01
 0.19965434049901E-01
 0.20957744902584E-01
 0.21993809208894E-01
 0.23075533685956E-01
 0.24204390141645E-01
 0.25382877179286E-01
 0.26612787647667E-01
 0.27896187502795E-01
 0.29235197896546E-01
 0.30631868812798E-01
 0.32088955540391E-01
 0.33608847109557E-01
 0.35194525087811E-01
 0.36847515400133E-01
 0.38571730817911E-01
 0.40369304206310E-01
 0.42242377673883E-01
 0.44194890914947E-01
 0.46229616374001E-01
 0.48347959364736E-01
 0.50555435884812E-01
 0.52852997284995E-01
 0.55244351139207E-01
 0.57730751844702E-01
 0.60316678517604E-01
 0.63003671912575E-01
 0.65793736067776E-01
 0.68688343681489E-01
 0.71688277705188E-01
 0.74795042131281E-01
 0.78008396695430E-01
 0.81328213432661E-01
 0.84751253291401E-01
 0.88274668600019E-01
 0.91895016017039E-01
 0.95607891184618E-01
 0.99408129725772E-01
 0.10328498631885E+00
 0.10723245645128E+00
 0.11123977024870E+00
 0.11529518679316E+00
 0.11938943910620E+00
 0.12350544391123E+00
 0.12763552492417E+00
 0.13176197686299E+00
 0.13587630214486E+00
 0.13996354940359E+00
 0.14401063633613E+00
 0.14800938037779E+00
 0.15194307403053E+00
 0.15580570813364E+00
 0.15958498381927E+00
 0.16327490083279E+00
 0.16686752914739E+00
 0.17035592725333E+00
 0.17373491707016E+00
 0.17700008510547E+00
 0.18014764845082E+00
 0.18317737813493E+00
 0.18608711933519E+00
 0.18887585208105E+00
 0.19154257627037E+00
 0.19409069770443E+00
 0.19651875338052E+00
 0.19882941172762E+00
 0.20102499653675E+00
 0.20310937581594E+00
 0.20508330301992E+00
 0.20695144250480E+00
 0.20871775820330E+00
 0.21038549202693E+00
 0.21195743791215E+00
 0.21343845420662E+00
 0.21483222786466E+00
 0.21614172831651E+00
 0.21737162810628E+00
 0.21852530943628E+00
 0.21960584175039E+00
 0.22061718619695E+00
 0.22156229590871E+00
 0.22244447040646E+00
 0.22326672082482E+00
 0.22403150823910E+00
 0.22474276544241E+00
 0.22540231642421E+00
 0.22601247085346E+00
 0.22657612988507E+00
 0.22709550633096E+00
 0.22757247062852E+00
 0.22800969277148E+00
 0.22840810464094E+00
 0.22877038141146E+00
 0.22909790426243E+00
 0.22939250153091E+00
 0.22965537029637E+00
 0.22988841453506E+00
 0.23009276361196E+00
 0.23027003003291E+00
 0.23042093617832E+00
 0.23054703022335E+00
 0.23064942019248E+00
 0.23072913490209E+00
 0.23078716635769E+00
 0.23082456044853E+00
 0.23084218623715E+00
 0.23084082040983E+00
 0.23082137266026E+00
 0.23078473167472E+00
 0.23073143704549E+00
 0.23066225331359E+00
 0.23057800932236E+00
 0.23047923720464E+00
 0.23036645924178E+00
 0.23024042724384E+00
 0.23010151229357E+00
 0.22995045962532E+00
 0.22978786504737E+00
 0.22961390776142E+00
 0.22942908739607E+00
 0.22923426119794E+00
 0.22902924566084E+00
 0.22881497637536E+00
 0.22859144511353E+00
 0.22835932620771E+00
 0.22811901120281E+00
 0.22787031142512E+00
 0.22761440024805E+00
 0.22735090702260E+00
 0.22708021567685E+00
 0.22680317892733E+00
 0.22651965047571E+00
 0.22622950302813E+00
 0.22593371023231E+00
 0.22563231167061E+00
 0.22532536859042E+00
 0.22501310383301E+00
 0.22469583925319E+00
 0.22437397597531E+00
 0.22404747580084E+00
 0.22371666325613E+00
 0.22338158250450E+00
 0.22304256226591E+00
 0.22269986027775E+00
 0.22235324454430E+00
 0.22200331556449E+00
 0.22164982507531E+00
 0.22129359509520E+00
 0.22093395512405E+00
 0.22057160321762E+00
 0.22020632748398E+00
 0.21983849420228E+00
 0.21946838572230E+00
 0.21909576269122E+00
 0.21872101452632E+00
 0.21834405989745E+00
 0.21796504196725E+00
 0.21758424444017E+00
 0.21720154565258E+00
 0.21681724155125E+00
 0.21643126363402E+00
 0.21604369395231E+00
 0.21565497963393E+00
 0.21526453217392E+00
 0.21487292981940E+00
 0.21448035893690E+00
 0.21408637121936E+00
 0.21369146264619E+00
 0.21329581128999E+00
 0.21289932333928E+00
 0.21250195404043E+00
 0.21210364054040E+00
 0.21170486726644E+00
 0.21130542951729E+00
 0.21090526141819E+00
