 0.00000000000000E+00
 0.00000000000000E+00
 0.12391646932425E-24
-0.22196141468628E-24
-0.44609928956729E-25
 0.37525175771138E-24
 0.52894262455135E-23
-0.19951421597562E-10
-0.26639720086268E-11
-0.18016737947834E-10
-0.17092809815960E-10
 0.26173159878908E-06
 0.69652528626005E-06
 0.32193741041494E-05
 0.32897936492193E-06
 0.10794209021362E-05
 0.72762539240439E-06
 0.31260877385132E-05
-0.48948878323362E-05
-0.19157988317211E-05
 0.17886755881755E-05
 0.12414442893841E-06
-0.22399354549464E-05
 0.10073086845507E-06
-0.20826855878956E-08
 0.81274671950998E-06
 0.25185316591803E-06
 0.11676698315011E-06
 0.35341043499819E-06
-0.53508855239120E-06
-0.48270353111800E-06
 0.15572260826976E-05
 0.41170743572901E-06
 0.80887220861637E-06
 0.10680181303771E-05
-0.24195367645985E-06
 0.90176565699869E-06
 0.16681811647417E-05
 0.16879311685666E-05
 0.20930901998228E-05
 0.21377050925291E-05
 0.41933503985323E-05
 0.55233931349863E-05
 0.65678692317209E-05
 0.90430038853050E-05
 0.10835095561216E-04
 0.14206504114121E-04
 0.17437907539348E-04
 0.21334381385363E-04
 0.25990851853182E-04
 0.31714340646029E-04
 0.37975095535625E-04
 0.46148491455330E-04
 0.54079892547543E-04
 0.63923599333649E-04
 0.75225383261744E-04
 0.87833022638669E-04
 0.10180474052981E-03
 0.11789366307986E-03
 0.13582745416263E-03
 0.15528010423561E-03
 0.17747124084828E-03
 0.20164398259562E-03
 0.22824640265740E-03
 0.25802681200085E-03
 0.29002902999318E-03
 0.32469177672346E-03
 0.36263148812141E-03
 0.40371384685069E-03
 0.44868167317258E-03
 0.49769946584431E-03
 0.55066655000516E-03
 0.60777848579424E-03
 0.66850628942559E-03
 0.73442840357167E-03
 0.80451374669405E-03
 0.88012340802017E-03
 0.96099178757964E-03
 0.10471607324060E-02
 0.11391075940209E-02
 0.12373751265567E-02
 0.13420183971866E-02
 0.14531414723342E-02
 0.15709824463145E-02
 0.16962000566318E-02
 0.18287529434299E-02
 0.19700480619764E-02
 0.21192038550119E-02
 0.22769799524653E-02
 0.24438318105198E-02
 0.26199546629915E-02
 0.28057140058270E-02
 0.30021567080979E-02
 0.32085274154743E-02
 0.34268796530838E-02
 0.36573806654203E-02
 0.38992539948022E-02
 0.41530849194752E-02
 0.44217902529703E-02
 0.47028953129663E-02
 0.49989414097021E-02
 0.53112455732195E-02
 0.56364919834406E-02
 0.59799045431809E-02
 0.63406903120723E-02
 0.67189346744945E-02
 0.71151381165940E-02
 0.75300975834278E-02
 0.79664220716485E-02
 0.84232918174384E-02
 0.89008629429054E-02
 0.94015730050425E-02
 0.99288738611300E-02
 0.10477947972075E-01
 0.11054503489661E-01
 0.11658598504800E-01
 0.12289319899206E-01
 0.12950789611382E-01
 0.13642135828145E-01
 0.14365899549719E-01
 0.15122392683565E-01
 0.15913479318507E-01
 0.16739876069204E-01
 0.17606510087737E-01
 0.18511604255119E-01
 0.19459088352943E-01
 0.20446788048454E-01
 0.21478391815945E-01
 0.22557405552229E-01
 0.23690102829806E-01
 0.24866093590606E-01
 0.26097001125489E-01
 0.27381954919901E-01
 0.28722599334981E-01
 0.30122104213553E-01
 0.31584618500504E-01
 0.33106817695457E-01
 0.34698198928950E-01
 0.36354297263177E-01
 0.38081778209388E-01
 0.39883672218408E-01
 0.41761792727445E-01
 0.43718268470124E-01
 0.45749237316775E-01
 0.47863590147415E-01
 0.50061069495947E-01
 0.52340353892182E-01
 0.54710925049414E-01
 0.57163404563979E-01
 0.59712620509478E-01
 0.62344069327110E-01
 0.65055905047082E-01
 0.67860264214653E-01
 0.70731903012506E-01
 0.73694502396336E-01
 0.76727490647461E-01
 0.79820952130491E-01
 0.82974331035294E-01
 0.86175077846875E-01
 0.89412051821745E-01
 0.92693501386447E-01
 0.95975478479947E-01
 0.99242935096280E-01
 0.10250558613166E+00
 0.10574416968052E+00
 0.10893081960028E+00
 0.11206394670707E+00
 0.11511154074971E+00
 0.11809601818777E+00
 0.12098655140089E+00
 0.12377075839824E+00
 0.12645700819139E+00
 0.12902624252327E+00
 0.13147443219587E+00
 0.13379765596940E+00
 0.13599867429468E+00
 0.13808037177052E+00
 0.14003250039353E+00
 0.14186574414666E+00
 0.14358235782125E+00
 0.14516539133502E+00
 0.14664008771215E+00
 0.14800228663176E+00
 0.14928087988553E+00
 0.15045135639272E+00
 0.15153470914412E+00
 0.15253062974809E+00
 0.15345163029925E+00
 0.15430980741795E+00
 0.15510073226610E+00
 0.15581707140233E+00
 0.15649726258314E+00
 0.15714710528648E+00
 0.15774181918538E+00
 0.15830753900165E+00
 0.15885858886986E+00
 0.15938561076572E+00
 0.15988358316414E+00
 0.16037926346443E+00
 0.16085363356695E+00
 0.16132544795734E+00
 0.16177955892607E+00
 0.16223942334680E+00
 0.16268853956986E+00
 0.16314231357355E+00
 0.16358479135862E+00
 0.16402821156392E+00
 0.16446509997433E+00
 0.16490922252791E+00
 0.16534595044419E+00
 0.16578162063527E+00
 0.16622076920074E+00
 0.16665688490959E+00
 0.16709214039034E+00
 0.16752176196082E+00
 0.16795539222600E+00
 0.16838108141404E+00
 0.16880886018516E+00
 0.16923334916168E+00
 0.16965617783354E+00
 0.17007674833631E+00
 0.17049446686192E+00
 0.17090901298352E+00
 0.17132027820587E+00
 0.17172869578411E+00
 0.17213450200749E+00
 0.17253748195394E+00
 0.17293583920880E+00
 0.17333214216497E+00
 0.17372476759437E+00
 0.17411508638093E+00
 0.17450002265535E+00
 0.17488296512444E+00
 0.17526133737214E+00
 0.17563523142983E+00
 0.17600733471562E+00
 0.17637411930113E+00
 0.17673884685072E+00
 0.17709808767340E+00
 0.17745471338905E+00
 0.17780801957070E+00
 0.17815686565604E+00
 0.17850097514891E+00
 0.17884367239857E+00
 0.17918199287091E+00
 0.17951748561458E+00
 0.17984773057608E+00
 0.18017497211903E+00
 0.18049857977850E+00
 0.18081922531515E+00
 0.18113719035505E+00
 0.18145021244570E+00
 0.18176038045639E+00
 0.18206654525652E+00
 0.18237002573306E+00
 0.18267259304268E+00
 0.18297079951899E+00
 0.18326487691240E+00
 0.18355418020795E+00
 0.18384494123253E+00
 0.18412931713537E+00
 0.18440978215482E+00
 0.18468782382163E+00
 0.18496397395944E+00
 0.18523645914204E+00
 0.18550697772965E+00
 0.18577478195515E+00
 0.18603889712120E+00
 0.18630087192845E+00
 0.18655994165753E+00
 0.18681676358271E+00
 0.18706900723803E+00
 0.18732039149966E+00
 0.18756969280948E+00
 0.18781575380399E+00
 0.18805685227902E+00
 0.18829934643121E+00
 0.18853930022353E+00
 0.18877837533872E+00
 0.18901035387972E+00
 0.18923947860811E+00
 0.18946818134846E+00
 0.18969673190697E+00
 0.18992227000887E+00
 0.19014673344780E+00
 0.19036171529922E+00
 0.19057992829438E+00
 0.19079535839932E+00
 0.19101106423438E+00
 0.19122353409767E+00
 0.19143560633173E+00
 0.19163977204464E+00
 0.19184475537569E+00
 0.19204792303893E+00
 0.19225115739705E+00
 0.19245270079538E+00
 0.19265025454882E+00
 0.19284506357101E+00
 0.19304130536975E+00
 0.19323368984301E+00
