 0.00000000000000E+00
 0.00000000000000E+00
-0.37580412829873E-26
 0.11334068065746E-25
 0.37580412829873E-26
-0.44746052282342E-25
-0.84637545223913E-24
 0.62347515012253E-11
 0.24930666314382E-12
 0.56509641605660E-11
 0.62512208044398E-11
-0.17610359334581E-06
-0.15664308189931E-06
-0.27581390668675E-05
 0.85166002813595E-07
-0.37618135209472E-06
-0.36030241464394E-06
-0.34756145134316E-05
 0.52242053243272E-05
 0.26473705090611E-05
-0.31605226224643E-05
-0.54890623681178E-06
 0.55107050049878E-05
-0.57769042957287E-06
 0.42367591959209E-06
-0.11856068423844E-05
-0.26436737761322E-06
-0.10829976890227E-05
-0.58751093798507E-06
 0.21670880893174E-06
 0.17175404965019E-05
-0.47533398714434E-05
-0.12209561772735E-05
-0.10652681316212E-05
-0.32230438100737E-05
 0.36321879451788E-05
-0.41797125759434E-07
-0.16156627241277E-05
 0.18169830401738E-05
 0.25262280288400E-05
 0.79966843933924E-05
 0.37060251332618E-05
 0.38890151258192E-05
 0.83650017166057E-05
 0.74244326168603E-05
 0.12219996603580E-04
 0.12677857921562E-04
 0.17871009387506E-04
 0.22149551306403E-04
 0.27441435503142E-04
 0.31866590912914E-04
 0.41398948945578E-04
 0.41716628006764E-04
 0.57013646153249E-04
 0.66480997622423E-04
 0.75424515251339E-04
 0.88091934315573E-04
 0.10541201227466E-03
 0.11938731563580E-03
 0.13398808601984E-03
 0.15852821413363E-03
 0.17813590944745E-03
 0.20286790352209E-03
 0.23108249442858E-03
 0.25181950236926E-03
 0.28413494244626E-03
 0.32188124189331E-03
 0.36351344156390E-03
 0.41211479217597E-03
 0.45783219321080E-03
 0.50261024896313E-03
 0.55211272470207E-03
 0.60257704833722E-03
 0.67267476536848E-03
 0.73315457901778E-03
 0.81026897699957E-03
 0.88462523768407E-03
 0.96217739429273E-03
 0.10520630612927E-02
 0.11467568533514E-02
 0.12433794490622E-02
 0.13453542601764E-02
 0.14593801555305E-02
 0.15842820211413E-02
 0.17154461590522E-02
 0.18626619698767E-02
 0.19927911849682E-02
 0.21464650359636E-02
 0.23073855034847E-02
 0.24797827164530E-02
 0.26611198566594E-02
 0.28617927442102E-02
 0.30612107698486E-02
 0.32931483076157E-02
 0.35155921051468E-02
 0.37271441984999E-02
 0.39877347073457E-02
 0.42868049174605E-02
 0.45411496092854E-02
 0.48661815500263E-02
 0.51617278415576E-02
 0.54437829760897E-02
 0.58575012061032E-02
 0.62095812341545E-02
 0.65633088330514E-02
 0.69481967125751E-02
 0.73761903325155E-02
 0.78457797686144E-02
 0.83015386671717E-02
 0.87996537118675E-02
 0.93687603796042E-02
 0.99448367769017E-02
 0.10456584791429E-01
 0.11117643678481E-01
 0.11733400489557E-01
 0.12381364161078E-01
 0.13101010162776E-01
 0.13851210349420E-01
 0.14632027425866E-01
 0.15427738871667E-01
 0.16304417815498E-01
 0.17212855889362E-01
 0.18236700340247E-01
 0.19163241127339E-01
 0.20215414981351E-01
 0.21209498771235E-01
 0.22418788818767E-01
 0.23737422560322E-01
 0.25022244053974E-01
 0.26036526797839E-01
 0.27510456588178E-01
 0.28907520008128E-01
 0.30396857713243E-01
 0.31961915380936E-01
 0.33630780933540E-01
 0.35254327599397E-01
 0.37134148331764E-01
 0.38895945296892E-01
 0.40973812899355E-01
 0.42958904255638E-01
 0.45056249209592E-01
 0.47062486688996E-01
 0.48994181173286E-01
 0.51384502873110E-01
 0.53717983232734E-01
 0.56076337784264E-01
 0.58706860444612E-01
 0.61061211747989E-01
 0.63551500756764E-01
 0.65589549664155E-01
 0.67861473156857E-01
 0.70547245877696E-01
 0.72442014037395E-01
 0.75315792544207E-01
 0.77063298787333E-01
 0.78825397295231E-01
 0.80888075574987E-01
 0.82467429142180E-01
 0.83943542360096E-01
 0.85365303352254E-01
 0.84543362963754E-01
 0.84629070628477E-01
 0.86003454135755E-01
 0.85900573585582E-01
 0.85089758418223E-01
 0.84571557524254E-01
 0.83351463523154E-01
 0.83395469444754E-01
 0.81501087733996E-01
 0.79395749327916E-01
 0.77390068935977E-01
 0.73886700897623E-01
 0.70568945379310E-01
 0.66839004190604E-01
 0.63203679347566E-01
 0.59438948208668E-01
 0.54507717375701E-01
 0.50695708869131E-01
 0.46268872616080E-01
 0.41397596809104E-01
 0.38192177297786E-01
 0.34944464287940E-01
 0.31619521194630E-01
 0.26639143899291E-01
 0.23522188977753E-01
 0.20162666374748E-01
 0.17266076289317E-01
 0.14681788025897E-01
 0.12041953465305E-01
 0.10321099884062E-01
 0.11486066644161E-01
 0.10673567378847E-01
 0.80713377346484E-02
 0.90911833035392E-02
 0.95580528605352E-02
 0.88067613227025E-02
 0.86609922001497E-02
 0.97415140393502E-02
 0.95331562603135E-02
 0.10392795929337E-01
 0.10638281423921E-01
 0.12144561231869E-01
 0.11839594727581E-01
 0.12726605765824E-01
 0.12363298343336E-01
 0.13204868903314E-01
 0.13607941380281E-01
 0.14737558580831E-01
 0.14582272268922E-01
 0.15136757792402E-01
 0.15914025614996E-01
 0.15799592637816E-01
 0.15917668718858E-01
 0.16013090643060E-01
 0.16735459408325E-01
 0.16497650439618E-01
 0.17205483799920E-01
 0.17220198674533E-01
 0.17500482697301E-01
 0.17646755836103E-01
 0.17767535041608E-01
 0.17886661661110E-01
 0.18069838110250E-01
 0.18356886317252E-01
 0.18505659083796E-01
 0.18602124630635E-01
 0.18641511236886E-01
 0.18928715712829E-01
 0.18938294328002E-01
 0.19044869138246E-01
 0.18852554965497E-01
 0.19089290914232E-01
 0.18965191566533E-01
 0.19045335576731E-01
 0.19221920840989E-01
 0.19043360643874E-01
 0.19261660757836E-01
 0.19118788267843E-01
 0.19274524902515E-01
 0.19344730085366E-01
 0.19287131423651E-01
 0.19412299430103E-01
 0.19649173998636E-01
 0.19469115072760E-01
 0.19451478388790E-01
 0.19270687454547E-01
 0.19528873275564E-01
 0.19550769766526E-01
 0.19671391623823E-01
 0.19661192377636E-01
 0.19506325949382E-01
 0.19643295537003E-01
 0.19916830719441E-01
 0.19896284648696E-01
 0.20040851099563E-01
 0.19605100864549E-01
 0.19506977040778E-01
 0.19518444924081E-01
 0.19895753752025E-01
 0.19087222171115E-01
 0.19274947214129E-01
 0.19622658272497E-01
 0.19773087127432E-01
 0.19745174771188E-01
 0.19728100733758E-01
 0.19628496201540E-01
 0.19476081089537E-01
 0.19507299450793E-01
 0.19519099293264E-01
 0.19695024387815E-01
 0.19444500529033E-01
 0.19632470853880E-01
 0.19586632810252E-01
 0.19227634105314E-01
 0.19292949897538E-01
 0.19768825549658E-01
 0.19395494804268E-01
 0.19022946274479E-01
 0.18371168088970E-01
 0.18853573283404E-01
 0.19168469063374E-01
 0.19318143031529E-01
 0.18956483637556E-01
 0.18629812341265E-01
 0.18064939844272E-01
 0.19466174236339E-01
 0.19283327119443E-01
 0.19641108778546E-01
 0.18928956370498E-01
 0.19190982895299E-01
 0.18171059063847E-01
 0.19342763110925E-01
 0.19546521311698E-01
 0.19737877338890E-01
 0.19451250143622E-01
 0.19012717840222E-01
 0.18975387174072E-01
 0.19395562628052E-01
 0.19181062649730E-01
 0.18973580686159E-01
