 0.00000000000000E+00
 0.00000000000000E+00
 0.00000000000000E+00
 0.00000000000000E+00
 0.00000000000000E+00
 0.18762587885569E-24
 0.55638961025824E-23
 0.39501701829356E-21
 0.62300997956545E-21
 0.39111910717141E-20
 0.54597290152909E-06
-0.13600871437999E-06
-0.16072340726780E-06
-0.69873178441896E-06
-0.97151235497670E-07
-0.18000970670723E-07
-0.23150327875877E-06
 0.16247568035098E-06
-0.15284247319203E-06
 0.25878848381793E-07
 0.44265618078676E-07
-0.14034520478443E-06
-0.60599091187409E-07
 0.89270311071379E-08
-0.63921628815153E-07
-0.12770122899357E-06
-0.43011308774795E-07
 0.40243106243264E-07
 0.85258720504211E-07
 0.51223563275073E-07
-0.22516434818731E-07
 0.54140266664072E-07
-0.55147423790181E-08
-0.31065213308171E-07
-0.26367220697779E-07
-0.66693788724574E-07
-0.84046604304514E-08
-0.18081708846856E-07
 0.14730676112399E-07
-0.80481625633858E-07
 0.13560371231636E-07
-0.34375697187607E-08
 0.85620521077204E-08
 0.11022771230363E-07
-0.28599447290733E-07
 0.43816413274582E-07
 0.14256730076836E-08
 0.31050917293768E-07
 0.37072940801802E-07
 0.87981272681974E-07
 0.71066416441736E-07
 0.15057566680070E-06
 0.17475432073723E-06
 0.23840088158152E-06
 0.35822113019342E-06
 0.40530155781790E-06
 0.59899715980499E-06
 0.72395868900770E-06
 0.93420444465094E-06
 0.11449418576352E-05
 0.14677776926254E-05
 0.17888985027130E-05
 0.22245178344790E-05
 0.27571738832543E-05
 0.33573541667481E-05
 0.40331447236579E-05
 0.48744135639965E-05
 0.58399766332275E-05
 0.69492588268721E-05
 0.83025417905583E-05
 0.97911417494648E-05
 0.11519127001182E-04
 0.13554122145898E-04
 0.15747139314655E-04
 0.18365825037428E-04
 0.21275559257400E-04
 0.24633991542644E-04
 0.28322474764276E-04
 0.32485447799424E-04
 0.37250016272915E-04
 0.42399297647480E-04
 0.48240697190780E-04
 0.54975194186783E-04
 0.61935680288693E-04
 0.70097914378329E-04
 0.78995443523024E-04
 0.88793652621161E-04
 0.99592885934707E-04
 0.11133771805156E-03
 0.12442099057300E-03
 0.13847337578454E-03
 0.15413593499489E-03
 0.17117837936335E-03
 0.18983212209882E-03
 0.21004339927626E-03
 0.23199967621611E-03
 0.25615418300588E-03
 0.28191784476563E-03
 0.31015508641698E-03
 0.34089348629018E-03
 0.37387103646171E-03
 0.40953081614121E-03
 0.44821045050543E-03
 0.48964822559955E-03
 0.53419066941864E-03
 0.58282750540626E-03
 0.63479961452282E-03
 0.69062381400264E-03
 0.75037198359631E-03
 0.81476573268923E-03
 0.88424520255434E-03
 0.95834010741512E-03
 0.10376834651235E-02
 0.11227552299665E-02
 0.12137360639680E-02
 0.13113692227004E-02
 0.14155851601418E-02
 0.15272834954777E-02
 0.16457727811801E-02
 0.17726641768637E-02
 0.19085695304685E-02
 0.20535353132223E-02
 0.22079997585171E-02
 0.23728392026202E-02
 0.25479959450758E-02
 0.27350359535454E-02
 0.29346320402963E-02
 0.31473713248402E-02
 0.33735542427420E-02
 0.36135380945721E-02
 0.38703810357527E-02
 0.41427967450564E-02
 0.44326325035670E-02
 0.47420618711900E-02
 0.50704085988477E-02
 0.54201075180325E-02
 0.57919786471166E-02
 0.61877389668203E-02
 0.66067083408662E-02
 0.70539891287937E-02
 0.75307678005522E-02
 0.80355679761825E-02
 0.85738350534639E-02
 0.91456056030512E-02
 0.97542370525973E-02
 0.10401052880251E-01
 0.11088804625476E-01
 0.11820167031080E-01
 0.12599221930009E-01
 0.13426243135260E-01
 0.14307272389438E-01
 0.15245154330621E-01
 0.16242092929408E-01
 0.17303859401019E-01
 0.18433129125867E-01
 0.19637080920190E-01
 0.20920170673701E-01
 0.22287995837025E-01
 0.23751156918158E-01
 0.25318676265061E-01
 0.26998730565173E-01
 0.28811941415189E-01
 0.30777130139024E-01
 0.32912398148212E-01
 0.35239741662430E-01
 0.37789175379355E-01
 0.40571387078487E-01
 0.43591177596912E-01
 0.46826204343740E-01
 0.50241277429286E-01
 0.53781436301695E-01
 0.57380981748428E-01
 0.60985195716448E-01
 0.64526978411605E-01
 0.67980365972592E-01
 0.71306813444405E-01
 0.74496159309674E-01
 0.77542990761577E-01
 0.80444214233423E-01
 0.83202548809139E-01
 0.85831152831202E-01
 0.88335889134114E-01
 0.90722186571604E-01
 0.93000173857901E-01
 0.95179588736646E-01
 0.97264966404492E-01
 0.99268458108971E-01
 0.10118991355284E+00
 0.10304241185390E+00
 0.10482776320046E+00
 0.10654826362376E+00
 0.10821030163596E+00
 0.10981929910212E+00
 0.11137976497747E+00
 0.11288915362993E+00
 0.11435333893673E+00
 0.11577820519064E+00
 0.11715994999739E+00
 0.11850805110683E+00
 0.11981634688820E+00
 0.12109291850756E+00
 0.12233602480464E+00
 0.12355108018989E+00
 0.12473297648691E+00
 0.12588714612536E+00
 0.12701921860211E+00
 0.12812191488286E+00
 0.12920257423897E+00
 0.13025722292227E+00
 0.13128950007341E+00
 0.13230080142954E+00
 0.13329062637325E+00
 0.13426125534454E+00
 0.13521264734481E+00
 0.13614330173882E+00
 0.13705764966014E+00
 0.13795504151885E+00
 0.13883342209796E+00
 0.13969697669594E+00
 0.14054449806594E+00
 0.14137702518293E+00
 0.14219465446350E+00
 0.14299653363941E+00
 0.14378497368929E+00
 0.14456191926176E+00
 0.14532311948540E+00
 0.14607366997003E+00
 0.14681012757996E+00
 0.14753557245420E+00
 0.14824725257632E+00
 0.14894924639162E+00
 0.14963958561706E+00
 0.15031964512118E+00
 0.15098925058228E+00
 0.15164678135637E+00
 0.15229668761624E+00
 0.15293498318671E+00
 0.15356408621295E+00
 0.15418449504037E+00
 0.15479462381627E+00
 0.15539633499180E+00
 0.15598944924876E+00
 0.15657433131688E+00
 0.15715042603981E+00
 0.15771878460812E+00
 0.15827894200828E+00
 0.15883114700471E+00
 0.15937616665247E+00
 0.15991319211978E+00
 0.16044320901452E+00
 0.16096628200723E+00
 0.16148228692535E+00
 0.16199142195323E+00
 0.16249342616185E+00
 0.16298920747003E+00
 0.16347873609520E+00
 0.16396159946214E+00
 0.16443843444713E+00
 0.16490922928418E+00
 0.16537400983597E+00
 0.16583294188903E+00
 0.16628617578058E+00
 0.16673378156678E+00
 0.16717588753819E+00
 0.16761255566719E+00
 0.16804395261772E+00
 0.16847012544753E+00
 0.16889112546090E+00
 0.16930707173226E+00
 0.16971814604054E+00
 0.17012433235984E+00
 0.17052583079154E+00
 0.17092256730827E+00
 0.17131467578126E+00
 0.17170230991149E+00
 0.17208539462414E+00
 0.17246429027319E+00
 0.17283894780898E+00
 0.17320905513525E+00
 0.17357533104691E+00
 0.17393741907240E+00
 0.17429555827775E+00
 0.17464946360153E+00
 0.17499989575818E+00
 0.17534595020824E+00
 0.17568868787422E+00
 0.17602755376704E+00
 0.17636297552843E+00
 0.17669432503700E+00
 0.17702266962104E+00
 0.17734768179246E+00
 0.17766864998881E+00
 0.17798659508884E+00
 0.17830140094429E+00
 0.17861258361274E+00
 0.17892093825624E+00
 0.17922587096988E+00
 0.17952765830982E+00
 0.17982650150849E+00
 0.18012239397793E+00
