 0.00000000000000E+00
 0.00000000000000E+00
 0.00000000000000E+00
 0.00000000000000E+00
 0.00000000000000E+00
-0.22373026141171E-25
-0.92074316979989E-24
-0.83782906691945E-22
-0.17043664336973E-21
-0.12462424064836E-20
-0.16315087855317E-06
 0.64762137344607E-07
 0.33296792456953E-07
 0.39707591301161E-06
 0.14234745483420E-06
-0.13244117714323E-07
 0.22287298772486E-06
-0.23938311703395E-06
 0.16885633134420E-06
-0.92987601044965E-07
-0.11728248134376E-06
 0.18293065756876E-06
 0.96154022228185E-07
 0.58864663378252E-07
 0.14447930080381E-06
 0.27431740337452E-06
 0.20073996082533E-06
-0.14431744796654E-06
-0.23667606378297E-06
-0.43623041297882E-07
 0.37876612905990E-07
-0.21669729196737E-06
-0.14470809502135E-06
 0.56907355764491E-07
 0.10775686443935E-06
 0.31845117720738E-06
 0.17802052588972E-06
 0.99709295470010E-07
-0.77778311084287E-07
 0.47074618009058E-06
-0.35908648179276E-07
 0.33265839962739E-07
-0.84114633655040E-07
 0.40979705087139E-07
 0.29325123007915E-06
-0.20427264287108E-06
 0.14722565792383E-06
 0.14147829522425E-06
 0.16232349125030E-06
 0.29587981154033E-07
 0.46845262981128E-06
-0.52054568011772E-08
 0.37978246322566E-06
 0.42524884403050E-06
 0.23657911011923E-06
 0.92503087537684E-06
 0.22117471731384E-06
 0.71516225549812E-06
 0.84922514377805E-06
 0.14384392509872E-05
 0.13308251030117E-05
 0.20264431716037E-05
 0.24505161049677E-05
 0.26229395543517E-05
 0.29241730085907E-05
 0.41950078892264E-05
 0.49072219461826E-05
 0.57637607448865E-05
 0.75928380419688E-05
 0.79913801872355E-05
 0.98567286950327E-05
 0.11993134676088E-04
 0.13117524885892E-04
 0.16700652576296E-04
 0.18518988729803E-04
 0.21864496942200E-04
 0.24062027196799E-04
 0.28507593574920E-04
 0.33279645204428E-04
 0.36219155089834E-04
 0.43981155752972E-04
 0.50340868288987E-04
 0.49753078267668E-04
 0.62589832385786E-04
 0.69135018499439E-04
 0.77433741496159E-04
 0.86528572197035E-04
 0.95964085636246E-04
 0.11051943044317E-03
 0.12260802065102E-03
 0.14252062487924E-03
 0.15522148412352E-03
 0.17265356980558E-03
 0.18975624456444E-03
 0.21227048212798E-03
 0.23541033814031E-03
 0.25472242565791E-03
 0.28584907866616E-03
 0.31325047957089E-03
 0.33880332928048E-03
 0.37402744512850E-03
 0.40975195623429E-03
 0.44768531198638E-03
 0.49127284888001E-03
 0.54788601473896E-03
 0.58506149806946E-03
 0.63646570039896E-03
 0.69444372971929E-03
 0.76667521934577E-03
 0.83205859956821E-03
 0.88921621462241E-03
 0.96843138186755E-03
 0.10528224875866E-02
 0.11422912796476E-02
 0.12439975773677E-02
 0.13356681286086E-02
 0.14425022954388E-02
 0.15369921375884E-02
 0.16908184902708E-02
 0.18294766586679E-02
 0.19653990231325E-02
 0.21107892146650E-02
 0.22680862543276E-02
 0.24379113265086E-02
 0.26459931651027E-02
 0.28500583277100E-02
 0.30420246885573E-02
 0.32543719612236E-02
 0.34917763620106E-02
 0.37928430923551E-02
 0.40378234458927E-02
 0.43616375510772E-02
 0.46999887311184E-02
 0.49970205511896E-02
 0.53824782626848E-02
 0.57549583014696E-02
 0.61648975445505E-02
 0.65789797339247E-02
 0.71437840131582E-02
 0.76404189281341E-02
 0.81024724306693E-02
 0.87479613980579E-02
 0.93407832303100E-02
 0.10016446825334E-01
 0.10700029166109E-01
 0.11467125081179E-01
 0.12293597916270E-01
 0.13190930436157E-01
 0.14056894401000E-01
 0.15093490147291E-01
 0.16093453489501E-01
 0.17206281150148E-01
 0.18422236055873E-01
 0.19683073522341E-01
 0.21140797689877E-01
 0.22606524081740E-01
 0.24141818772149E-01
 0.25967529624916E-01
 0.27946667947082E-01
 0.29936723499333E-01
 0.32541788891094E-01
 0.35560894369972E-01
 0.38756980577475E-01
 0.42577254623458E-01
 0.47473382803781E-01
 0.52646376246601E-01
 0.58447279182738E-01
 0.64018320386373E-01
 0.69322240629596E-01
 0.73603318100916E-01
 0.76474192909207E-01
 0.78037167627293E-01
 0.77598914949947E-01
 0.76733181853514E-01
 0.74390642425469E-01
 0.71894297430266E-01
 0.69117834287244E-01
 0.65942665218557E-01
 0.62819973673303E-01
 0.60237284884835E-01
 0.57379405445253E-01
 0.54579184210241E-01
 0.52216234712579E-01
 0.50036115823652E-01
 0.48008340721656E-01
 0.46271065287606E-01
 0.44435343336443E-01
 0.43263917026330E-01
 0.41695617068802E-01
 0.40211529872081E-01
 0.39158094682600E-01
 0.38297889842002E-01
 0.37313327752999E-01
 0.36113400817260E-01
 0.35441084021872E-01
 0.34837221299100E-01
 0.33940457720382E-01
 0.33520028639652E-01
 0.32559493811429E-01
 0.32253986527320E-01
 0.31514646010776E-01
 0.31149005472906E-01
 0.30383213614335E-01
 0.30276567028927E-01
 0.30106464414680E-01
 0.29410790031862E-01
 0.29089803078068E-01
 0.28534923606674E-01
 0.28336284192048E-01
 0.28047011037147E-01
 0.27837834724919E-01
 0.27578336325734E-01
 0.27211180952472E-01
 0.26911743641215E-01
 0.26837541314689E-01
 0.26534531711502E-01
 0.26213661982950E-01
 0.26238711688323E-01
 0.25990472464726E-01
 0.25803591540533E-01
 0.25542714651140E-01
 0.25308345397997E-01
 0.25324855465364E-01
 0.25181126346871E-01
 0.24808388856178E-01
 0.24790487962596E-01
 0.24450474720024E-01
 0.24463365929022E-01
 0.24238177828001E-01
 0.24329972215297E-01
 0.24132407161942E-01
 0.24008980679853E-01
 0.23852995655348E-01
 0.23602557022922E-01
 0.23702143614030E-01
 0.23399162767904E-01
 0.23346775029322E-01
 0.23290752536649E-01
 0.23078186488708E-01
 0.23151280566306E-01
 0.23066243875171E-01
 0.22987624065904E-01
 0.22822712616159E-01
 0.22781211055348E-01
 0.22667545698031E-01
 0.22597411679383E-01
 0.22551228935476E-01
 0.22430226572227E-01
 0.22417672303579E-01
 0.22341419602597E-01
 0.22237978883521E-01
 0.22152565607255E-01
 0.22083978560339E-01
 0.22077272617595E-01
 0.22013083686864E-01
 0.21914041496811E-01
 0.21889804397055E-01
 0.21824414902502E-01
 0.21759241226950E-01
 0.21700998229271E-01
 0.21653104796748E-01
 0.21598169914665E-01
 0.21547696639369E-01
 0.21491322189682E-01
 0.21443313090553E-01
 0.21383923680617E-01
 0.21327714507089E-01
 0.21292184872034E-01
 0.21250488608323E-01
 0.21198854665551E-01
 0.21158634774861E-01
 0.21099622854935E-01
 0.21063513667566E-01
 0.21023679139017E-01
 0.20984155983411E-01
 0.20960027136364E-01
 0.20908015346480E-01
 0.20829910914130E-01
 0.20830174748731E-01
 0.20760946036467E-01
 0.20718114805427E-01
 0.20663571949918E-01
 0.20667064840439E-01
 0.20569065378465E-01
 0.20625778268259E-01
 0.20560848084966E-01
 0.20564383014689E-01
 0.20449825047410E-01
 0.20557871263634E-01
 0.20449906430403E-01
 0.20355869498728E-01
 0.20391589107523E-01
 0.20379635461689E-01
 0.20289517924972E-01
 0.20330395002945E-01
 0.20201713576834E-01
 0.20193870905739E-01
 0.20177410511108E-01
 0.20145757077107E-01
 0.20072043923981E-01
