 0.00000000000000E+00
 0.00000000000000E+00
 0.00000000000000E+00
 0.16307327361481E-25
 0.45030210925366E-25
-0.88948564790847E-24
 0.44251262670292E-22
-0.11107452028257E-21
 0.14548031930236E-21
 0.10021443421300E-20
-0.36953417270283E-22
 0.89375517901842E-20
 0.98504320847376E-20
 0.40151019091222E-20
-0.41971198623357E-20
-0.92221871975149E-19
 0.12686185620941E-18
 0.47498270047009E-19
-0.73429710377647E-19
 0.15109631504408E-18
 0.26648380078322E-18
-0.30272239427816E-18
 0.44706725910964E-18
 0.13553199555459E-17
-0.37391301429576E-18
 0.73358854216518E-18
 0.12487087290473E-17
 0.58523654517858E-10
 0.48349463406792E-09
 0.55316642011109E-09
 0.30402932987764E-09
 0.44681011038931E-09
-0.70471940709271E-08
 0.36957259795914E-08
 0.23608455425929E-08
-0.17906640222665E-08
-0.22661920966873E-08
-0.30138202747284E-08
 0.22929092110292E-08
-0.16514069061214E-08
-0.35035325236483E-08
-0.70057921522749E-09
-0.19996726603102E-09
-0.17380119195112E-08
-0.76202558975978E-09
-0.17534284565252E-08
 0.83240756273698E-09
-0.19507707833540E-09
-0.44749233022180E-09
-0.24277193282084E-08
 0.10401776591539E-08
-0.15397906008506E-08
 0.18850663462557E-08
-0.23873253400783E-08
-0.18934474209567E-08
-0.16852605087648E-09
 0.14759890659604E-08
-0.70290877780863E-09
 0.29432407480913E-08
 0.75019082831812E-09
 0.57208202293263E-09
-0.28915044123829E-08
-0.15208699925035E-08
 0.17374537321971E-08
 0.29845415835325E-08
-0.37659524629030E-09
 0.20942406820191E-08
-0.12434804582718E-08
-0.80668387425963E-09
-0.62346960684796E-08
 0.28738609290485E-08
 0.75307957365157E-08
-0.19753677816073E-08
 0.46695365078522E-08
-0.19032910275334E-08
-0.45759238436177E-10
 0.75407729857821E-09
 0.43968883456767E-08
 0.22010909981558E-08
-0.50972898381953E-08
 0.47085863336220E-08
-0.52328384688485E-08
-0.53058867532889E-08
 0.82278924747938E-08
-0.17396046839291E-08
 0.37049103903897E-08
 0.80657507330959E-08
-0.12612989550107E-08
 0.23690867803407E-09
 0.37931512733988E-08
 0.27212008159079E-08
 0.74228590361279E-08
-0.15484905741930E-08
-0.76078423120031E-08
 0.83901629907597E-08
 0.14803445464002E-08
 0.35710843900848E-08
 0.63567132804488E-08
-0.36270975263677E-08
 0.50481471331692E-08
-0.37000640066369E-08
 0.45466219873644E-08
-0.10435371914529E-07
 0.94788229382699E-09
-0.14187450299614E-08
-0.22059854508300E-08
 0.10952239471058E-07
 0.18010177879826E-07
-0.19640984690317E-07
-0.26564429000730E-08
-0.78705259205405E-09
 0.21127130841349E-08
-0.31377827171139E-08
-0.90377882822488E-08
-0.70659268674040E-08
 0.40763796645716E-08
 0.22895624247763E-08
-0.80901945633700E-08
 0.21538164109881E-08
-0.24160342982831E-08
-0.12922916013428E-08
 0.16147102607207E-08
 0.32681530851399E-08
-0.35230777509666E-08
-0.17316128783075E-07
 0.92981163141643E-08
 0.42075183108544E-08
-0.17517001181883E-08
-0.12167054788304E-07
-0.14007004035718E-07
-0.81170545854300E-09
 0.87642325785003E-08
 0.50936853779019E-09
 0.12264897440553E-07
-0.54860926547987E-08
-0.59181875987894E-08
 0.19648940420128E-08
-0.13795267685122E-08
-0.13191034123073E-07
 0.18165029723664E-07
 0.33923762401703E-08
-0.34993542616337E-08
 0.53739723377160E-08
 0.15198759046332E-08
-0.11284719789875E-08
 0.17271436556677E-08
 0.22352499361576E-09
-0.81584134647268E-08
 0.14075036576593E-07
 0.22062747727061E-07
-0.40310947338929E-07
-0.78702404621576E-08
 0.18751414147464E-08
 0.49104116237317E-08
 0.31700091931688E-07
-0.64290484578012E-07
-0.43792420861294E-07
 0.85537222753688E-08
-0.32436418835109E-07
 0.67922559636532E-07
-0.57724885729497E-08
-0.28536841031236E-07
-0.51092222435428E-07
-0.61764925891090E-07
 0.18335992056831E-07
 0.53222330162239E-07
 0.16801919039746E-08
 0.41494833230131E-07
 0.46436348881080E-07
 0.24854787481723E-07
-0.10090503764218E-07
-0.28588484583239E-07
 0.15834856836705E-07
 0.11803358260402E-07
 0.42289488477920E-08
 0.13077964935855E-08
 0.15956102085839E-07
 0.98553678858380E-08
-0.52099217604886E-07
-0.22452822138011E-07
-0.46734646276526E-08
-0.33474712238703E-07
 0.21344896378480E-07
-0.18138575765656E-07
 0.22723411706193E-07
-0.91224975287564E-10
-0.14953998596067E-07
-0.13387737628694E-07
-0.27299885799348E-08
-0.16201399081273E-08
-0.60808007939639E-08
-0.28798529876946E-08
-0.28611635021562E-07
-0.16153558101051E-07
-0.21383242672638E-08
 0.54708980333586E-08
 0.11300858776783E-07
 0.14076943383791E-07
 0.12288728772259E-07
 0.17553397534386E-07
-0.44887967151269E-08
 0.46143154386562E-09
-0.21377891170961E-08
-0.18304793323887E-07
-0.85317019460947E-08
 0.11258667739969E-07
-0.20075743378312E-07
 0.28820303989736E-07
 0.16863580997489E-07
-0.20786212531414E-08
 0.54739440967932E-08
 0.60586502424762E-08
-0.10362141238175E-07
 0.61589610892217E-08
 0.16886600954889E-07
-0.12590511902601E-07
 0.32984820231411E-08
-0.21549389276197E-07
-0.44960838666110E-08
 0.56702770690963E-08
-0.27929648982905E-08
 0.66452953172101E-08
-0.30992067092089E-08
-0.63193890343350E-09
-0.67947703452686E-09
 0.22065046869643E-08
-0.29774822451018E-08
 0.93941068960906E-08
 0.12995799585912E-07
 0.89310128814707E-08
-0.10245119209875E-07
-0.29415511929946E-07
-0.21022029439011E-07
 0.17915257948006E-07
 0.16255047168470E-07
-0.97855418407730E-08
 0.15352799672298E-07
-0.45883077831322E-08
 0.38768332845122E-08
-0.33668839612487E-08
-0.59965248424290E-08
-0.18318253246421E-07
-0.11844346161429E-07
 0.12487275774950E-08
-0.12759750249898E-07
-0.21541577892627E-09
 0.75910140610642E-08
 0.14362860727220E-07
 0.25992952523156E-09
-0.10878334421688E-07
 0.70720290065900E-08
-0.25803157218408E-08
-0.90050598871988E-09
-0.47010174798798E-08
-0.26351756938221E-08
-0.75215099692199E-08
-0.35819953338923E-08
-0.22544932816492E-08
 0.88356830090535E-08
-0.31206900971800E-08
-0.10441793317569E-07
 0.10464350894713E-08
-0.44211697561325E-08
-0.47659453712175E-08
 0.18245032301768E-08
-0.14114833923242E-07
-0.12858481485084E-08
-0.34001615122493E-08
 0.13030721979836E-08
 0.20416016815863E-09
-0.50087489860791E-08
 0.57346987643531E-08
 0.39583258319657E-08
-0.19042507482599E-08
 0.15537708192169E-08
-0.49340879690283E-08
 0.11872153070819E-08
 0.62548820531412E-08
 0.66085399442363E-09
 0.98237234677380E-08
-0.17803433291464E-08
 0.49966923118322E-08
 0.42837807624268E-08
 0.37385877753311E-08
-0.68462902945140E-09
-0.42839559765890E-09
 0.78482636727515E-09
 0.89666856220437E-08
-0.71259700497175E-08
 0.90436341969062E-09
-0.64736826584319E-08
-0.12642037144437E-09
 0.50983447284473E-08
-0.29065281913008E-08
-0.17770863099008E-08
 0.52402482048948E-08
 0.83512944519331E-11
 0.68854601712077E-08
-0.57582398643157E-08
-0.95637853701386E-09
