 0.00000000000000E+00
 0.00000000000000E+00
 0.00000000000000E+00
 0.34851506997445E-25
 0.10182831697256E-24
-0.10750679334881E-21
 0.78859110933852E-22
-0.33161448131064E-21
 0.58232609201098E-21
-0.31132276191388E-10
 0.93912691916187E-07
-0.89945517130302E-07
 0.20960197016214E-07
 0.11180997354610E-07
 0.34040746969610E-07
-0.95575938360511E-07
-0.14198144169433E-07
-0.11733870813396E-07
 0.46141136716365E-07
 0.23781186580613E-07
 0.13422148229978E-07
 0.38076761717030E-07
-0.14771972524708E-07
-0.68887710518567E-08
 0.10280728666665E-08
 0.35184435951352E-08
-0.15327211308244E-07
 0.97210458898856E-08
 0.59317334330722E-08
 0.15741372255782E-07
-0.29507288998676E-08
-0.12696971650810E-08
-0.92249490490538E-08
 0.54286598521736E-08
-0.29544569704355E-08
 0.18999255457062E-08
-0.53810712880924E-08
 0.36577641523397E-09
 0.86170848456015E-08
-0.69850848697161E-08
-0.63699996397784E-08
 0.16126530454576E-08
 0.38776574102745E-08
 0.77217753606588E-08
 0.10873382508250E-07
 0.11102917254709E-07
 0.19669177279064E-07
-0.92702276621034E-12
 0.87864436889084E-07
 0.68746489702011E-07
 0.83324751033417E-07
 0.96050507165665E-07
 0.14061428732536E-06
 0.22482739474657E-06
 0.36417879475848E-06
 0.42196717088237E-06
 0.51967239961332E-06
 0.66258329738271E-06
 0.93892462165010E-06
 0.11094526663513E-05
 0.13759389036076E-05
 0.17544777441523E-05
 0.21377124891227E-05
 0.26437244613788E-05
 0.32358892562221E-05
 0.39275974749695E-05
 0.47347441783381E-05
 0.56882898141586E-05
 0.67715835444672E-05
 0.80884330019066E-05
 0.95572342203428E-05
 0.11263802714752E-04
 0.13182055733182E-04
 0.15440646254037E-04
 0.17935534980635E-04
 0.20843075486221E-04
 0.24120510781506E-04
 0.27742579540311E-04
 0.31909521314767E-04
 0.36393360314040E-04
 0.41431847615446E-04
 0.47389050755839E-04
 0.53827986946800E-04
 0.60937975690985E-04
 0.68811194345514E-04
 0.77561186245493E-04
 0.87195204332876E-04
 0.97796390237246E-04
 0.10948778178285E-03
 0.12230818469062E-03
 0.13640430070393E-03
 0.15174356622991E-03
 0.16856253670175E-03
 0.18688946447692E-03
 0.20686742270852E-03
 0.22872786887224E-03
 0.25235451214343E-03
 0.27813495404578E-03
 0.30591800708578E-03
 0.33608213274603E-03
 0.36874472381565E-03
 0.40413626526373E-03
 0.44240356449910E-03
 0.48359717694343E-03
 0.52808486846731E-03
 0.57608312763601E-03
 0.62779700193165E-03
 0.68323240296805E-03
 0.74296448910926E-03
 0.80714241707106E-03
 0.87658456117841E-03
 0.94981077318472E-03
 0.10296822569167E-02
 0.11146917630052E-02
 0.12059945574728E-02
 0.13037341892662E-02
 0.14082155065011E-02
 0.15203758260267E-02
 0.16397814628804E-02
 0.17678830166363E-02
 0.19046267819978E-02
 0.20507992353045E-02
 0.22067259559473E-02
 0.23734609457473E-02
 0.25511005540562E-02
 0.27405168166733E-02
 0.29428048662219E-02
 0.31578786164618E-02
 0.33877439056090E-02
 0.36302206596552E-02
 0.38910314756211E-02
 0.41677519935102E-02
 0.44611881467567E-02
 0.47734518908243E-02
 0.51048767158683E-02
 0.54565039256054E-02
 0.58277187614914E-02
 0.62233478020071E-02
 0.66366261970652E-02
 0.70769475308768E-02
 0.75387999176126E-02
 0.80242511498286E-02
 0.85305634475927E-02
 0.90617988179345E-02
 0.96090886717753E-02
 0.10185373531102E-01
 0.10779260549656E-01
 0.11401685584002E-01
 0.12050992112519E-01
 0.12759716085039E-01
 0.13555292075049E-01
 0.14496400617158E-01
 0.15660803322821E-01
 0.17171347462279E-01
 0.19115772520614E-01
 0.21555957830752E-01
 0.24487021178185E-01
 0.27824571446797E-01
 0.31438086655336E-01
 0.35190341675876E-01
 0.38968276721484E-01
 0.42684154971456E-01
 0.46290568755163E-01
 0.49761542928134E-01
 0.53087940359277E-01
 0.56263102527393E-01
 0.59304896473617E-01
 0.62215537622607E-01
 0.65005189691739E-01
 0.67684882640959E-01
 0.70262880156249E-01
 0.72749194144700E-01
 0.75150391487754E-01
 0.77476214123229E-01
 0.79721825491193E-01
 0.81902513013292E-01
 0.84020306688874E-01
 0.86078514882264E-01
 0.88079293185628E-01
 0.90026794463103E-01
 0.91922651822366E-01
 0.93770297702663E-01
 0.95569721844046E-01
 0.97325495593866E-01
 0.99037343587837E-01
 0.10070717288627E+00
 0.10233770123021E+00
 0.10392893996350E+00
 0.10548223955138E+00
 0.10700015773744E+00
 0.10848266117524E+00
 0.10993224869703E+00
 0.11134830989843E+00
 0.11273310187482E+00
 0.11408714256860E+00
 0.11541225291289E+00
 0.11670800439332E+00
 0.11797723041029E+00
 0.11921801974651E+00
 0.12043327090410E+00
 0.12162419203781E+00
 0.12278915383106E+00
 0.12393157181026E+00
 0.12505145883236E+00
 0.12614803954499E+00
 0.12722406018054E+00
 0.12827786150608E+00
 0.12931297802136E+00
 0.13032785675350E+00
 0.13132403419085E+00
 0.13230103843047E+00
 0.13326111498435E+00
 0.13420218014448E+00
 0.13512687619010E+00
 0.13603567937175E+00
 0.13692798423096E+00
 0.13780473402115E+00
 0.13866647519735E+00
 0.13951375085177E+00
 0.14034598190489E+00
 0.14116441752452E+00
 0.14196922798996E+00
 0.14276130942799E+00
 0.14354007760739E+00
 0.14430612142395E+00
 0.14505981340226E+00
 0.14580180002976E+00
 0.14653184812263E+00
 0.14725097833844E+00
 0.14795859772813E+00
 0.14865528160015E+00
 0.14934177286471E+00
 0.15001766655180E+00
 0.15068359047117E+00
 0.15133921735080E+00
 0.15198578790449E+00
 0.15262246786665E+00
 0.15325029190838E+00
 0.15386858382798E+00
 0.15447848174224E+00
 0.15507971244546E+00
 0.15567220532122E+00
 0.15625655817549E+00
 0.15683290646568E+00
 0.15740129645872E+00
 0.15796161219690E+00
 0.15851472703928E+00
 0.15906035485937E+00
 0.15959859115744E+00
 0.16012970478984E+00
 0.16065401561015E+00
 0.16117094475344E+00
 0.16168138225556E+00
 0.16218528443730E+00
 0.16268264686706E+00
 0.16317357694322E+00
 0.16365856421112E+00
 0.16413709925186E+00
 0.16460977425595E+00
 0.16507639987569E+00
 0.16553746189645E+00
 0.16599274972711E+00
 0.16644236867172E+00
 0.16688661870173E+00
 0.16732547415701E+00
 0.16775923374426E+00
 0.16818758364636E+00
 0.16861086119909E+00
 0.16902893556146E+00
 0.16944260722744E+00
 0.16985096215998E+00
 0.17025471187844E+00
 0.17065380901211E+00
 0.17104838449766E+00
 0.17143825684446E+00
 0.17182385581022E+00
 0.17220508260882E+00
 0.17258192704308E+00
 0.17295449827646E+00
 0.17332309405387E+00
 0.17368734918573E+00
 0.17404780905701E+00
 0.17440426217704E+00
 0.17475675402054E+00
 0.17510562521999E+00
 0.17545054941451E+00
 0.17579169348535E+00
 0.17612924614950E+00
 0.17646328349941E+00
 0.17679379386769E+00
 0.17712068263644E+00
 0.17744430593269E+00
 0.17776455025934E+00
 0.17808108351174E+00
 0.17839470959292E+00
 0.17870497942802E+00
 0.17901223909745E+00
 0.17931630951909E+00
 0.17961720342483E+00
 0.17991519383518E+00
