 0.00000000000000E+00
 0.00000000000000E+00
 0.00000000000000E+00
-0.18790206414937E-26
-0.82354131673809E-26
 0.12786525660606E-22
-0.12484333030517E-22
 0.67842245454794E-22
-0.15774455290602E-21
 0.65640884526291E-12
-0.50853885688269E-07
 0.40244043830937E-07
-0.11065851518001E-07
 0.14419359673529E-07
-0.21274945950901E-07
 0.86804224694021E-07
 0.17816594690211E-07
 0.21280524159773E-07
-0.54344631476740E-07
-0.39852681508249E-07
-0.23496264419048E-07
-0.52654460951372E-07
 0.27617759465748E-07
 0.16903196501269E-07
-0.44542480960639E-08
 0.32887489677977E-08
 0.42611877691141E-07
-0.30985732827172E-07
 0.15499112088952E-08
-0.31380267046076E-07
 0.13657399412035E-07
 0.10212283793088E-07
 0.18713310363247E-07
-0.13516760937484E-07
 0.23360659329989E-07
-0.10088204557468E-07
 0.35185873970049E-07
 0.47702346159547E-08
-0.34751931792195E-07
 0.48963240067039E-07
 0.41893299415332E-07
 0.82789212506694E-08
 0.22540682139959E-07
-0.49897359859387E-08
 0.54209115291617E-07
 0.82424460276905E-07
-0.73314591565525E-08
 0.30985367415775E-06
-0.25253499016096E-06
-0.11627997350046E-06
 0.10767367886897E-06
 0.40645484004340E-06
 0.56151693153175E-06
 0.61832972431372E-06
-0.13904257282052E-06
 0.37365653929856E-06
 0.66816074138215E-06
 0.11308718868815E-05
 0.18451332546441E-06
 0.11341304792987E-05
 0.16959699762538E-05
 0.16598733618354E-05
 0.23273668412996E-05
 0.26790261670207E-05
 0.31248837434332E-05
 0.37732052106673E-05
 0.46033216283760E-05
 0.55762745549144E-05
 0.68689552791739E-05
 0.76957050937115E-05
 0.93593552757970E-05
 0.11044005675370E-04
 0.13400863512254E-04
 0.15312036068470E-04
 0.18586808525271E-04
 0.21012112626547E-04
 0.23548213702098E-04
 0.27920080826261E-04
 0.30995423413306E-04
 0.40171760744417E-04
 0.42871222108162E-04
 0.48079707250184E-04
 0.53897379581429E-04
 0.61143904941942E-04
 0.69767719133987E-04
 0.77772271843650E-04
 0.87637527220266E-04
 0.98976611995103E-04
 0.11028612487493E-03
 0.12278198895176E-03
 0.13557955847114E-03
 0.15225792687057E-03
 0.16898985437552E-03
 0.18761826653905E-03
 0.20862771508215E-03
 0.22865429051524E-03
 0.25337109608986E-03
 0.27664194817414E-03
 0.30751506019162E-03
 0.33952116968470E-03
 0.37494675391748E-03
 0.40927343320163E-03
 0.44744219131203E-03
 0.49031390871555E-03
 0.53665669640883E-03
 0.58435385278287E-03
 0.63461706616856E-03
 0.69750740037418E-03
 0.75978416302903E-03
 0.83030574750128E-03
 0.87830727024874E-03
 0.97504970420666E-03
 0.10543684263679E-02
 0.11464795735956E-02
 0.12430756024263E-02
 0.13391353414237E-02
 0.14578937493001E-02
 0.15642734502403E-02
 0.17063548461137E-02
 0.18360737039599E-02
 0.19837023130888E-02
 0.21361030911910E-02
 0.23073501658361E-02
 0.24729744190790E-02
 0.26722329610129E-02
 0.28797539212733E-02
 0.30802991087885E-02
 0.33392320872911E-02
 0.35262690605073E-02
 0.39037553822676E-02
 0.41439081942599E-02
 0.44243315263555E-02
 0.47674783113429E-02
 0.50942382483112E-02
 0.54349337496724E-02
 0.57850541559138E-02
 0.62457962435734E-02
 0.64860751616102E-02
 0.70050042028238E-02
 0.73377349427434E-02
 0.77041310992416E-02
 0.79898154366478E-02
 0.84512521613950E-02
 0.85628832707637E-02
 0.90829692981851E-02
 0.90432102256984E-02
 0.93430579912104E-02
 0.92941681716153E-02
 0.10059192889819E-01
 0.10871801505628E-01
 0.12559876389519E-01
 0.15657678352462E-01
 0.21722215980393E-01
 0.30127116251880E-01
 0.41693223091501E-01
 0.55463732528105E-01
 0.68795052113283E-01
 0.79618041577971E-01
 0.87121440810458E-01
 0.90603425470482E-01
 0.90990017973279E-01
 0.89735851750055E-01
 0.86768019962026E-01
 0.83221481121671E-01
 0.79153162812614E-01
 0.75825679345237E-01
 0.71879491503381E-01
 0.68310194725075E-01
 0.65103200938009E-01
 0.62109030969445E-01
 0.59432423397559E-01
 0.56896436283057E-01
 0.54569281302445E-01
 0.52226908713214E-01
 0.50577018214008E-01
 0.48941049196361E-01
 0.47291695520175E-01
 0.45798088244921E-01
 0.44442769142795E-01
 0.43144400319364E-01
 0.42001976655784E-01
 0.40900738010432E-01
 0.39949110821603E-01
 0.38946766272869E-01
 0.38086867473830E-01
 0.37304427628871E-01
 0.36490565070918E-01
 0.35773795386607E-01
 0.35160000727949E-01
 0.34527259493013E-01
 0.34039728968711E-01
 0.33349101380902E-01
 0.32840187978760E-01
 0.32348506657073E-01
 0.31885310518120E-01
 0.31403195019316E-01
 0.31000895275278E-01
 0.30453502841030E-01
 0.30150169711502E-01
 0.29821470293058E-01
 0.29371707832825E-01
 0.29197023237884E-01
 0.28847014281502E-01
 0.28479133497349E-01
 0.28266531684276E-01
 0.27952435453218E-01
 0.27830918211942E-01
 0.27503320281678E-01
 0.27260381058805E-01
 0.26982956879087E-01
 0.26814317606730E-01
 0.26488162271248E-01
 0.26407127878339E-01
 0.26248283783329E-01
 0.26026662057359E-01
 0.25849723125766E-01
 0.25683877815320E-01
 0.25503098139480E-01
 0.25294457213115E-01
 0.25185834049705E-01
 0.25046250787858E-01
 0.24937832324256E-01
 0.24732700655139E-01
 0.24608829310221E-01
 0.24499699747801E-01
 0.24406792880522E-01
 0.24253464333570E-01
 0.24191632548916E-01
 0.24035245803922E-01
 0.23924312201348E-01
 0.23875893786833E-01
 0.23720317866601E-01
 0.23626175646452E-01
 0.23488919624796E-01
 0.23460605172770E-01
 0.23312673198614E-01
 0.23261288110804E-01
 0.23129676779809E-01
 0.23107884514430E-01
 0.22981992027578E-01
 0.22883666644156E-01
 0.22842183054670E-01
 0.22774727655638E-01
 0.22696591100847E-01
 0.22609223413427E-01
 0.22595608089001E-01
 0.22497181848970E-01
 0.22407705283273E-01
 0.22344548972912E-01
 0.22269822891766E-01
 0.22177583825248E-01
 0.22157373141580E-01
 0.22105283229670E-01
 0.22037345138064E-01
 0.21971336728362E-01
 0.21939522163324E-01
 0.21841325865190E-01
 0.21804721314886E-01
 0.21738769774152E-01
 0.21707320416061E-01
 0.21651808941266E-01
 0.21597336313973E-01
 0.21560909571841E-01
 0.21512608851969E-01
 0.21467229342144E-01
 0.21375445953575E-01
 0.21323246206547E-01
 0.21296339883256E-01
 0.21292169597843E-01
 0.21184775026110E-01
 0.21173728216882E-01
 0.21121013669541E-01
 0.21090264746297E-01
 0.21029325843885E-01
 0.21012549844966E-01
 0.20953391654732E-01
 0.20904525480645E-01
 0.20874944006722E-01
 0.20866534091919E-01
 0.20800876093206E-01
 0.20810983959335E-01
 0.20748856587522E-01
 0.20723838442939E-01
 0.20693714317769E-01
 0.20613286267479E-01
 0.20583967877988E-01
 0.20584267518720E-01
 0.20545551219728E-01
 0.20491521548565E-01
 0.20451891483885E-01
 0.20444242907562E-01
 0.20389041060575E-01
 0.20325957573870E-01
 0.20383538117088E-01
 0.20333942983886E-01
 0.20324178600930E-01
 0.20268979031615E-01
 0.20224195506526E-01
 0.20204085486401E-01
 0.20148138809985E-01
