 0.00000000000000E+00
 0.00000000000000E+00
 0.00000000000000E+00
 0.38545860552113E-26
 0.31585991151489E-25
 0.26321659292907E-25
-0.22026206029779E-26
-0.47033154707326E-24
-0.36068998816947E-23
-0.32217687799972E-11
-0.59585898376695E-11
-0.41068152881797E-11
-0.12556704642584E-10
-0.18862171022976E-12
-0.29288909160386E-10
 0.13016138345035E-10
 0.18495857335479E-10
 0.35734602339429E-10
-0.28015605128634E-10
 0.58146993637926E-10
 0.16161594197634E-11
 0.64796367669343E-11
 0.12830680646381E-10
 0.12724514567979E-09
-0.84571372921409E-09
 0.11542518166257E-08
 0.61512436010244E-10
 0.34275662459732E-08
-0.56916047116811E-09
 0.17801845876490E-08
 0.12579927857160E-09
 0.28116134550248E-08
 0.35508456989914E-08
 0.61492576958507E-08
 0.10390728263593E-07
 0.16966802537968E-07
 0.26953476785695E-07
 0.41705257348338E-07
 0.63193343045248E-07
 0.93704677103483E-07
 0.13625462393471E-06
 0.19452310444440E-06
 0.27311219857312E-06
 0.37748461259307E-06
 0.51416625570297E-06
 0.69091274104508E-06
 0.91667843987358E-06
 0.12018561438210E-05
 0.15582947492549E-05
 0.19994876272274E-05
 0.25405797490431E-05
 0.31890692927177E-05
 0.39946284684497E-05
 0.49421165099241E-05
 0.60714558133104E-05
 0.74047488830677E-05
 0.89692255857068E-05
 0.10793826227504E-04
 0.12901944419198E-04
 0.15359780418788E-04
 0.18161036901315E-04
 0.21360763488387E-04
 0.25016900735596E-04
 0.29152597417141E-04
 0.33794378061430E-04
 0.39024227150583E-04
 0.44917506910523E-04
 0.51452450191300E-04
 0.58724838568548E-04
 0.66841019710251E-04
 0.75799257991910E-04
 0.85652421163305E-04
 0.97072368393128E-04
 0.10772744950703E-03
 0.12223197155455E-03
 0.13641876159095E-03
 0.15053133384297E-03
 0.16657882773569E-03
 0.18620979474367E-03
 0.20790723899639E-03
 0.23019266442261E-03
 0.25151002128289E-03
 0.27508691663960E-03
 0.30345549704051E-03
 0.33351194068688E-03
 0.36472505801727E-03
 0.39763634136804E-03
 0.43359732404597E-03
 0.47205382064368E-03
 0.51317855637193E-03
 0.55711451689602E-03
 0.60401399567300E-03
 0.65386394640381E-03
 0.70703528342022E-03
 0.76361071600760E-03
 0.82366292219129E-03
 0.88750098556173E-03
 0.95524499819135E-03
 0.10269941535982E-02
 0.11031096641013E-02
 0.11835887135663E-02
 0.12690051823978E-02
 0.13590768305125E-02
 0.14544901704772E-02
 0.15551471335459E-02
 0.16614580870732E-02
 0.17736767375202E-02
 0.18920977254379E-02
 0.20168179340370E-02
 0.21482593783455E-02
 0.22869202866346E-02
 0.24329282426731E-02
 0.25862603449737E-02
 0.27479597278060E-02
 0.29178198032879E-02
 0.30966354197451E-02
 0.32844555231073E-02
 0.34817065868075E-02
 0.36890641796383E-02
 0.39053575936353E-02
 0.41347996223544E-02
 0.43771818928151E-02
 0.46300441204907E-02
 0.48914867588563E-02
 0.51640102115821E-02
 0.54532110544601E-02
 0.57616958687439E-02
 0.60867795823804E-02
 0.64216638591801E-02
 0.67663583403492E-02
 0.71275807003025E-02
 0.75158728379447E-02
 0.79190331790170E-02
 0.83385757109224E-02
 0.87784384848188E-02
 0.92379931271312E-02
 0.97186166301333E-02
 0.10221224531653E-01
 0.10745562024499E-01
 0.11293625102194E-01
 0.11866323651040E-01
 0.12463633551631E-01
 0.13086369567017E-01
 0.13735248196244E-01
 0.14411486032344E-01
 0.15115583853106E-01
 0.15848826422918E-01
 0.16613685199755E-01
 0.17396273681762E-01
 0.18222571286081E-01
 0.19077340282196E-01
 0.19954114781040E-01
 0.20853703525800E-01
 0.21783603581715E-01
 0.22754075777220E-01
 0.23753764332859E-01
 0.24767499484829E-01
 0.25781171008855E-01
 0.26812540046432E-01
 0.27883323044959E-01
 0.28936875775363E-01
 0.29988666460159E-01
 0.31031586328715E-01
 0.32056044307265E-01
 0.33053840409407E-01
 0.34013179087332E-01
 0.34923047243828E-01
 0.35777367113410E-01
 0.36565358274047E-01
 0.37280099392323E-01
 0.37915233204025E-01
 0.38466057333920E-01
 0.38930089006874E-01
 0.39306711465163E-01
 0.39597430835729E-01
 0.39804214257367E-01
 0.39931413381849E-01
 0.39983401412412E-01
 0.39965987850305E-01
 0.39884581679539E-01
 0.39744583547074E-01
 0.39553192453441E-01
 0.39313404287124E-01
 0.39032659463286E-01
 0.38713186414857E-01
 0.38361411485908E-01
 0.37979612449330E-01
 0.37571088658995E-01
 0.37141116682045E-01
 0.36690361633825E-01
 0.36220480162714E-01
 0.35736346919612E-01
 0.35240408495532E-01
 0.34732916413561E-01
 0.34213068489326E-01
 0.33688453991215E-01
 0.33167847273943E-01
 0.32623633905840E-01
 0.32086544176844E-01
 0.31562580142528E-01
 0.31024980069296E-01
 0.30495011337875E-01
 0.29968686033906E-01
 0.29448809041597E-01
 0.28935250256813E-01
 0.28429240582748E-01
 0.27932890766426E-01
 0.27445741160036E-01
 0.26969066813796E-01
 0.26502935775601E-01
 0.26048152933260E-01
 0.25605771417309E-01
 0.25174445370244E-01
 0.24755822081903E-01
 0.24349076072090E-01
 0.23954459551337E-01
 0.23572159013044E-01
 0.23201442050770E-01
 0.22842537369047E-01
 0.22495249693826E-01
 0.22159171862349E-01
 0.21833867848603E-01
 0.21519667437590E-01
 0.21213090850495E-01
 0.20922809057210E-01
 0.20637903445098E-01
 0.20357052236260E-01
 0.20095112371966E-01
 0.19835244269316E-01
 0.19586842957623E-01
 0.19345193048925E-01
 0.19110971090889E-01
 0.18884197885593E-01
 0.18664298103779E-01
 0.18451017310255E-01
 0.18244365522577E-01
 0.18043651385215E-01
 0.17848749149422E-01
 0.17659524605623E-01
 0.17475872226521E-01
 0.17297104622163E-01
 0.17123497173122E-01
 0.16954392770474E-01
 0.16789890492208E-01
 0.16629722727279E-01
 0.16473683354347E-01
 0.16321590277143E-01
 0.16173360842971E-01
 0.16028765909771E-01
 0.15887695463415E-01
 0.15750019018943E-01
 0.15615562407474E-01
 0.15484239946345E-01
 0.15355898993419E-01
 0.15230457844966E-01
 0.15107804454317E-01
 0.14987774815265E-01
 0.14870320667343E-01
 0.14755320571992E-01
 0.14642750954434E-01
 0.14532452077059E-01
 0.14424391409798E-01
 0.14318466148716E-01
 0.14214619470428E-01
 0.14112776132007E-01
 0.14012858166523E-01
 0.13914814641747E-01
 0.13818558088271E-01
 0.13724072252470E-01
 0.13631278600540E-01
 0.13540107602448E-01
 0.13450549133391E-01
 0.13362525266681E-01
 0.13275969853684E-01
 0.13190902572780E-01
 0.13107222842826E-01
 0.13024921168814E-01
 0.12943953922088E-01
 0.12864256962446E-01
 0.12785830874367E-01
 0.12708608123843E-01
 0.12632591793153E-01
 0.12557716350457E-01
 0.12483954587347E-01
 0.12411277467835E-01
 0.12339674861668E-01
 0.12269113952719E-01
 0.12199573184425E-01
 0.12130992417397E-01
 0.12063415230045E-01
 0.11996756225491E-01
 0.11931001607837E-01
 0.11866144719632E-01
 0.11802191795036E-01
 0.11739054799623E-01
 0.11676724969002E-01
 0.11615265207705E-01
 0.11554530395269E-01
 0.11494634460785E-01
 0.11435433311571E-01
