 0.00000000000000E+00
 0.00000000000000E+00
 0.00000000000000E+00
 0.75160825659747E-26
 0.45336272262983E-25
 0.45336272262983E-25
-0.75160825659747E-26
-0.85463853196810E-24
-0.12635429345562E-22
 0.12523907135753E-11
 0.69404950213963E-12
-0.19612729408145E-11
 0.58374198503807E-11
 0.20492564292703E-11
 0.19829942671526E-10
-0.23967701849585E-11
 0.26974152281996E-11
 0.30806135733518E-10
-0.70670029297449E-11
-0.28566960014870E-11
 0.61359676507996E-11
-0.29392916225895E-10
 0.97933621552587E-10
-0.29667596897189E-09
 0.29988779567290E-09
 0.16031569617308E-08
-0.35355821738613E-08
 0.64424442482514E-08
-0.77047119620367E-09
 0.25540826698332E-08
-0.14940902858348E-08
 0.33577112450382E-08
 0.36396930652326E-08
 0.62899988610509E-08
 0.10534531379429E-07
 0.17142968539711E-07
 0.27210137731097E-07
 0.42104028371680E-07
 0.63642269469943E-07
 0.94292312140109E-07
 0.13700375115947E-06
 0.19548777302453E-06
 0.27435602577554E-06
 0.37903935395936E-06
 0.51617761206384E-06
 0.69349350521801E-06
 0.92000837838768E-06
 0.12061825949185E-05
 0.15639995665113E-05
 0.20070021344458E-05
 0.25505370780791E-05
 0.32375611330289E-05
 0.39989057084099E-05
 0.49655071426335E-05
 0.61024722697037E-05
 0.74456920104726E-05
 0.90230614892735E-05
 0.10864650908633E-04
 0.13048637829001E-04
 0.15453316394338E-04
 0.18283841922296E-04
 0.21560724867349E-04
 0.25237899767526E-04
 0.29502326480998E-04
 0.34152165607246E-04
 0.39490678638807E-04
 0.45562188218336E-04
 0.52185266442428E-04
 0.59672910463105E-04
 0.67876911073967E-04
 0.77067689717469E-04
 0.87290955000980E-04
 0.95522056515932E-04
 0.11435296846121E-03
 0.12444568758720E-03
 0.13433711040473E-03
 0.15124785822266E-03
 0.17559877452546E-03
 0.19771258324065E-03
 0.21725772032166E-03
 0.23515160990684E-03
 0.25448423916840E-03
 0.28476356683025E-03
 0.31928884705583E-03
 0.34613979728927E-03
 0.38182927801383E-03
 0.41485053024562E-03
 0.45322695160507E-03
 0.49449160587467E-03
 0.53872589028287E-03
 0.58579411344815E-03
 0.63687883538084E-03
 0.69085987142550E-03
 0.74850167687214E-03
 0.81025482976301E-03
 0.87598859754257E-03
 0.94608972820810E-03
 0.10206570647017E-02
 0.11002823766167E-02
 0.11843358761613E-02
 0.12743790006834E-02
 0.13696904272807E-02
 0.14704227402762E-02
 0.15779850002399E-02
 0.16915456498858E-02
 0.18122211077973E-02
 0.19399966812113E-02
 0.20749737257089E-02
 0.22176070033751E-02
 0.23692976782418E-02
 0.25298687749906E-02
 0.26981111098834E-02
 0.28768142034059E-02
 0.30653194710052E-02
 0.32652671072352E-02
 0.34750351165093E-02
 0.36962938220241E-02
 0.39306299429273E-02
 0.41781753891730E-02
 0.44442477617596E-02
 0.47242709126531E-02
 0.50018113708023E-02
 0.52881352528377E-02
 0.56007742460734E-02
 0.59506341597087E-02
 0.63291863306589E-02
 0.67179841683377E-02
 0.71020271403276E-02
 0.74754378296517E-02
 0.78939493335313E-02
 0.83690943372773E-02
 0.88802835038846E-02
 0.93484228280543E-02
 0.98854788211872E-02
 0.10435616685752E-01
 0.11013513512760E-01
 0.11618775309753E-01
 0.12253650758735E-01
 0.12918508445868E-01
 0.13615219408760E-01
 0.14342028250142E-01
 0.15101757346790E-01
 0.15891143624010E-01
 0.16718614776639E-01
 0.17579025042160E-01
 0.18479512013269E-01
 0.19411840793551E-01
 0.20346975539969E-01
 0.21411702326945E-01
 0.22439073772598E-01
 0.23461774902018E-01
 0.24527971822973E-01
 0.25666624850315E-01
 0.26907410167951E-01
 0.28116631227931E-01
 0.29294574157818E-01
 0.30427857320308E-01
 0.31560743096040E-01
 0.32816265045952E-01
 0.34071237944021E-01
 0.35204131283315E-01
 0.36276539527349E-01
 0.37332872732664E-01
 0.38335829209051E-01
 0.39257523972451E-01
 0.40088425440445E-01
 0.40826567414489E-01
 0.41478044511345E-01
 0.42019728898845E-01
 0.42466214919808E-01
 0.42822296845658E-01
 0.43087774807730E-01
 0.43275399089398E-01
 0.43395531698538E-01
 0.43449368002898E-01
 0.43454827949352E-01
 0.43414881271206E-01
 0.43333194657400E-01
 0.43212965057000E-01
 0.43065148543757E-01
 0.42886719680531E-01
 0.42666585309415E-01
 0.42422243017435E-01
 0.42142121775586E-01
 0.41838365450493E-01
 0.41500426665208E-01
 0.41120575131418E-01
 0.40729440740186E-01
 0.40304565605097E-01
 0.39849143947910E-01
 0.39369935856942E-01
 0.38881037051247E-01
 0.38366195833256E-01
 0.37826919982197E-01
 0.37273142163463E-01
 0.36796904482841E-01
 0.36176559727486E-01
 0.35580960634028E-01
 0.35131459020265E-01
 0.34509920618562E-01
 0.34016423351702E-01
 0.33488950587992E-01
 0.32977870358272E-01
 0.32485572165293E-01
 0.32001806800102E-01
 0.31538827438588E-01
 0.31096782398359E-01
 0.30670570222550E-01
 0.30263106260422E-01
 0.29871576578467E-01
 0.29503841406314E-01
 0.29147847324244E-01
 0.28813858481329E-01
 0.28492435292037E-01
 0.28187339453731E-01
 0.27896734134792E-01
 0.27622890267502E-01
 0.27356450787073E-01
 0.27108225245352E-01
 0.26867350159643E-01
 0.26639940716207E-01
 0.26428699334262E-01
 0.26195441944523E-01
 0.26039275609302E-01
 0.25841957893084E-01
 0.25606229942054E-01
 0.25445141184190E-01
 0.25338086368279E-01
 0.25100942912443E-01
 0.24975669965459E-01
 0.24824965033074E-01
 0.24679048775142E-01
 0.24537060608595E-01
 0.24400464824761E-01
 0.24269436351841E-01
 0.24140726420879E-01
 0.24016906771158E-01
 0.23897089426641E-01
 0.23780520582173E-01
 0.23668254661848E-01
 0.23557725407164E-01
 0.23453030402692E-01
 0.23348512269781E-01
 0.23247460959989E-01
 0.23149916874144E-01
 0.23054139870163E-01
 0.22961187070728E-01
 0.22870610863254E-01
 0.22782583925896E-01
 0.22696494981039E-01
 0.22612681510268E-01
 0.22530629843343E-01
 0.22450919428995E-01
 0.22373005964810E-01
 0.22296804802696E-01
 0.22222391090248E-01
 0.22149699383547E-01
 0.22078375418479E-01
 0.22009131130661E-01
 0.21941308233762E-01
 0.21874761073160E-01
 0.21809912241003E-01
 0.21746247847965E-01
 0.21683984262819E-01
 0.21623127745260E-01
 0.21563318893414E-01
 0.21504809669703E-01
 0.21447350169460E-01
 0.21391274386513E-01
 0.21336178832831E-01
 0.21282558472839E-01
 0.21229533688401E-01
 0.21177689382531E-01
 0.21126898328568E-01
 0.21076857878332E-01
 0.21028127696413E-01
 0.20979972717968E-01
 0.20932834582239E-01
 0.20886544759533E-01
 0.20841256097042E-01
 0.20796494329243E-01
 0.20752768321420E-01
 0.20709749537685E-01
 0.20667462134357E-01
 0.20625815903713E-01
 0.20584693164046E-01
 0.20544491605832E-01
 0.20505380332666E-01
 0.20466445077017E-01
 0.20428205312205E-01
 0.20390824728409E-01
 0.20353249044160E-01
 0.20317341137277E-01
 0.20281743034384E-01
 0.20246209608650E-01
 0.20212336773488E-01
 0.20178278393794E-01
 0.20144037204020E-01
 0.20110977005043E-01
 0.20078801708659E-01
