 0.00000000000000E+00
 0.00000000000000E+00
 0.00000000000000E+00
 0.00000000000000E+00
 0.00000000000000E+00
 0.46906469713923E-25
 0.26431727307018E-23
-0.29253431663553E-12
 0.39764050231013E-11
-0.42884396559025E-06
 0.88408309719663E-06
 0.64894788730286E-06
-0.15589152628405E-06
-0.18177233590324E-06
-0.27965057719067E-07
 0.18855978292444E-06
-0.95307206881389E-07
-0.85101955198799E-07
 0.14444318691715E-06
-0.23141738352977E-06
-0.51612229258108E-07
-0.38586671280534E-07
 0.49192477015449E-07
 0.67881427908938E-07
-0.22892199098396E-07
-0.40626651462981E-07
 0.61787534222413E-07
-0.55243747617050E-07
-0.61893348181458E-07
-0.57949453076159E-07
 0.44224680006210E-07
-0.14618468354221E-07
-0.36882069330191E-07
 0.38683759327542E-07
 0.43017702110816E-07
 0.14372483890560E-07
 0.26466779960322E-07
 0.15517625067525E-07
 0.59607077587737E-08
-0.14152682949576E-07
 0.48731992903633E-07
 0.99387890758171E-07
 0.10177482006649E-06
 0.16787971630518E-06
 0.24414008312732E-06
 0.32103299782600E-06
 0.45079259673513E-06
 0.55090822730245E-06
 0.77671236820440E-06
 0.10185360958804E-05
 0.13429703304878E-05
 0.16802466374022E-05
 0.20811873249442E-05
 0.26145173173109E-05
 0.32878521574572E-05
 0.40596842311206E-05
 0.50010082141588E-05
 0.60845849095643E-05
 0.73737469242472E-05
 0.88448748289469E-05
 0.10581696019286E-04
 0.12588480134948E-04
 0.14920376752397E-04
 0.17577898079073E-04
 0.20611264886935E-04
 0.24062738054570E-04
 0.27992363757067E-04
 0.32409821209342E-04
 0.37341173856979E-04
 0.42898072055586E-04
 0.49074952060118E-04
 0.55977855723314E-04
 0.63635902287573E-04
 0.72105253040569E-04
 0.81482200500960E-04
 0.91714758391755E-04
 0.10303362371100E-03
 0.11547208242815E-03
 0.12900337301978E-03
 0.14376675590345E-03
 0.15983557896248E-03
 0.17749400606701E-03
 0.19658784007893E-03
 0.21725829327858E-03
 0.23962925904203E-03
 0.26382596474992E-03
 0.28992233658346E-03
 0.31808491054961E-03
 0.34834902077349E-03
 0.38091954181199E-03
 0.41588817047411E-03
 0.45340559713352E-03
 0.49362712213347E-03
 0.53666096862745E-03
 0.58269919613140E-03
 0.63189702945090E-03
 0.68436963844151E-03
 0.74032181895297E-03
 0.80001641078543E-03
 0.86357447099532E-03
 0.93120029772401E-03
 0.10031589358647E-02
 0.10796142502330E-02
 0.11607884102907E-02
 0.12470490913182E-02
 0.13385202842739E-02
 0.14356006152114E-02
 0.15384398293226E-02
 0.16473210710266E-02
 0.17627710493217E-02
 0.18849925760172E-02
 0.20142862691790E-02
 0.21508769352731E-02
 0.22955088000363E-02
 0.24482610717422E-02
 0.26099061900326E-02
 0.27807295142656E-02
 0.29610094544708E-02
 0.31513810087175E-02
 0.33525083026794E-02
 0.35646495443123E-02
 0.37887664195264E-02
 0.40250812155619E-02
 0.42745662622432E-02
 0.45375925506913E-02
 0.48153590015007E-02
 0.51083051668663E-02
 0.54169831492055E-02
 0.57428990777055E-02
 0.60865801337203E-02
 0.64488992409118E-02
 0.68309861823771E-02
 0.72339173485725E-02
 0.76588207944857E-02
 0.81069688794841E-02
 0.85799467135009E-02
 0.90787918988871E-02
 0.96047729959484E-02
 0.10159253144298E-01
 0.10744623677063E-01
 0.11362148099736E-01
 0.12013555756110E-01
 0.12700796130289E-01
 0.13426101551777E-01
 0.14191233945747E-01
 0.14998609940093E-01
 0.15850967736114E-01
 0.16750695040486E-01
 0.17700437055501E-01
 0.18703056587277E-01
 0.19761733116737E-01
 0.20879835994500E-01
 0.22061870895072E-01
 0.23312659453378E-01
 0.24638726616513E-01
 0.26048000844731E-01
 0.27551396089548E-01
 0.29164237347684E-01
 0.30905898405240E-01
 0.32799538114311E-01
 0.34872716549531E-01
 0.37153483096961E-01
 0.39664016416389E-01
 0.42411718697226E-01
 0.45379909783837E-01
 0.48526334896935E-01
 0.51789827127635E-01
 0.55097294628605E-01
 0.58379700349218E-01
 0.61577392012241E-01
 0.64648347913291E-01
 0.67565907178394E-01
 0.70316260431098E-01
 0.72894844461825E-01
 0.75304778819328E-01
 0.77553407122798E-01
 0.79650287361961E-01
 0.81605716944208E-01
 0.83430479504823E-01
 0.85134642581247E-01
 0.86728213218337E-01
 0.88219460558217E-01
 0.89616324177517E-01
 0.90926628434637E-01
 0.92157499495254E-01
 0.93314312603058E-01
 0.94402596574454E-01
 0.95426749705625E-01
 0.96391837340304E-01
 0.97301260378061E-01
 0.98159109083509E-01
 0.98968309776756E-01
 0.99731854311821E-01
 0.10045235836133E+00
 0.10113243000567E+00
 0.10177453523276E+00
 0.10238040737572E+00
 0.10295192158464E+00
 0.10349188311888E+00
 0.10400067143687E+00
 0.10448065402809E+00
 0.10493299527244E+00
 0.10535866044375E+00
 0.10575989042484E+00
 0.10613683228831E+00
 0.10649138648906E+00
 0.10682406413801E+00
 0.10713624057686E+00
 0.10742858247763E+00
 0.10770213742167E+00
 0.10795735035970E+00
 0.10819554115815E+00
 0.10841701823228E+00
 0.10862277339655E+00
 0.10881321170778E+00
 0.10898893272265E+00
 0.10915105488154E+00
 0.10929964168033E+00
 0.10943531802709E+00
 0.10955879119919E+00
 0.10967020449437E+00
 0.10977043692286E+00
 0.10985962491091E+00
 0.10993828932433E+00
 0.11000682989251E+00
 0.11006579859985E+00
 0.11011520854258E+00
 0.11015574308567E+00
 0.11018760852778E+00
 0.11021105096732E+00
 0.11022658996719E+00
 0.11023432036479E+00
 0.11023462542327E+00
 0.11022777436546E+00
 0.11021405542258E+00
 0.11019364288052E+00
 0.11016681065086E+00
 0.11013384715989E+00
 0.11009483356042E+00
 0.11005018707561E+00
 0.10999995769727E+00
 0.10994442072175E+00
 0.10988377656277E+00
 0.10981810330226E+00
 0.10974771173074E+00
 0.10967267938411E+00
 0.10959322641077E+00
 0.10950948551285E+00
 0.10942162731393E+00
 0.10932979004359E+00
 0.10923409233443E+00
 0.10913471459364E+00
 0.10903177029631E+00
 0.10892536846792E+00
 0.10881566051932E+00
 0.10870276829492E+00
 0.10858677565001E+00
 0.10846782312960E+00
 0.10834600677354E+00
 0.10822143439791E+00
 0.10809420971553E+00
 0.10796441264375E+00
 0.10783216322859E+00
 0.10769752953309E+00
 0.10756061938731E+00
 0.10742150212022E+00
 0.10728027188824E+00
 0.10713699699335E+00
 0.10699176909853E+00
 0.10684463390277E+00
 0.10669569954563E+00
 0.10654503608962E+00
 0.10639266830841E+00
 0.10623870254304E+00
 0.10608318154605E+00
 0.10592617550562E+00
 0.10576776143738E+00
 0.10560798683015E+00
 0.10544688854895E+00
 0.10528452417592E+00
 0.10512097704855E+00
 0.10495625223972E+00
 0.10479044867264E+00
 0.10462355790011E+00
 0.10445569522567E+00
 0.10428684220466E+00
 0.10411707764187E+00
 0.10394644264777E+00
 0.10377497561231E+00
 0.10360271361645E+00
 0.10342969297520E+00
 0.10325594492751E+00
 0.10308152403320E+00
 0.10290645481010E+00
 0.10273078449615E+00
 0.10255453737052E+00
 0.10237771126401E+00
 0.10220039968136E+00
 0.10202259467049E+00
 0.10184432205600E+00
